version https://git-lfs.github.com/spec/v1
oid sha256:37a78848216357e4aab9c9ea4140d23a7020e3a72878a31e735f2d0dbff5e888
size 9701095
