# mlc_poller v1
# poll_hz = 50
# duration_sec = 1203
t_monotonic_s, mlc_src
1347230.438873, 0
1347230.459403, 0
1347230.480000, 0
1347230.500593, 0
1347230.521082, 0
1347230.541551, 0
1347230.562042, 0
1347230.582511, 0
1347230.602984, 0
1347230.623483, 0
1347230.643947, 0
1347230.664414, 0
1347230.684873, 0
1347230.705329, 0
1347230.725790, 0
1347230.746249, 0
1347230.766706, 0
1347230.787165, 0
1347230.807630, 0
1347230.828091, 0
1347230.848551, 0
1347230.869009, 0
1347230.889473, 0
1347230.909936, 0
1347230.930398, 0
1347230.950870, 0
1347230.971385, 0
1347230.991851, 0
1347231.012322, 0
1347231.032787, 0
1347231.053250, 0
1347231.073732, 0
1347231.094272, 0
1347231.114848, 0
1347231.135443, 0
1347231.155986, 0
1347231.176552, 0
1347231.197091, 0
1347231.217706, 0
1347231.238297, 0
1347231.258816, 0
1347231.279345, 0
1347231.299850, 0
1347231.320355, 0
1347231.340876, 0
1347231.361372, 0
1347231.381840, 0
1347231.402298, 0
1347231.422759, 0
1347231.443216, 0
1347231.463686, 4
1347231.484221, 4
1347231.504727, 4
1347231.525193, 4
1347231.545656, 4
1347231.566113, 4
1347231.586573, 4
1347231.607072, 4
1347231.627582, 4
1347231.648142, 4
1347231.668785, 4
1347231.689300, 4
1347231.709795, 4
1347231.730331, 4
1347231.838344, 4
1347231.858858, 4
1347231.879331, 4
1347231.899796, 4
1347231.920270, 4
1347231.940733, 4
1347231.961194, 4
1347231.981865, 4
1347232.002327, 4
1347232.022794, 4
1347232.043257, 4
1347232.063719, 4
1347232.084190, 4
1347232.104651, 4
1347232.125112, 4
1347232.145573, 4
1347232.166033, 4
1347232.186493, 4
1347232.206953, 4
1347232.227413, 4
1347232.247873, 4
1347232.268334, 4
1347232.288794, 4
1347232.309254, 4
1347232.329715, 4
1347232.350175, 4
1347232.370635, 4
1347232.391096, 4
1347232.411559, 4
1347232.432006, 4
1347232.452470, 4
1347232.472930, 4
1347232.493390, 4
1347232.514073, 4
1347232.534533, 4
1347232.554992, 4
1347232.575451, 4
1347232.595912, 4
1347232.616374, 4
1347232.636833, 4
1347232.657298, 4
1347232.677793, 4
1347232.698291, 4
1347232.718760, 4
1347232.739223, 4
1347232.759690, 4
1347232.780204, 4
1347232.800687, 4
1347232.821154, 4
1347232.841616, 4
1347232.862080, 4
1347232.882540, 4
1347232.903001, 4
1347232.923462, 4
1347232.943928, 4
1347232.964389, 4
1347232.985013, 4
1347233.005474, 4
1347233.025936, 4
1347233.046402, 4
1347233.066866, 4
1347233.087327, 4
1347233.107787, 4
1347233.128249, 4
1347233.148713, 4
1347233.169174, 4
1347233.189634, 4
1347233.210095, 4
1347233.230561, 4
1347233.251023, 4
1347233.271484, 4
1347233.291945, 4
1347233.312406, 4
1347233.332868, 4
1347233.353331, 4
1347233.373792, 4
1347233.394253, 4
1347233.414719, 4
1347233.435226, 4
1347233.455897, 4
1347233.476371, 4
1347233.496836, 4
1347233.517297, 4
1347233.537758, 4
1347233.558224, 4
1347233.578686, 4
1347233.599147, 4
1347233.619607, 4
1347233.640076, 4
1347233.660543, 4
1347233.691426, 4
1347233.711926, 4
1347233.732397, 4
1347233.752867, 4
1347233.773349, 4
1347233.793814, 4
1347233.814279, 4
1347233.834742, 4
1347233.855206, 4
1347233.875672, 4
1347233.896134, 4
1347233.916597, 4
1347233.937059, 4
1347233.957520, 4
1347233.977986, 4
1347233.998446, 4
1347234.018907, 4
1347234.039372, 4
1347234.059832, 4
1347234.080298, 4
1347234.100892, 4
1347234.121359, 4
1347234.141851, 4
1347234.162319, 4
1347234.182786, 4
1347234.203248, 4
1347234.223711, 4
1347234.244180, 4
1347234.264641, 4
1347234.285107, 4
1347234.305567, 4
1347234.326029, 4
1347234.346490, 4
1347234.366951, 4
1347234.387418, 4
1347234.407880, 4
1347234.428349, 4
1347234.448813, 4
1347234.469276, 4
1347234.489739, 4
1347234.510201, 4
1347234.530662, 4
1347234.551123, 4
1347234.571717, 4
1347234.592190, 4
1347234.612651, 4
1347234.633113, 4
1347234.653575, 4
1347234.674036, 4
1347234.694505, 4
1347234.715017, 4
1347234.735522, 4
1347234.755994, 4
1347234.776465, 4
1347234.796930, 4
1347234.817392, 4
1347234.837853, 4
1347234.858315, 4
1347234.878777, 4
1347234.899239, 4
1347234.919705, 4
1347234.940168, 4
1347234.960629, 4
1347234.981348, 4
1347235.001809, 4
1347235.022273, 4
1347235.042736, 4
1347235.063197, 4
1347235.083659, 4
1347235.104122, 4
1347235.124605, 4
1347235.145068, 4
1347235.165530, 4
1347235.185991, 4
1347235.206452, 4
1347235.226917, 4
1347235.247378, 4
1347235.267840, 4
1347235.288301, 4
1347235.308761, 4
1347235.329227, 4
1347235.349689, 4
1347235.370150, 4
1347235.390613, 4
1347235.411075, 4
1347235.431539, 4
1347235.452201, 4
1347235.472662, 4
1347235.493122, 4
1347235.513582, 4
1347235.534045, 4
1347235.554505, 4
1347235.574971, 4
1347235.595434, 4
1347235.615894, 4
1347235.636362, 4
1347235.656823, 4
1347235.677283, 4
1347235.697743, 4
1347235.718210, 4
1347235.738704, 4
1347235.759175, 4
1347235.779669, 4
1347235.800141, 4
1347235.820604, 4
1347235.841069, 4
1347235.861812, 4
1347235.882273, 4
1347235.902734, 4
1347235.923195, 4
1347235.943657, 4
1347235.964118, 4
1347235.984579, 4
1347236.005040, 4
1347236.025501, 4
1347236.045965, 4
1347236.066427, 4
1347236.086888, 4
1347236.107348, 4
1347236.127811, 4
1347236.148277, 4
1347236.168737, 4
1347236.189197, 4
1347236.209658, 4
1347236.230118, 4
1347236.250578, 4
1347236.271043, 4
1347236.291504, 4
1347236.311965, 4
1347236.332644, 4
1347236.353104, 4
1347236.373567, 4
1347236.394028, 4
1347236.414493, 4
1347236.434954, 4
1347236.455414, 4
1347236.475878, 4
1347236.496347, 4
1347236.516810, 4
1347236.537269, 4
1347236.557729, 4
1347236.578192, 4
1347236.598654, 4
1347236.619115, 4
1347236.639575, 4
1347236.660006, 4
1347236.680479, 4
1347236.700939, 4
1347236.721400, 4
1347236.741866, 4
1347236.762367, 4
1347236.782842, 4
1347236.803480, 4
1347236.823944, 4
1347236.844407, 4
1347236.864868, 4
1347236.885331, 4
1347236.905792, 4
1347236.926254, 4
1347236.946715, 4
1347236.967178, 4
1347236.987643, 4
1347237.008111, 4
1347237.028597, 4
1347237.049064, 4
1347237.069527, 4
1347237.090001, 4
1347237.110465, 4
1347237.130927, 4
1347237.151392, 4
1347237.171853, 4
1347237.192318, 4
1347237.212782, 4
1347237.233242, 4
1347237.253703, 4
1347237.274325, 4
1347237.294786, 4
1347237.315251, 4
1347237.335714, 4
1347237.356184, 4
1347237.376646, 4
1347237.397107, 4
1347237.417570, 4
1347237.438031, 4
1347237.458492, 4
1347237.478952, 4
1347237.499412, 4
1347237.519876, 4
1347237.540344, 4
1347237.560805, 4
1347237.581265, 4
1347237.601726, 4
1347237.622194, 4
1347237.642655, 4
1347237.663115, 4
1347237.683576, 4
1347237.704006, 4
1347237.724470, 4
1347237.745196, 4
1347237.765667, 4
1347237.786158, 4
1347237.806627, 4
1347237.827093, 4
1347237.847557, 4
1347237.868007, 4
1347237.888468, 4
1347237.908929, 4
1347237.929393, 4
1347237.949857, 4
1347237.970317, 4
1347237.990778, 4
1347238.011238, 4
1347238.031702, 4
1347238.052164, 4
1347238.072626, 4
1347238.093090, 4
1347238.113551, 4
1347238.134015, 4
1347238.154477, 4
1347238.174942, 4
1347238.195403, 4
1347238.215864, 4
1347238.236330, 4
1347238.256791, 4
1347238.277426, 4
1347238.297886, 4
1347238.318346, 4
1347238.338808, 4
1347238.359269, 4
1347238.379732, 4
1347238.400197, 4
1347238.420658, 4
1347238.441122, 4
1347238.461584, 4
1347238.482043, 4
1347238.502503, 4
1347238.522964, 4
1347238.543424, 4
1347238.563887, 4
1347238.584356, 4
1347238.604816, 4
1347238.625277, 4
1347238.645737, 4
1347238.666508, 4
1347238.687216, 4
1347238.707675, 4
1347238.728136, 4
1347238.748597, 4
1347238.769063, 4
1347238.789525, 4
1347238.810020, 4
1347238.830515, 4
1347238.850983, 4
1347238.871449, 4
1347238.891911, 4
1347238.912374, 4
1347238.932836, 4
1347238.953296, 4
1347238.973762, 4
1347238.994222, 4
1347239.014684, 4
1347239.035148, 4
1347239.055611, 4
1347239.076080, 4
1347239.096551, 4
1347239.117012, 4
1347239.137472, 4
1347239.157934, 4
1347239.178397, 4
1347239.198860, 4
1347239.219511, 4
1347239.239980, 4
1347239.260442, 4
1347239.280906, 4
1347239.301368, 4
1347239.321828, 4
1347239.342290, 4
1347239.362751, 4
1347239.383215, 4
1347239.403676, 4
1347239.424138, 4
1347239.444598, 4
1347239.465060, 4
1347239.485525, 4
1347239.505987, 4
1347239.526450, 4
1347239.546911, 4
1347239.567374, 4
1347239.587837, 4
1347239.608300, 4
1347239.628764, 4
1347239.649225, 4
1347239.669687, 4
1347239.690437, 4
1347239.710896, 4
1347239.731357, 4
1347239.751817, 4
1347239.772300, 4
1347239.792765, 4
1347239.813232, 4
1347239.833727, 4
1347239.854202, 4
1347239.874669, 4
1347239.895131, 4
1347239.915598, 4
1347239.936097, 4
1347239.956593, 4
1347239.977062, 4
1347239.997529, 4
1347240.017999, 4
1347240.038463, 4
1347240.058930, 4
1347240.079419, 4
1347240.100152, 4
1347240.120620, 4
1347240.141083, 4
1347240.161553, 4
1347240.182020, 4
1347240.202482, 4
1347240.222949, 4
1347240.243410, 4
1347240.263871, 4
1347240.284334, 4
1347240.304799, 4
1347240.325287, 4
1347240.345761, 4
1347240.366226, 4
1347240.386687, 4
1347240.407149, 4
1347240.427618, 4
1347240.448127, 4
1347240.468600, 4
1347240.489063, 4
1347240.509528, 4
1347240.529995, 4
1347240.550459, 4
1347240.571105, 4
1347240.591582, 4
1347240.612009, 4
1347240.632472, 4
1347240.652933, 4
1347240.673394, 4
1347240.693866, 4
1347240.714330, 4
1347240.734791, 4
1347240.755252, 4
1347240.775713, 4
1347240.796184, 4
1347240.816682, 4
1347240.837158, 4
1347240.857688, 4
1347240.878174, 4
1347240.898642, 4
1347240.919106, 4
1347240.939572, 4
1347240.960082, 4
1347240.980809, 4
1347241.001281, 4
1347241.021745, 4
1347241.042209, 4
1347241.062695, 4
1347241.083159, 4
1347241.103623, 4
1347241.124086, 4
1347241.144548, 4
1347241.165012, 4
1347241.185475, 4
1347241.205937, 4
1347241.226398, 4
1347241.246864, 4
1347241.267327, 4
1347241.287791, 4
1347241.308309, 4
1347241.328778, 4
1347241.349240, 4
1347241.369704, 4
1347241.390167, 4
1347241.410628, 4
1347241.431089, 4
1347241.451690, 4
1347241.472156, 4
1347241.492617, 4
1347241.513077, 4
1347241.533543, 4
1347241.554041, 4
1347241.574518, 4
1347241.594986, 4
1347241.615448, 4
1347241.635909, 4
1347241.656371, 4
1347241.676832, 4
1347241.697296, 4
1347241.717757, 4
1347241.738218, 4
1347241.758679, 4
1347241.779142, 4
1347241.799629, 4
1347241.820102, 4
1347241.840566, 4
1347241.861047, 4
1347241.881575, 4
1347241.902065, 4
1347241.922629, 4
1347241.943096, 4
1347241.963561, 4
1347241.984006, 4
1347242.004470, 4
1347242.024933, 4
1347242.045396, 4
1347242.065859, 4
1347242.086323, 4
1347242.106787, 4
1347242.127249, 4
1347242.147713, 4
1347242.168182, 4
1347242.188644, 4
1347242.209109, 4
1347242.229570, 4
1347242.250033, 4
1347242.270497, 4
1347242.290958, 4
1347242.311419, 4
1347242.331885, 4
1347242.352351, 4
1347242.372811, 4
1347242.393564, 4
1347242.414032, 4
1347242.434496, 4
1347242.454959, 4
1347242.475421, 4
1347242.495884, 4
1347242.516351, 4
1347242.536812, 4
1347242.557272, 4
1347242.577732, 4
1347242.598193, 4
1347242.618656, 4
1347242.639116, 4
1347242.659576, 4
1347242.680005, 4
1347242.700465, 4
1347242.720926, 4
1347242.741391, 4
1347242.761855, 4
1347242.782324, 4
1347242.802788, 4
1347242.823251, 4
1347242.843716, 4
1347242.864461, 4
1347242.884927, 4
1347242.905422, 4
1347242.925889, 4
1347242.946353, 4
1347242.966818, 4
1347242.987282, 4
1347243.007753, 4
1347243.028242, 4
1347243.048714, 4
1347243.069183, 4
1347243.089650, 4
1347243.110113, 4
1347243.130577, 4
1347243.151041, 4
1347243.171503, 4
1347243.191965, 4
1347243.212434, 4
1347243.232897, 4
1347243.253364, 4
1347243.273860, 4
1347243.294334, 4
1347243.314801, 4
1347243.335359, 4
1347243.355821, 4
1347243.376286, 4
1347243.396748, 4
1347243.417217, 4
1347243.437679, 4
1347243.458144, 4
1347243.478606, 4
1347243.499071, 4
1347243.519567, 4
1347243.540006, 4
1347243.560477, 4
1347243.580941, 4
1347243.601402, 4
1347243.621865, 4
1347243.642327, 4
1347243.662790, 4
1347243.683256, 4
1347243.703721, 4
1347243.724191, 4
1347243.744656, 4
1347243.765143, 4
1347243.785624, 4
1347243.806257, 4
1347243.826722, 4
1347243.847189, 4
1347243.867680, 4
1347243.888150, 4
1347243.908625, 4
1347243.929134, 4
1347243.949615, 4
1347243.970087, 4
1347243.990553, 4
1347244.011039, 4
1347244.031523, 4
1347244.051990, 4
1347244.072464, 4
1347244.092928, 4
1347244.113391, 4
1347244.133853, 4
1347244.154318, 4
1347244.174780, 4
1347244.195241, 4
1347244.215947, 4
1347244.236454, 4
1347244.256930, 4
1347244.277399, 4
1347244.297862, 4
1347244.318326, 4
1347244.338789, 4
1347244.359251, 4
1347244.379713, 4
1347244.400184, 4
1347244.420650, 4
1347244.441132, 4
1347244.461602, 4
1347244.482074, 4
1347244.502576, 4
1347244.523045, 4
1347244.543508, 4
1347244.563973, 4
1347244.584438, 4
1347244.604899, 4
1347244.625623, 4
1347244.646085, 4
1347244.666548, 4
1347244.687012, 4
1347244.707481, 4
1347244.727947, 4
1347244.748439, 4
1347244.768906, 4
1347244.789372, 4
1347244.809837, 4
1347244.830300, 4
1347244.850762, 4
1347244.871224, 4
1347244.891688, 4
1347244.912157, 4
1347244.932665, 4
1347244.953165, 4
1347244.973654, 4
1347244.994141, 4
1347245.014606, 4
1347245.035325, 4
1347245.055787, 4
1347245.076251, 4
1347245.096712, 4
1347245.117176, 4
1347245.137639, 4
1347245.158104, 4
1347245.178567, 4
1347245.199033, 4
1347245.219526, 4
1347245.240005, 4
1347245.260480, 4
1347245.280944, 4
1347245.301406, 4
1347245.321871, 4
1347245.342335, 4
1347245.362796, 4
1347245.383262, 4
1347245.403726, 4
1347245.424197, 4
1347245.444667, 4
1347245.465149, 4
1347245.485627, 4
1347245.506232, 4
1347245.526696, 4
1347245.547159, 4
1347245.567626, 4
1347245.588092, 4
1347245.608556, 4
1347245.629018, 4
1347245.649481, 4
1347245.669945, 4
1347245.690413, 4
1347245.710889, 4
1347245.731387, 4
1347245.751857, 4
1347245.772347, 4
1347245.792826, 4
1347245.813299, 4
1347245.833769, 4
1347245.854269, 4
1347245.874741, 4
1347245.895207, 4
1347245.915894, 4
1347245.936379, 4
1347245.956865, 4
1347245.977355, 4
1347245.997822, 4
1347246.018286, 4
1347246.038749, 4
1347246.059210, 4
1347246.079672, 4
1347246.100137, 4
1347246.120602, 4
1347246.141066, 4
1347246.161530, 4
1347246.181998, 4
1347246.202481, 4
1347246.222951, 4
1347246.243416, 4
1347246.263891, 4
1347246.284363, 4
1347246.304830, 4
1347246.325294, 4
1347246.345757, 4
1347246.366220, 4
1347246.386819, 4
1347246.407284, 4
1347246.427750, 4
1347246.448223, 4
1347246.468704, 4
1347246.489178, 4
1347246.509643, 4
1347246.530106, 4
1347246.550567, 4
1347246.571028, 4
1347246.591492, 4
1347246.611956, 4
1347246.632418, 4
1347246.652880, 4
1347246.673345, 4
1347246.693823, 4
1347246.714305, 4
1347246.734772, 4
1347246.755234, 4
1347246.775698, 4
1347246.796163, 4
1347246.816626, 4
1347246.837089, 4
1347246.857742, 4
1347246.878204, 4
1347246.898667, 4
1347246.919132, 4
1347246.939611, 4
1347246.960086, 4
1347246.980555, 4
1347247.001056, 4
1347247.021534, 4
1347247.042034, 4
1347247.062504, 4
1347247.082973, 4
1347247.103438, 4
1347247.123901, 4
1347247.144371, 4
1347247.164839, 4
1347247.185338, 4
1347247.205821, 4
1347247.226289, 4
1347247.246758, 4
1347247.267442, 4
1347247.287907, 4
1347247.308372, 4
1347247.328835, 4
1347247.349297, 4
1347247.369759, 4
1347247.390222, 4
1347247.410689, 4
1347247.431167, 4
1347247.451639, 4
1347247.472105, 4
1347247.492569, 4
1347247.513031, 4
1347247.533492, 4
1347247.553957, 4
1347247.574425, 4
1347247.594889, 4
1347247.615354, 4
1347247.635815, 4
1347247.656286, 4
1347247.676763, 4
1347247.697244, 4
1347247.717711, 4
1347247.738339, 4
1347247.758806, 4
1347247.779282, 4
1347247.799753, 4
1347247.820219, 4
1347247.840686, 4
1347247.861177, 4
1347247.881644, 4
1347247.902114, 4
1347247.922613, 4
1347247.943104, 4
1347247.963575, 4
1347247.984006, 4
1347248.004478, 4
1347248.024968, 4
1347248.045436, 4
1347248.065901, 4
1347248.086372, 4
1347248.106836, 4
1347248.127299, 4
1347248.148014, 4
1347248.168514, 4
1347248.189007, 4
1347248.209481, 4
1347248.229947, 4
1347248.250412, 4
1347248.270873, 4
1347248.291339, 4
1347248.311802, 4
1347248.332270, 4
1347248.352734, 4
1347248.373195, 4
1347248.393663, 4
1347248.414158, 4
1347248.434646, 4
1347248.455116, 4
1347248.475581, 4
1347248.496004, 4
1347248.516467, 4
1347248.536928, 4
1347248.557678, 4
1347248.578139, 4
1347248.598601, 4
1347248.619063, 4
1347248.639529, 4
1347248.660011, 4
1347248.680495, 4
1347248.700963, 4
1347248.721426, 4
1347248.741886, 4
1347248.762346, 4
1347248.782807, 4
1347248.803270, 4
1347248.823734, 4
1347248.844199, 4
1347248.864661, 4
1347248.885125, 4
1347248.905620, 4
1347248.926103, 4
1347248.946589, 4
1347248.967067, 4
1347248.987530, 4
1347249.007992, 4
1347249.028610, 4
1347249.049101, 4
1347249.069570, 4
1347249.090038, 4
1347249.110523, 4
1347249.130993, 4
1347249.151474, 4
1347249.171949, 4
1347249.192416, 4
1347249.212880, 4
1347249.233343, 4
1347249.253811, 4
1347249.274276, 4
1347249.294738, 4
1347249.315201, 4
1347249.335666, 4
1347249.356128, 4
1347249.376596, 4
1347249.397078, 4
1347249.417570, 4
1347249.438268, 4
1347249.458736, 4
1347249.479200, 4
1347249.499664, 4
1347249.520129, 4
1347249.540589, 4
1347249.561051, 4
1347249.581514, 4
1347249.601979, 4
1347249.622446, 4
1347249.642922, 4
1347249.663401, 4
1347249.683872, 4
1347249.704337, 4
1347249.724802, 4
1347249.745267, 4
1347249.765734, 4
1347249.786212, 4
1347249.806680, 4
1347249.827143, 4
1347249.847903, 4
1347249.868397, 4
1347249.888876, 4
1347249.909366, 4
1347249.929856, 4
1347249.950337, 4
1347249.970805, 4
1347249.991269, 4
1347250.011733, 4
1347250.032197, 4
1347250.052668, 4
1347250.073169, 4
1347250.093639, 4
1347250.114109, 4
1347250.134584, 4
1347250.155047, 4
1347250.175513, 4
1347250.195979, 4
1347250.216445, 4
1347250.236909, 4
1347250.257520, 4
1347250.277984, 4
1347250.298448, 4
1347250.318910, 4
1347250.339375, 4
1347250.359840, 4
1347250.380331, 4
1347250.400803, 4
1347250.421278, 4
1347250.441743, 4
1347250.462207, 4
1347250.482672, 4
1347250.503136, 4
1347250.523598, 4
1347250.544076, 4
1347250.564539, 4
1347250.585001, 4
1347250.605475, 4
1347250.625963, 4
1347250.646433, 4
1347250.667192, 4
1347250.687654, 4
1347250.708116, 4
1347250.728580, 4
1347250.749041, 4
1347250.769504, 4
1347250.789969, 4
1347250.810431, 4
1347250.830896, 4
1347250.851363, 4
1347250.871859, 4
1347250.892329, 4
1347250.912796, 4
1347250.933276, 4
1347250.953762, 4
1347250.974231, 4
1347250.994696, 4
1347251.015169, 4
1347251.035667, 4
1347251.056140, 4
1347251.076839, 4
1347251.097332, 4
1347251.117800, 4
1347251.138266, 4
1347251.158727, 4
1347251.179189, 4
1347251.199653, 4
1347251.220114, 4
1347251.240576, 4
1347251.261039, 4
1347251.281499, 4
1347251.301959, 4
1347251.322419, 4
1347251.342881, 4
1347251.363341, 4
1347251.383802, 4
1347251.404272, 4
1347251.424737, 4
1347251.445201, 4
1347251.465661, 4
1347251.486123, 4
1347251.506583, 4
1347251.527042, 4
1347251.547775, 4
1347251.568238, 4
1347251.588698, 4
1347251.609158, 4
1347251.629617, 4
1347251.650079, 4
1347251.670539, 4
1347251.690999, 4
1347251.711458, 4
1347251.731917, 4
1347251.752419, 4
1347251.772897, 4
1347251.793398, 4
1347251.813870, 4
1347251.834343, 4
1347251.854829, 4
1347251.875295, 4
1347251.895761, 4
1347251.916231, 4
1347251.936709, 4
1347251.957468, 4
1347251.977938, 4
1347251.998402, 4
1347252.018867, 4
1347252.039343, 4
1347252.059812, 4
1347252.080284, 4
1347252.100762, 4
1347252.121247, 4
1347252.141716, 4
1347252.162179, 4
1347252.182645, 4
1347252.203109, 4
1347252.223573, 4
1347252.244005, 4
1347252.264469, 4
1347252.284931, 4
1347252.305402, 4
1347252.325867, 4
1347252.346361, 4
1347252.367126, 4
1347252.387605, 4
1347252.408098, 4
1347252.428566, 4
1347252.449033, 4
1347252.469498, 4
1347252.489963, 4
1347252.510426, 4
1347252.530888, 4
1347252.551352, 4
1347252.571817, 4
1347252.592310, 4
1347252.612779, 4
1347252.633242, 4
1347252.653705, 4
1347252.674167, 4
1347252.694629, 4
1347252.715092, 4
1347252.735557, 4
1347252.756004, 4
1347252.776479, 4
1347252.796941, 4
1347252.817405, 4
1347252.838016, 4
1347252.858484, 4
1347252.878948, 4
1347252.899412, 4
1347252.919879, 4
1347252.940377, 4
1347252.960842, 4
1347252.981305, 4
1347253.001767, 4
1347253.022232, 4
1347253.042695, 4
1347253.063158, 4
1347253.083653, 4
1347253.104120, 4
1347253.124590, 4
1347253.145082, 4
1347253.165550, 4
1347253.186027, 4
1347253.206490, 4
1347253.226953, 4
1347253.247419, 4
1347253.267882, 4
1347253.288351, 4
1347253.308949, 4
1347253.329440, 4
1347253.349912, 4
1347253.370380, 4
1347253.390843, 4
1347253.411304, 4
1347253.431767, 4
1347253.452232, 4
1347253.472696, 4
1347253.493159, 4
1347253.513621, 4
1347253.534083, 4
1347253.554547, 4
1347253.575042, 4
1347253.595521, 4
1347253.615987, 4
1347253.636460, 4
1347253.656932, 4
1347253.679212, 4
1347253.699799, 4
1347253.720270, 4
1347253.740732, 4
1347253.761219, 4
1347253.781723, 4
1347253.802197, 4
1347253.822696, 4
1347253.843176, 4
1347253.863665, 4
1347253.884141, 4
1347253.904608, 4
1347253.925074, 4
1347253.945563, 4
1347253.966030, 4
1347253.986496, 4
1347254.006961, 4
1347254.027423, 4
1347254.047887, 4
1347254.068391, 4
1347254.088858, 4
1347254.109499, 4
1347254.129961, 4
1347254.150426, 4
1347254.170919, 4
1347254.191396, 4
1347254.211868, 4
1347254.232336, 4
1347254.252801, 4
1347254.273265, 4
1347254.293732, 4
1347254.314218, 4
1347254.334688, 4
1347254.355154, 4
1347254.375618, 4
1347254.396091, 4
1347254.416553, 4
1347254.437018, 4
1347254.457493, 4
1347254.477957, 4
1347254.498421, 4
1347254.518889, 4
1347254.539353, 4
1347254.559848, 4
1347254.580424, 4
1347254.600888, 4
1347254.621350, 4
1347254.641812, 4
1347254.662274, 4
1347254.682734, 4
1347254.703197, 4
1347254.723662, 4
1347254.744124, 4
1347254.764586, 4
1347254.785050, 4
1347254.805541, 4
1347254.826006, 4
1347254.846472, 4
1347254.866935, 4
1347254.887399, 4
1347254.907862, 4
1347254.928328, 4
1347254.948806, 4
1347254.969272, 4
1347254.989737, 4
1347255.010205, 4
1347255.030700, 4
1347255.051335, 4
1347255.071800, 4
1347255.092269, 4
1347255.112730, 4
1347255.133191, 4
1347255.153651, 4
1347255.174118, 4
1347255.194610, 4
1347255.215080, 4
1347255.235548, 4
1347255.256006, 4
1347255.276470, 4
1347255.296956, 4
1347255.317429, 4
1347255.337910, 4
1347255.358376, 4
1347255.378841, 4
1347255.399306, 4
1347255.419770, 4
1347255.440232, 4
1347255.460976, 4
1347255.481439, 4
1347255.501903, 4
1347255.522367, 4
1347255.542828, 4
1347255.563290, 4
1347255.583755, 4
1347255.604219, 4
1347255.624684, 4
1347255.645151, 4
1347255.665614, 4
1347255.686077, 4
1347255.706537, 4
1347255.727000, 4
1347255.747463, 4
1347255.767929, 4
1347255.788408, 4
1347255.808876, 4
1347255.829340, 4
1347255.849806, 4
1347255.870294, 4
1347255.890772, 4
1347255.911239, 4
1347255.931863, 4
1347255.952330, 4
1347255.972792, 4
1347255.993255, 4
1347256.013722, 4
1347256.034205, 4
1347256.054683, 4
1347256.075152, 4
1347256.095616, 4
1347256.116085, 4
1347256.136548, 4
1347256.157011, 4
1347256.177473, 4
1347256.197938, 4
1347256.218439, 4
1347256.238915, 4
1347256.259399, 4
1347256.279867, 4
1347256.300331, 4
1347256.320794, 4
1347256.341536, 4
1347256.361999, 4
1347256.382470, 4
1347256.402955, 4
1347256.423430, 4
1347256.443936, 4
1347256.464406, 4
1347256.484872, 4
1347256.505336, 4
1347256.525799, 4
1347256.546260, 4
1347256.566725, 4
1347256.587187, 4
1347256.607648, 4
1347256.628112, 4
1347256.648575, 4
1347256.669037, 4
1347256.689499, 4
1347256.709960, 4
1347256.730420, 4
1347256.750886, 4
1347256.771347, 4
1347256.791810, 4
1347256.812407, 4
1347256.832869, 4
1347256.853331, 4
1347256.873793, 4
1347256.894254, 4
1347256.914716, 4
1347256.935180, 4
1347256.955645, 4
1347256.976108, 4
1347256.996570, 4
1347257.017033, 4
1347257.037520, 4
1347257.057987, 4
1347257.078450, 4
1347257.098913, 4
1347257.119376, 4
1347257.139840, 4
1347257.160309, 4
1347257.180772, 4
1347257.201235, 4
1347257.221700, 4
1347257.242272, 4
1347257.262756, 4
1347257.283302, 4
1347257.303772, 4
1347257.324238, 4
1347257.344701, 4
1347257.365164, 4
1347257.385627, 4
1347257.406090, 4
1347257.426555, 4
1347257.447019, 4
1347257.467482, 4
1347257.487943, 4
1347257.508407, 4
1347257.528869, 4
1347257.549334, 4
1347257.569798, 4
1347257.590259, 4
1347257.610720, 4
1347257.631195, 4
1347257.651661, 4
1347257.672132, 4
1347257.692601, 4
1347257.713063, 4
1347257.733527, 4
1347257.754204, 4
1347257.774671, 4
1347257.795158, 4
1347257.815628, 4
1347257.836097, 4
1347257.856567, 4
1347257.877058, 4
1347257.897530, 4
1347257.917995, 4
1347257.938457, 4
1347257.958918, 4
1347257.979379, 4
1347257.999840, 4
1347258.020305, 4
1347258.040777, 4
1347258.061238, 4
1347258.081699, 4
1347258.102160, 4
1347258.122621, 4
1347258.143081, 4
1347258.163542, 4
1347258.184005, 4
1347258.204466, 4
1347258.225109, 4
1347258.245576, 4
1347258.266072, 4
1347258.286543, 4
1347258.307009, 4
1347258.327471, 4
1347258.347935, 4
1347258.368404, 4
1347258.388888, 4
1347258.409355, 4
1347258.429843, 4
1347258.450312, 4
1347258.470778, 4
1347258.491243, 4
1347258.511706, 4
1347258.532176, 4
1347258.552640, 4
1347258.573107, 4
1347258.593569, 4
1347258.614033, 4
1347258.634495, 4
1347258.654957, 4
1347258.675418, 4
1347258.696006, 4
1347258.716466, 4
1347258.736927, 4
1347258.757388, 4
1347258.777848, 4
1347258.798308, 4
1347258.818769, 4
1347258.839232, 4
1347258.859694, 4
1347258.880155, 4
1347258.900619, 4
1347258.921082, 4
1347258.941545, 4
1347258.962006, 4
1347258.982470, 4
1347259.002934, 4
1347259.023398, 4
1347259.043905, 4
1347259.064379, 4
1347259.084845, 4
1347259.105309, 4
1347259.125770, 4
1347259.146232, 4
1347259.166874, 4
1347259.187335, 4
1347259.207798, 4
1347259.228293, 4
1347259.248766, 4
1347259.269239, 4
1347259.289743, 4
1347259.310231, 4
1347259.330705, 4
1347259.351178, 4
1347259.371646, 4
1347259.392113, 4
1347259.412577, 4
1347259.433044, 4
1347259.453515, 4
1347259.473979, 4
1347259.494444, 4
1347259.514909, 4
1347259.535371, 4
1347259.555832, 4
1347259.576520, 4
1347259.596984, 4
1347259.617447, 4
1347259.637911, 4
1347259.658375, 4
1347259.678841, 4
1347259.699305, 4
1347259.719768, 4
1347259.740232, 4
1347259.760694, 4
1347259.781159, 4
1347259.801657, 4
1347259.822128, 4
1347259.842599, 4
1347259.863089, 4
1347259.883562, 4
1347259.904004, 4
1347259.924471, 4
1347259.944934, 4
1347259.965395, 4
1347259.985859, 4
1347260.006329, 4
1347260.026823, 4
1347260.047436, 4
1347260.067902, 4
1347260.088372, 4
1347260.108837, 4
1347260.129297, 4
1347260.149759, 4
1347260.170220, 4
1347260.190681, 4
1347260.211143, 4
1347260.231607, 4
1347260.252077, 4
1347260.272541, 4
1347260.293008, 4
1347260.313499, 4
1347260.333973, 4
1347260.354439, 4
1347260.374906, 4
1347260.395397, 4
1347260.415869, 4
1347260.436347, 4
1347260.457065, 4
1347260.477528, 4
1347260.497991, 4
1347260.518455, 4
1347260.538919, 4
1347260.559379, 4
1347260.579844, 4
1347260.600309, 4
1347260.620773, 4
1347260.641234, 4
1347260.661696, 4
1347260.682156, 4
1347260.702618, 4
1347260.723078, 4
1347260.743540, 4
1347260.764005, 4
1347260.784467, 4
1347260.804926, 4
1347260.825387, 4
1347260.845848, 4
1347260.866311, 4
1347260.886776, 4
1347260.907237, 4
1347260.927945, 4
1347260.948408, 4
1347260.968872, 4
1347260.989335, 4
1347261.009796, 4
1347261.030257, 4
1347261.050718, 4
1347261.071179, 4
1347261.091642, 4
1347261.112107, 4
1347261.132570, 4
1347261.153034, 4
1347261.173495, 4
1347261.193962, 4
1347261.214423, 4
1347261.234884, 4
1347261.255345, 4
1347261.275809, 4
1347261.296276, 4
1347261.316742, 4
1347261.337229, 4
1347261.357701, 4
1347261.378168, 4
1347261.398790, 4
1347261.419255, 4
1347261.439720, 4
1347261.460194, 4
1347261.480658, 4
1347261.501120, 4
1347261.521582, 4
1347261.542043, 4
1347261.562507, 4
1347261.582968, 4
1347261.603429, 4
1347261.623893, 4
1347261.644358, 4
1347261.664820, 4
1347261.685284, 4
1347261.705747, 4
1347261.726209, 4
1347261.746671, 4
1347261.767135, 4
1347261.787598, 4
1347261.808088, 4
1347261.828559, 4
1347261.849025, 4
1347261.869692, 4
1347261.890160, 4
1347261.910625, 4
1347261.931090, 4
1347261.951554, 4
1347261.972006, 4
1347261.992468, 4
1347262.012930, 4
1347262.033391, 4
1347262.053852, 4
1347262.074313, 4
1347262.094774, 4
1347262.115236, 4
1347262.135696, 4
1347262.156162, 4
1347262.176655, 4
1347262.197121, 4
1347262.217585, 4
1347262.238046, 4
1347262.258509, 4
1347262.278974, 4
1347262.299438, 4
1347262.319903, 4
1347262.340542, 4
1347262.361053, 4
1347262.381531, 4
1347262.402019, 4
1347262.422487, 4
1347262.442955, 4
1347262.463422, 4
1347262.483888, 4
1347262.504359, 4
1347262.524822, 4
1347262.545285, 4
1347262.565750, 4
1347262.586214, 4
1347262.606675, 4
1347262.627143, 4
1347262.647638, 4
1347262.668109, 4
1347262.688583, 4
1347262.709046, 4
1347262.729508, 4
1347262.750197, 4
1347262.770658, 4
1347262.791123, 4
1347262.811588, 4
1347262.832004, 4
1347262.852467, 4
1347262.872931, 4
1347262.893406, 4
1347262.913878, 4
1347262.934369, 4
1347262.954847, 4
1347262.975320, 4
1347262.995786, 4
1347263.016284, 4
1347263.036772, 4
1347263.057240, 4
1347263.077723, 4
1347263.098190, 4
1347263.118659, 4
1347263.139154, 4
1347263.159861, 4
1347263.180326, 4
1347263.200788, 4
1347263.221250, 4
1347263.241712, 4
1347263.262181, 4
1347263.282644, 4
1347263.303108, 4
1347263.323572, 4
1347263.344006, 4
1347263.364475, 4
1347263.384961, 4
1347263.405427, 4
1347263.425890, 4
1347263.446356, 4
1347263.466821, 4
1347263.487284, 4
1347263.507750, 4
1347263.528216, 4
1347263.548677, 4
1347263.569141, 4
1347263.589604, 4
1347263.610069, 4
1347263.630750, 4
1347263.651219, 4
1347263.671684, 4
1347263.692154, 4
1347263.712620, 4
1347263.733081, 4
1347263.753546, 4
1347263.774012, 4
1347263.794494, 4
1347263.814964, 4
1347263.835428, 4
1347263.855895, 4
1347263.876400, 4
1347263.896882, 4
1347263.917355, 4
1347263.937839, 4
1347263.958325, 4
1347263.978804, 4
1347263.999270, 4
1347264.019735, 4
1347264.040432, 4
1347264.060898, 4
1347264.081362, 4
1347264.101829, 4
1347264.122312, 4
1347264.142779, 4
1347264.163242, 4
1347264.183704, 4
1347264.204166, 4
1347264.224629, 4
1347264.245092, 4
1347264.265556, 4
1347264.286020, 4
1347264.306481, 4
1347264.326951, 4
1347264.347433, 4
1347264.367923, 4
1347264.388445, 4
1347264.408946, 4
1347264.429425, 4
1347264.450092, 4
1347264.470554, 4
1347264.491016, 4
1347264.511476, 4
1347264.531935, 4
1347264.552399, 4
1347264.572860, 4
1347264.593319, 4
1347264.613779, 4
1347264.634239, 4
1347264.654698, 4
1347264.675161, 4
1347264.695622, 4
1347264.716084, 4
1347264.736544, 4
1347264.757004, 4
1347264.777469, 4
1347264.797932, 4
1347264.818392, 4
1347264.838852, 4
1347264.859313, 4
1347264.879777, 4
1347264.900238, 4
1347264.920962, 4
1347264.941423, 4
1347264.961884, 4
1347264.982347, 4
1347265.002806, 4
1347265.023267, 4
1347265.043727, 4
1347265.064192, 4
1347265.084654, 4
1347265.105114, 4
1347265.125574, 4
1347265.146034, 4
1347265.166493, 4
1347265.186956, 4
1347265.207415, 4
1347265.227875, 4
1347265.248342, 4
1347265.268808, 4
1347265.289272, 4
1347265.309732, 4
1347265.330194, 4
1347265.350655, 4
1347265.371114, 4
1347265.391849, 4
1347265.412312, 4
1347265.432778, 4
1347265.453240, 4
1347265.473701, 4
1347265.494164, 4
1347265.514624, 4
1347265.535084, 4
1347265.555544, 4
1347265.576007, 4
1347265.596470, 4
1347265.616931, 4
1347265.637391, 4
1347265.657851, 4
1347265.678310, 4
1347265.698777, 4
1347265.719266, 4
1347265.739788, 4
1347265.760278, 4
1347265.780762, 4
1347265.801256, 4
1347265.821724, 4
1347265.842220, 4
1347265.862772, 4
1347265.883238, 4
1347265.903701, 4
1347265.924167, 4
1347265.944660, 4
1347265.965126, 4
1347265.985592, 4
1347266.006055, 4
1347266.026518, 4
1347266.046982, 4
1347266.067449, 4
1347266.087944, 4
1347266.108413, 4
1347266.128880, 4
1347266.149344, 4
1347266.169806, 4
1347266.190267, 4
1347266.210734, 4
1347266.231198, 4
1347266.251662, 4
1347266.272132, 4
1347266.292594, 4
1347266.313064, 4
1347266.333686, 4
1347266.354155, 4
1347266.374625, 4
1347266.395110, 4
1347266.415582, 4
1347266.436005, 4
1347266.456469, 4
1347266.476933, 4
1347266.497397, 4
1347266.517861, 4
1347266.538323, 4
1347266.558787, 4
1347266.579270, 4
1347266.599738, 4
1347266.620216, 4
1347266.640679, 4
1347266.661142, 4
1347266.681614, 4
1347266.702077, 4
1347266.722538, 4
1347266.743003, 4
1347266.763468, 4
1347266.783931, 4
1347266.804554, 4
1347266.825051, 4
1347266.845523, 4
1347266.865989, 4
1347266.886452, 4
1347266.906916, 4
1347266.927381, 4
1347266.947872, 4
1347266.968348, 4
1347266.988814, 4
1347267.009282, 4
1347267.029777, 4
1347267.050247, 4
1347267.070730, 4
1347267.091207, 4
1347267.111673, 4
1347267.132137, 4
1347267.152602, 4
1347267.173065, 4
1347267.193527, 4
1347267.214220, 4
1347267.234683, 4
1347267.255146, 4
1347267.275612, 4
1347267.296081, 4
1347267.316572, 4
1347267.337041, 4
1347267.357507, 4
1347267.377970, 4
1347267.398432, 4
1347267.418894, 4
1347267.439362, 4
1347267.459828, 4
1347267.480293, 4
1347267.500763, 4
1347267.521227, 4
1347267.541692, 4
1347267.562195, 4
1347267.582666, 4
1347267.603134, 4
1347267.623599, 4
1347267.644064, 4
1347267.664529, 4
1347267.685117, 4
1347267.705579, 4
1347267.726041, 4
1347267.746522, 4
1347267.766987, 4
1347267.787454, 4
1347267.807951, 4
1347267.828421, 4
1347267.848889, 4
1347267.869352, 4
1347267.889816, 4
1347267.910284, 4
1347267.930780, 4
1347267.951270, 4
1347267.971740, 4
1347267.992205, 4
1347268.012673, 4
1347268.033149, 4
1347268.053640, 4
1347268.074109, 4
1347268.094799, 4
1347268.115263, 4
1347268.135725, 4
1347268.156190, 4
1347268.176653, 4
1347268.197115, 4
1347268.217577, 4
1347268.238040, 4
1347268.258502, 4
1347268.278968, 4
1347268.299457, 4
1347268.319926, 4
1347268.340392, 4
1347268.360857, 4
1347268.381334, 4
1347268.401819, 4
1347268.422285, 4
1347268.442753, 4
1347268.463218, 4
1347268.483712, 4
1347268.504467, 4
1347268.524931, 4
1347268.545421, 4
1347268.565898, 4
1347268.586366, 4
1347268.606830, 4
1347268.627294, 4
1347268.647758, 4
1347268.668221, 4
1347268.691157, 4
1347268.711650, 4
1347268.732114, 4
1347268.752579, 4
1347268.773059, 4
1347268.793532, 4
1347268.813996, 4
1347268.834464, 4
1347268.854948, 4
1347268.875416, 4
1347268.895882, 4
1347268.916357, 4
1347268.936835, 4
1347268.957312, 4
1347268.977779, 4
1347268.998250, 4
1347269.018747, 4
1347269.039230, 4
1347269.059703, 4
1347269.080174, 4
1347269.100639, 4
1347269.121326, 4
1347269.141789, 4
1347269.162252, 4
1347269.182713, 4
1347269.203176, 4
1347269.223640, 4
1347269.244109, 4
1347269.264593, 4
1347269.285079, 4
1347269.305547, 4
1347269.326010, 4
1347269.346472, 4
1347269.366936, 4
1347269.387398, 4
1347269.407867, 4
1347269.428330, 4
1347269.448795, 4
1347269.469260, 4
1347269.489726, 4
1347269.510197, 4
1347269.530679, 4
1347269.551154, 4
1347269.571618, 4
1347269.592227, 4
1347269.612691, 4
1347269.633155, 4
1347269.653620, 4
1347269.674081, 4
1347269.694542, 4
1347269.715005, 4
1347269.735473, 4
1347269.755960, 4
1347269.776445, 4
1347269.796924, 4
1347269.817398, 4
1347269.837863, 4
1347269.858327, 4
1347269.878791, 4
1347269.899254, 4
1347269.919721, 4
1347269.940211, 4
1347269.960676, 4
1347269.981143, 4
1347270.001912, 4
1347270.022390, 4
1347270.042857, 4
1347270.063321, 4
1347270.083782, 4
1347270.104248, 4
1347270.124710, 4
1347270.145175, 4
1347270.165639, 4
1347270.186102, 4
1347270.206563, 4
1347270.227029, 4
1347270.247501, 4
1347270.267980, 4
1347270.288449, 4
1347270.308912, 4
1347270.329375, 4
1347270.349847, 4
1347270.370314, 4
1347270.390798, 4
1347270.411549, 4
1347270.432006, 4
1347270.452472, 4
1347270.472938, 4
1347270.493420, 4
1347270.513905, 4
1347270.534374, 4
1347270.554837, 4
1347270.575299, 4
1347270.595760, 4
1347270.616225, 4
1347270.636690, 4
1347270.657155, 4
1347270.677618, 4
1347270.698086, 4
1347270.718552, 4
1347270.739043, 4
1347270.759563, 4
1347270.780007, 4
1347270.800477, 4
1347270.821227, 4
1347270.841688, 4
1347270.862150, 4
1347270.882612, 4
1347270.903082, 4
1347270.923545, 4
1347270.944007, 4
1347270.964469, 4
1347270.984930, 4
1347271.005398, 4
1347271.025888, 4
1347271.046354, 4
1347271.066819, 4
1347271.087281, 4
1347271.107742, 4
1347271.128209, 4
1347271.148670, 4
1347271.169135, 4
1347271.189596, 4
1347271.210057, 4
1347271.230523, 4
1347271.250985, 4
1347271.271450, 4
1347271.292127, 4
1347271.312587, 4
1347271.333050, 4
1347271.353511, 4
1347271.373971, 4
1347271.394431, 4
1347271.414898, 4
1347271.435367, 4
1347271.455829, 4
1347271.476290, 4
1347271.496751, 4
1347271.517211, 4
1347271.537675, 4
1347271.558140, 4
1347271.578603, 4
1347271.599064, 4
1347271.619525, 4
1347271.639991, 4
1347271.660458, 4
1347271.680922, 4
1347271.701393, 4
1347271.721853, 4
1347271.742318, 4
1347271.763005, 4
1347271.783472, 4
1347271.803932, 4
1347271.824394, 4
1347271.844861, 4
1347271.865323, 4
1347271.885786, 4
1347271.906247, 4
1347271.926708, 4
1347271.947173, 4
1347271.967638, 4
1347271.988101, 4
1347272.008562, 4
1347272.029023, 4
1347272.049487, 4
1347272.069948, 4
1347272.090408, 4
1347272.110870, 4
1347272.131332, 4
1347272.151796, 4
1347272.172265, 4
1347272.192726, 4
1347272.213187, 4
1347272.233930, 4
1347272.254393, 4
1347272.274854, 4
1347272.295314, 4
1347272.315774, 4
1347272.336236, 4
1347272.356698, 4
1347272.377160, 4
1347272.397637, 4
1347272.418101, 4
1347272.438563, 4
1347272.459023, 4
1347272.479487, 4
1347272.499948, 4
1347272.520409, 4
1347272.540871, 4
1347272.561332, 4
1347272.581796, 4
1347272.602256, 4
1347272.622717, 4
1347272.643179, 4
1347272.663639, 4
1347272.684103, 4
1347272.704575, 4
1347272.725036, 4
1347272.745497, 4
1347272.766213, 4
1347272.786681, 4
1347272.807172, 4
1347272.827647, 4
1347272.848113, 4
1347272.868575, 4
1347272.889039, 4
1347272.909500, 4
1347272.929961, 4
1347272.950422, 4
1347272.970883, 4
1347272.991350, 4
1347273.011812, 4
1347273.032280, 4
1347273.052742, 4
1347273.073202, 4
1347273.093667, 4
1347273.114131, 4
1347273.134593, 4
1347273.155055, 4
1347273.175519, 4
1347273.195983, 4
1347273.216447, 4
1347273.236911, 4
1347273.257372, 4
1347273.277839, 4
1347273.298515, 4
1347273.318979, 4
1347273.339441, 4
1347273.359906, 4
1347273.380369, 4
1347273.400833, 4
1347273.421294, 4
1347273.441757, 4
1347273.462218, 4
1347273.482678, 4
1347273.503140, 4
1347273.523600, 4
1347273.544068, 4
1347273.564529, 4
1347273.584989, 4
1347273.605456, 4
1347273.625948, 4
1347273.646417, 4
1347273.666881, 4
1347273.687343, 4
1347273.707805, 4
1347273.728276, 4
1347273.748737, 4
1347273.769462, 4
1347273.789924, 4
1347273.810385, 4
1347273.830845, 4
1347273.851307, 4
1347273.871767, 4
1347273.892228, 4
1347273.912688, 4
1347273.933148, 4
1347273.953607, 4
1347273.974067, 4
1347273.994527, 4
1347274.014988, 4
1347274.035448, 4
1347274.055908, 4
1347274.076368, 4
1347274.096828, 4
1347274.117289, 4
1347274.137749, 4
1347274.158209, 4
1347274.178670, 4
1347274.199129, 4
1347274.219588, 4
1347274.240007, 4
1347274.260466, 4
1347274.280926, 4
1347274.301587, 4
1347274.322046, 4
1347274.342507, 4
1347274.362967, 4
1347274.383427, 4
1347274.403889, 4
1347274.424356, 4
1347274.444815, 4
1347274.465275, 4
1347274.485734, 4
1347274.506193, 4
1347274.526652, 4
1347274.547116, 4
1347274.567591, 4
1347274.588066, 4
1347274.608529, 4
1347274.628989, 4
1347274.649451, 4
1347274.669911, 4
1347274.690371, 4
1347274.710832, 4
1347274.731291, 4
1347274.751750, 4
1347274.772509, 4
1347274.792970, 4
1347274.813428, 4
1347274.833888, 4
1347274.854347, 4
1347274.874806, 4
1347274.895265, 4
1347274.915725, 4
1347274.936190, 4
1347274.956649, 4
1347274.977108, 4
1347274.997568, 4
1347275.018028, 4
1347275.038497, 4
1347275.058958, 4
1347275.079417, 4
1347275.099877, 4
1347275.120344, 4
1347275.140804, 4
1347275.161263, 4
1347275.181724, 4
1347275.202188, 4
1347275.222648, 4
1347275.243393, 4
1347275.263853, 4
1347275.284320, 4
1347275.304783, 4
1347275.325244, 4
1347275.345703, 4
1347275.366163, 4
1347275.386622, 4
1347275.407085, 4
1347275.427545, 4
1347275.448006, 4
1347275.468466, 4
1347275.488925, 4
1347275.509388, 4
1347275.529848, 4
1347275.550307, 4
1347275.570766, 4
1347275.591227, 4
1347275.611687, 4
1347275.632150, 4
1347275.652612, 4
1347275.673072, 4
1347275.693532, 4
1347275.714273, 4
1347275.734736, 4
1347275.755196, 4
1347275.775655, 4
1347275.796116, 4
1347275.816577, 4
1347275.837041, 4
1347275.857502, 4
1347275.877964, 4
1347275.898424, 4
1347275.918884, 4
1347275.939348, 4
1347275.959807, 4
1347275.980274, 4
1347276.000734, 4
1347276.021206, 4
1347276.041669, 4
1347276.062135, 4
1347276.082595, 4
1347276.103054, 4
1347276.123515, 4
1347276.143978, 4
1347276.164438, 4
1347276.185151, 4
1347276.205612, 4
1347276.226072, 4
1347276.246535, 4
1347276.266995, 4
1347276.287454, 4
1347276.307914, 4
1347276.328384, 4
1347276.348848, 4
1347276.369309, 4
1347276.389769, 4
1347276.410230, 4
1347276.430691, 4
1347276.451154, 4
1347276.471614, 4
1347276.492077, 4
1347276.512537, 4
1347276.533015, 4
1347276.553479, 4
1347276.573940, 4
1347276.594400, 4
1347276.614860, 4
1347276.635320, 4
1347276.656006, 4
1347276.676467, 4
1347276.696927, 4
1347276.717388, 4
1347276.737849, 4
1347276.758311, 4
1347276.778771, 4
1347276.799232, 4
1347276.819691, 4
1347276.840155, 4
1347276.860617, 4
1347276.881077, 4
1347276.901536, 4
1347276.921998, 4
1347276.942457, 4
1347276.962918, 4
1347276.983381, 4
1347277.003842, 4
1347277.024303, 4
1347277.044762, 4
1347277.065236, 4
1347277.085702, 4
1347277.106164, 4
1347277.126877, 4
1347277.147337, 4
1347277.167797, 4
1347277.188266, 4
1347277.208726, 4
1347277.229186, 4
1347277.249646, 4
1347277.270106, 4
1347277.290569, 4
1347277.311029, 4
1347277.331489, 4
1347277.351949, 4
1347277.372409, 4
1347277.392873, 4
1347277.413333, 4
1347277.433793, 4
1347277.454252, 4
1347277.474713, 4
1347277.495177, 4
1347277.515637, 4
1347277.536099, 4
1347277.556560, 4
1347277.577020, 4
1347277.597764, 4
1347277.618224, 4
1347277.638683, 4
1347277.659144, 4
1347277.679603, 4
1347277.700075, 4
1347277.720572, 4
1347277.741051, 4
1347277.761526, 4
1347277.781999, 4
1347277.802488, 4
1347277.822964, 4
1347277.843429, 4
1347277.863893, 4
1347277.884366, 4
1347277.904833, 4
1347277.925296, 4
1347277.945760, 4
1347277.966221, 4
1347277.986683, 4
1347278.007415, 4
1347278.027878, 4
1347278.048349, 4
1347278.068811, 4
1347278.089273, 4
1347278.109737, 4
1347278.130199, 4
1347278.150660, 4
1347278.171121, 4
1347278.191582, 4
1347278.212006, 4
1347278.232472, 4
1347278.252934, 4
1347278.273396, 4
1347278.293859, 4
1347278.314319, 4
1347278.334783, 4
1347278.355244, 4
1347278.375705, 4
1347278.396166, 4
1347278.416628, 4
1347278.437091, 4
1347278.457554, 4
1347278.478016, 4
1347278.498476, 4
1347278.518936, 4
1347278.539585, 4
1347278.560005, 4
1347278.580464, 4
1347278.600925, 4
1347278.621385, 4
1347278.641848, 4
1347278.662308, 4
1347278.682769, 4
1347278.703229, 4
1347278.723691, 4
1347278.744157, 4
1347278.764618, 4
1347278.785078, 4
1347278.805538, 4
1347278.825998, 4
1347278.846462, 4
1347278.866922, 4
1347278.887382, 4
1347278.907842, 4
1347278.928303, 4
1347278.948768, 4
1347278.969228, 4
1347278.989687, 4
1347279.010150, 4
1347279.030611, 4
1347279.051075, 4
1347279.071755, 4
1347279.092217, 4
1347279.112676, 4
1347279.133137, 4
1347279.153601, 4
1347279.174062, 4
1347279.194522, 4
1347279.214981, 4
1347279.235441, 4
1347279.255904, 4
1347279.276372, 4
1347279.296832, 4
1347279.317291, 4
1347279.337750, 4
1347279.358214, 4
1347279.378674, 4
1347279.399134, 4
1347279.419595, 4
1347279.440068, 4
1347279.460531, 4
1347279.480995, 4
1347279.501455, 4
1347279.521916, 4
1347279.542666, 4
1347279.563126, 4
1347279.583589, 4
1347279.604006, 4
1347279.624466, 4
1347279.644925, 4
1347279.665385, 4
1347279.685849, 4
1347279.706309, 4
1347279.726769, 4
1347279.747229, 4
1347279.767690, 4
1347279.788162, 4
1347279.808648, 4
1347279.829116, 4
1347279.849581, 4
1347279.870043, 4
1347279.890511, 4
1347279.910973, 4
1347279.931433, 4
1347279.951895, 4
1347279.972361, 4
1347279.992825, 4
1347280.013580, 4
1347280.034040, 4
1347280.054500, 4
1347280.074961, 4
1347280.095424, 4
1347280.115886, 4
1347280.136354, 4
1347280.156815, 4
1347280.177275, 4
1347280.197739, 4
1347280.218201, 4
1347280.238661, 4
1347280.259121, 4
1347280.279582, 4
1347280.300006, 4
1347280.320466, 4
1347280.340926, 4
1347280.361392, 4
1347280.381852, 4
1347280.402316, 4
1347280.422780, 4
1347280.443245, 4
1347280.463711, 4
1347280.484225, 4
1347280.504695, 4
1347280.525163, 4
1347280.545769, 4
1347280.566249, 4
1347280.586711, 4
1347280.607170, 4
1347280.627626, 4
1347280.648082, 4
1347280.668539, 4
1347280.688994, 4
1347280.709451, 4
1347280.729907, 4
1347280.750363, 4
1347280.770822, 4
1347280.791281, 4
1347280.811762, 4
1347280.832227, 4
1347280.852685, 4
1347280.873142, 4
1347280.893609, 4
1347280.914071, 4
1347280.934554, 4
1347280.955033, 4
1347280.975495, 4
1347280.995953, 4
1347281.016622, 4
1347281.037080, 4
1347281.057562, 4
1347281.078029, 4
1347281.098487, 4
1347281.118943, 4
1347281.139398, 4
1347281.159854, 4
1347281.180315, 4
1347281.200771, 4
1347281.221227, 4
1347281.241684, 4
1347281.262140, 4
1347281.282613, 4
1347281.303093, 4
1347281.323558, 4
1347281.344006, 4
1347281.364475, 4
1347281.384940, 4
1347281.405403, 4
1347281.425870, 4
1347281.446333, 4
1347281.466796, 4
1347281.487523, 4
1347281.507987, 4
1347281.528453, 4
1347281.548931, 4
1347281.569398, 4
1347281.589861, 4
1347281.610323, 4
1347281.630785, 4
1347281.651246, 4
1347281.671713, 4
1347281.692183, 4
1347281.712661, 4
1347281.733125, 4
1347281.753587, 4
1347281.774059, 4
1347281.794540, 4
1347281.815018, 4
1347281.835488, 4
1347281.855960, 4
1347281.876447, 4
1347281.897190, 4
1347281.917659, 4
1347281.938155, 4
1347281.958633, 4
1347281.979105, 4
1347281.999571, 4
1347282.020006, 4
1347282.040470, 4
1347282.060934, 4
1347282.081396, 4
1347282.101859, 4
1347282.122323, 4
1347282.142788, 4
1347282.163249, 4
1347282.183717, 4
1347282.204184, 4
1347282.224646, 4
1347282.245113, 4
1347282.265574, 4
1347282.286035, 4
1347282.306499, 4
1347282.326963, 4
1347282.347424, 4
1347282.368017, 4
1347282.388532, 4
1347282.409030, 4
1347282.429528, 4
1347282.450033, 4
1347282.470532, 4
1347282.491031, 4
1347282.511529, 4
1347282.532011, 4
1347282.552509, 4
1347282.573006, 4
1347282.593500, 4
1347282.613976, 4
1347282.634444, 4
1347282.654908, 4
1347282.675369, 4
1347282.695830, 4
1347282.716493, 4
1347282.736953, 4
1347282.757413, 4
1347282.777873, 4
1347282.798337, 4
1347282.818824, 4
1347282.839293, 4
1347282.859758, 4
1347282.880220, 4
1347282.900681, 4
1347282.921141, 4
1347282.941602, 4
1347282.962062, 4
1347282.982523, 4
1347283.002984, 4
1347283.023444, 4
1347283.043904, 4
1347283.064377, 4
1347283.084837, 4
1347283.105297, 4
1347283.125758, 4
1347283.146217, 4
1347283.166677, 4
1347283.187362, 4
1347283.207822, 4
1347283.228284, 4
1347283.248745, 4
1347283.269204, 4
1347283.289666, 4
1347283.310127, 4
1347283.330588, 4
1347283.351048, 4
1347283.371508, 4
1347283.391967, 4
1347283.412430, 4
1347283.432890, 4
1347283.453350, 4
1347283.473810, 4
1347283.494270, 4
1347283.514730, 4
1347283.535193, 4
1347283.555653, 4
1347283.576113, 4
1347283.596575, 4
1347283.617034, 4
1347283.637494, 4
1347283.658188, 4
1347283.678649, 4
1347283.699110, 4
1347283.719571, 4
1347283.740007, 4
1347283.760466, 4
1347283.780926, 4
1347283.801385, 4
1347283.821844, 4
1347283.842305, 4
1347283.862772, 4
1347283.883234, 4
1347283.903693, 4
1347283.924154, 4
1347283.944615, 4
1347283.965075, 4
1347283.985535, 4
1347284.005996, 4
1347284.026457, 4
1347284.046918, 4
1347284.067380, 4
1347284.087839, 4
1347284.108300, 4
1347284.129016, 4
1347284.149475, 4
1347284.169934, 4
1347284.190394, 4
1347284.210854, 4
1347284.231315, 4
1347284.251777, 4
1347284.272241, 4
1347284.292705, 4
1347284.313165, 4
1347284.333626, 4
1347284.354087, 4
1347284.374547, 4
1347284.395008, 4
1347284.415469, 4
1347284.435930, 4
1347284.456394, 4
1347284.476856, 4
1347284.497317, 4
1347284.517779, 4
1347284.538240, 4
1347284.558701, 4
1347284.579162, 4
1347284.599828, 4
1347284.620294, 4
1347284.640755, 4
1347284.661215, 4
1347284.681676, 4
1347284.702137, 4
1347284.722601, 4
1347284.743062, 4
1347284.763521, 4
1347284.783982, 4
1347284.804444, 4
1347284.824907, 4
1347284.845368, 4
1347284.865835, 4
1347284.886365, 4
1347284.906864, 4
1347284.927350, 4
1347284.947854, 4
1347284.968333, 4
1347284.988799, 4
1347285.009443, 4
1347285.029910, 4
1347285.050377, 4
1347285.070842, 4
1347285.091305, 4
1347285.111770, 4
1347285.132238, 4
1347285.152701, 4
1347285.173165, 4
1347285.193628, 4
1347285.214094, 4
1347285.234557, 4
1347285.255019, 4
1347285.275484, 4
1347285.295947, 4
1347285.316409, 4
1347285.336871, 4
1347285.357336, 4
1347285.377797, 4
1347285.398259, 4
1347285.418721, 4
1347285.439183, 4
1347285.459645, 4
1347285.480280, 4
1347285.500742, 4
1347285.521203, 4
1347285.541665, 4
1347285.562126, 4
1347285.582593, 4
1347285.603092, 4
1347285.623562, 4
1347285.644006, 4
1347285.664469, 4
1347285.684931, 4
1347285.705393, 4
1347285.725855, 4
1347285.746315, 4
1347285.766822, 4
1347285.787303, 4
1347285.807772, 4
1347285.828280, 4
1347285.848747, 4
1347285.869216, 4
1347285.889939, 4
1347285.910419, 4
1347285.930906, 4
1347285.951406, 4
1347285.971902, 4
1347285.992375, 4
1347286.012839, 4
1347286.033304, 4
1347286.053769, 4
1347286.074232, 4
1347286.094694, 4
1347286.115157, 4
1347286.135620, 4
1347286.156084, 4
1347286.176552, 4
1347286.197023, 4
1347286.217505, 4
1347286.237975, 4
1347286.258438, 4
1347286.278899, 4
1347286.299536, 4
1347286.319999, 4
1347286.340468, 4
1347286.360930, 4
1347286.381414, 4
1347286.401898, 4
1347286.422370, 4
1347286.442853, 4
1347286.463331, 4
1347286.483799, 4
1347286.504271, 4
1347286.524733, 4
1347286.545196, 4
1347286.565658, 4
1347286.586121, 4
1347286.606585, 4
1347286.627047, 4
1347286.647511, 4
1347286.667979, 4
1347286.688470, 4
1347286.709199, 4
1347286.729668, 4
1347286.750133, 4
1347286.770595, 4
1347286.791062, 4
1347286.811525, 4
1347286.831987, 4
1347286.852450, 4
1347286.872912, 4
1347286.893375, 4
1347286.913841, 4
1347286.934317, 4
1347286.954812, 4
1347286.975282, 4
1347286.995749, 4
1347287.016219, 4
1347287.036716, 4
1347287.057193, 4
1347287.077657, 4
1347287.098118, 4
1347287.118833, 4
1347287.139297, 4
1347287.159764, 4
1347287.180255, 4
1347287.200746, 4
1347287.221216, 4
1347287.241683, 4
1347287.262148, 4
1347287.282610, 4
1347287.303080, 4
1347287.323549, 4
1347287.344004, 4
1347287.364467, 4
1347287.384931, 4
1347287.405402, 4
1347287.425902, 4
1347287.446388, 4
1347287.466875, 4
1347287.487343, 4
1347287.507809, 4
1347287.528480, 4
1347287.548944, 4
1347287.569409, 4
1347287.589873, 4
1347287.610335, 4
1347287.630798, 4
1347287.651265, 4
1347287.671759, 4
1347287.692250, 4
1347287.712718, 4
1347287.733182, 4
1347287.753647, 4
1347287.774111, 4
1347287.794582, 4
1347287.815073, 4
1347287.835544, 4
1347287.856004, 4
1347287.876473, 4
1347287.896974, 4
1347287.917453, 4
1347287.938174, 4
1347287.958672, 4
1347287.979140, 4
1347287.999605, 4
1347288.020079, 4
1347288.040563, 4
1347288.061032, 4
1347288.081499, 4
1347288.101964, 4
1347288.122429, 4
1347288.142895, 4
1347288.163386, 4
1347288.183879, 4
1347288.204354, 4
1347288.224823, 4
1347288.245286, 4
1347288.265750, 4
1347288.286215, 4
1347288.306676, 4
1347288.327137, 4
1347288.347777, 4
1347288.368247, 4
1347288.388751, 4
1347288.409247, 4
1347288.429746, 4
1347288.450235, 4
1347288.470732, 4
1347288.491229, 4
1347288.511729, 4
1347288.532237, 4
1347288.552733, 4
1347288.573253, 4
1347288.593727, 4
1347288.614193, 4
1347288.634660, 4
1347288.655134, 4
1347288.675601, 4
1347288.696227, 4
1347288.716691, 4
1347288.737154, 4
1347288.757615, 4
1347288.778076, 4
1347288.798538, 4
1347288.819002, 4
1347288.839465, 4
1347288.859928, 4
1347288.880394, 4
1347288.900875, 4
1347288.921349, 4
1347288.941820, 4
1347288.962285, 4
1347288.982754, 4
1347289.003216, 4
1347289.023678, 4
1347289.044143, 4
1347289.064607, 4
1347289.085069, 4
1347289.105533, 4
1347289.126000, 4
1347289.146470, 4
1347289.167101, 4
1347289.187566, 4
1347289.208004, 4
1347289.228465, 4
1347289.248928, 4
1347289.269393, 4
1347289.289860, 4
1347289.310324, 4
1347289.330785, 4
1347289.351250, 4
1347289.371717, 4
1347289.392219, 4
1347289.412687, 4
1347289.433151, 4
1347289.453627, 4
1347289.474093, 4
1347289.494556, 4
1347289.515028, 4
1347289.535491, 4
1347289.555953, 4
1347289.576418, 4
1347289.596880, 4
1347289.617346, 4
1347289.637983, 4
1347289.658449, 4
1347289.678912, 4
1347289.699372, 4
1347289.719836, 4
1347289.740300, 4
1347289.760762, 4
1347289.781224, 4
1347289.801692, 4
1347289.822190, 4
1347289.842659, 4
1347289.863131, 4
1347289.883618, 4
1347289.904090, 4
1347289.924556, 4
1347289.945053, 4
1347289.965524, 4
1347289.985992, 4
1347290.006455, 4
1347290.026918, 4
1347290.047596, 4
1347290.068065, 4
1347290.088527, 4
1347290.108993, 4
1347290.129468, 4
1347290.149936, 4
1347290.170398, 4
1347290.190860, 4
1347290.211320, 4
1347290.231781, 4
1347290.252245, 4
1347290.272709, 4
1347290.293172, 4
1347290.313634, 4
1347290.334100, 4
1347290.354564, 4
1347290.375038, 4
1347290.395523, 4
1347290.415992, 4
1347290.436461, 4
1347290.456930, 4
1347290.477391, 4
1347290.497854, 4
1347290.518452, 4
1347290.538915, 4
1347290.559377, 4
1347290.579840, 4
1347290.600309, 4
1347290.620795, 4
1347290.641264, 4
1347290.661729, 4
1347290.682190, 4
1347290.702655, 4
1347290.723119, 4
1347290.743583, 4
1347290.764005, 4
1347290.784466, 4
1347290.804931, 4
1347290.825394, 4
1347290.845860, 4
1347290.866360, 4
1347290.886830, 4
1347290.907299, 4
1347290.927769, 4
1347290.948263, 4
1347290.968730, 4
1347290.989292, 4
1347291.009762, 4
1347291.030257, 4
1347291.050742, 4
1347291.071208, 4
1347291.091676, 4
1347291.112164, 4
1347291.132633, 4
1347291.153100, 4
1347291.173564, 4
1347291.194027, 4
1347291.214490, 4
1347291.234954, 4
1347291.255418, 4
1347291.275888, 4
1347291.296364, 4
1347291.316826, 4
1347291.337293, 4
1347291.357788, 4
1347291.378259, 4
1347291.398894, 4
1347291.419359, 4
1347291.439824, 4
1347291.460293, 4
1347291.480757, 4
1347291.501221, 4
1347291.521683, 4
1347291.542145, 4
1347291.562608, 4
1347291.583073, 4
1347291.603567, 4
1347291.624006, 4
1347291.644473, 4
1347291.664936, 4
1347291.685408, 4
1347291.705892, 4
1347291.726360, 4
1347291.746827, 4
1347291.767292, 4
1347291.787758, 4
1347291.808521, 4
1347291.829018, 4
1347291.849512, 4
1347291.869987, 4
1347291.890472, 4
1347291.910949, 4
1347291.931444, 4
1347291.951927, 4
1347291.972401, 4
1347291.992867, 4
1347292.013337, 4
1347292.033815, 4
1347292.054336, 4
1347292.074822, 4
1347292.095342, 4
1347292.115815, 4
1347292.136281, 4
1347292.156922, 4
1347292.177386, 4
1347292.197847, 4
1347292.218306, 4
1347292.238765, 4
1347292.259225, 4
1347292.279684, 4
1347292.300144, 4
1347292.320607, 4
1347292.341066, 4
1347292.361526, 4
1347292.381985, 4
1347292.402445, 4
1347292.422906, 4
1347292.443365, 4
1347292.463827, 4
1347292.484286, 4
1347292.504750, 4
1347292.525214, 4
1347292.545673, 4
1347292.566135, 4
1347292.586597, 4
1347292.607058, 4
1347292.627796, 4
1347292.648261, 4
1347292.668720, 4
1347292.689182, 4
1347292.709641, 4
1347292.730101, 4
1347292.750562, 4
1347292.771021, 4
1347292.791485, 4
1347292.811969, 4
1347292.832437, 4
1347292.852900, 4
1347292.873362, 4
1347292.893822, 4
1347292.914285, 4
1347292.934744, 4
1347292.955203, 4
1347292.975672, 4
1347292.996132, 4
1347293.016592, 4
1347293.037055, 4
1347293.057515, 4
1347293.077981, 4
1347293.098721, 4
1347293.119194, 4
1347293.139659, 4
1347293.160121, 4
1347293.180584, 4
1347293.201048, 4
1347293.221509, 4
1347293.241969, 4
1347293.262432, 4
1347293.282891, 4
1347293.303352, 4
1347293.323812, 4
1347293.344278, 4
1347293.364738, 4
1347293.385207, 4
1347293.405667, 4
1347293.426128, 4
1347293.446589, 4
1347293.467051, 4
1347293.487511, 4
1347293.507972, 4
1347293.528433, 4
1347293.548892, 4
1347293.569526, 4
1347293.589985, 4
1347293.610444, 4
1347293.630909, 4
1347293.651374, 4
1347293.671834, 4
1347293.692295, 4
1347293.712754, 4
1347293.733217, 4
1347293.753676, 4
1347293.774135, 4
1347293.794593, 4
1347293.815052, 4
1347293.835511, 4
1347293.855970, 4
1347293.876428, 4
1347293.896887, 4
1347293.917346, 4
1347293.937806, 4
1347293.958272, 4
1347293.978734, 4
1347293.999193, 4
1347294.019653, 4
1347294.040394, 4
1347294.060856, 4
1347294.081315, 4
1347294.101781, 4
1347294.122275, 4
1347294.142741, 4
1347294.163206, 4
1347294.183668, 4
1347294.204129, 4
1347294.224592, 4
1347294.245051, 4
1347294.265511, 4
1347294.285974, 4
1347294.306434, 4
1347294.326893, 4
1347294.347353, 4
1347294.367812, 4
1347294.388278, 4
1347294.408738, 4
1347294.429196, 4
1347294.449656, 4
1347294.470116, 4
1347294.490576, 4
1347294.511232, 4
1347294.531692, 4
1347294.552151, 4
1347294.572610, 4
1347294.593069, 4
1347294.613532, 4
1347294.633991, 4
1347294.654450, 4
1347294.674909, 4
1347294.695368, 4
1347294.715827, 4
1347294.736287, 4
1347294.756747, 4
1347294.777208, 4
1347294.797667, 4
1347294.818127, 4
1347294.838588, 4
1347294.859049, 4
1347294.879509, 4
1347294.899968, 4
1347294.920428, 4
1347294.940890, 4
1347294.961349, 4
1347294.982077, 4
1347295.002538, 4
1347295.022996, 4
1347295.043455, 4
1347295.063914, 4
1347295.084372, 4
1347295.104841, 4
1347295.125390, 4
1347295.145877, 4
1347295.166375, 4
1347295.186872, 4
1347295.207371, 4
1347295.227868, 4
1347295.248385, 4
1347295.268889, 4
1347295.289381, 4
1347295.309849, 4
1347295.330532, 4
1347295.350993, 4
1347295.371453, 4
1347295.391913, 4
1347295.412374, 4
1347295.432834, 4
1347295.453296, 4
1347295.473757, 4
1347295.494217, 4
1347295.514679, 4
1347295.535140, 4
1347295.555600, 4
1347295.576067, 4
1347295.596527, 4
1347295.616987, 4
1347295.637447, 4
1347295.657907, 4
1347295.678368, 4
1347295.698845, 4
1347295.719308, 4
1347295.739778, 4
1347295.760239, 4
1347295.780699, 4
1347295.801393, 4
1347295.821852, 4
1347295.842312, 4
1347295.862772, 4
1347295.883232, 4
1347295.903693, 4
1347295.924154, 4
1347295.944619, 4
1347295.965118, 4
1347295.985615, 4
1347296.006113, 4
1347296.026610, 4
1347296.047106, 4
1347296.067604, 4
1347296.088116, 4
1347296.108590, 4
1347296.129021, 4
1347296.149525, 4
1347296.170016, 4
1347296.190486, 4
1347296.211074, 4
1347296.231535, 4
1347296.251997, 4
1347296.272463, 4
1347296.292926, 4
1347296.313387, 4
1347296.333847, 4
1347296.354307, 4
1347296.374766, 4
1347296.395227, 4
1347296.415687, 4
1347296.436152, 4
1347296.456642, 4
1347296.477110, 4
1347296.497574, 4
1347296.518035, 4
1347296.538498, 4
1347296.558960, 4
1347296.579420, 4
1347296.599880, 4
1347296.620347, 4
1347296.640808, 4
1347296.661267, 4
1347296.681938, 4
1347296.702401, 4
1347296.722860, 4
1347296.743319, 4
1347296.763779, 4
1347296.784239, 4
1347296.804698, 4
1347296.825157, 4
1347296.845617, 4
1347296.866079, 4
1347296.886537, 4
1347296.907001, 4
1347296.927461, 4
1347296.947920, 4
1347296.968383, 4
1347296.988842, 4
1347297.009301, 4
1347297.029770, 4
1347297.050231, 4
1347297.070690, 4
1347297.091151, 4
1347297.111614, 4
1347297.132079, 4
1347297.152815, 4
1347297.173324, 4
1347297.193810, 4
1347297.214307, 4
1347297.234805, 4
1347297.255303, 4
1347297.275801, 4
1347297.296316, 4
1347297.316815, 4
1347297.337314, 4
1347297.357802, 4
1347297.378311, 4
1347297.398792, 4
1347297.419254, 4
1347297.439717, 4
1347297.460183, 4
1347297.480646, 4
1347297.501256, 4
1347297.521715, 4
1347297.542175, 4
1347297.562637, 4
1347297.583098, 4
1347297.603557, 4
1347297.624006, 4
1347297.644466, 4
1347297.664926, 4
1347297.685385, 4
1347297.705845, 4
1347297.726304, 4
1347297.746764, 4
1347297.767224, 4
1347297.787687, 4
1347297.808178, 4
1347297.828644, 4
1347297.849106, 4
1347297.869566, 4
1347297.890027, 4
1347297.910489, 4
1347297.930949, 4
1347297.951408, 4
1347297.972124, 4
1347297.992583, 4
1347298.013043, 4
1347298.033504, 4
1347298.053964, 4
1347298.074424, 4
1347298.094886, 4
1347298.115346, 4
1347298.135808, 4
1347298.156274, 4
1347298.176741, 4
1347298.197265, 4
1347298.217757, 4
1347298.238235, 4
1347298.258712, 4
1347298.279177, 4
1347298.299643, 4
1347298.320135, 4
1347298.340600, 4
1347298.361062, 4
1347298.381777, 4
1347298.402237, 4
1347298.422699, 4
1347298.443159, 4
1347298.463619, 4
1347298.484083, 4
1347298.504544, 4
1347298.525004, 4
1347298.545463, 4
1347298.565923, 4
1347298.586387, 4
1347298.606847, 4
1347298.627309, 4
1347298.647770, 4
1347298.668233, 4
1347298.688693, 4
1347298.709155, 4
1347298.729617, 4
1347298.750078, 4
1347298.770538, 4
1347298.791001, 4
1347298.811462, 4
1347298.831922, 4
1347298.852666, 4
1347298.873127, 4
1347298.893587, 4
1347298.914047, 4
1347298.934506, 4
1347298.954967, 4
1347298.975428, 4
1347298.995887, 4
1347299.016356, 4
1347299.036818, 4
1347299.057278, 4
1347299.077739, 4
1347299.098201, 4
1347299.118661, 4
1347299.139123, 4
1347299.159585, 4
1347299.180005, 4
1347299.200468, 4
1347299.220933, 4
1347299.241432, 4
1347299.261957, 4
1347299.282429, 4
1347299.302902, 4
1347299.323533, 4
1347299.344007, 4
1347299.364480, 4
1347299.384947, 4
1347299.405415, 4
1347299.425885, 4
1347299.446387, 4
1347299.466881, 4
1347299.487353, 4
1347299.507820, 4
1347299.528286, 4
1347299.548752, 4
1347299.569214, 4
1347299.589676, 4
1347299.610142, 4
1347299.630607, 4
1347299.651070, 4
1347299.671545, 4
1347299.692009, 4
1347299.712494, 4
1347299.733183, 4
1347299.753649, 4
1347299.774114, 4
1347299.794578, 4
1347299.815047, 4
1347299.835537, 4
1347299.856023, 4
1347299.876500, 4
1347299.896988, 4
1347299.917462, 4
1347299.937957, 4
1347299.958452, 4
1347299.978922, 4
1347299.999388, 4
1347300.019856, 4
1347300.040378, 4
1347300.060849, 4
1347300.081321, 4
1347300.101786, 4
1347300.122250, 4
1347300.142830, 4
1347300.163299, 4
1347300.183802, 4
1347300.204296, 4
1347300.224763, 4
1347300.245230, 4
1347300.265694, 4
1347300.286158, 4
1347300.306623, 4
1347300.327086, 4
1347300.347549, 4
1347300.368017, 4
1347300.388536, 4
1347300.409032, 4
1347300.429545, 4
1347300.450019, 4
1347300.470486, 4
1347300.490979, 4
1347300.511446, 4
1347300.531909, 4
1347300.552491, 4
1347300.572952, 4
1347300.593412, 4
1347300.613873, 4
1347300.634333, 4
1347300.654793, 4
1347300.675253, 4
1347300.695713, 4
1347300.716180, 4
1347300.736639, 4
1347300.757099, 4
1347300.777559, 4
1347300.798018, 4
1347300.818477, 4
1347300.838938, 4
1347300.859397, 4
1347300.879856, 4
1347300.900319, 4
1347300.920779, 4
1347300.941239, 4
1347300.961699, 4
1347300.982159, 4
1347301.002618, 4
1347301.023355, 4
1347301.043814, 4
1347301.064277, 4
1347301.084737, 4
1347301.105195, 4
1347301.125654, 4
1347301.146113, 4
1347301.166572, 4
1347301.187031, 4
1347301.207490, 4
1347301.227949, 4
1347301.248409, 4
1347301.268870, 4
1347301.289331, 4
1347301.309790, 4
1347301.330249, 4
1347301.350708, 4
1347301.371168, 4
1347301.391628, 4
1347301.412088, 4
1347301.432549, 4
1347301.453009, 4
1347301.473469, 4
1347301.494200, 4
1347301.514659, 4
1347301.535118, 4
1347301.555577, 4
1347301.576006, 4
1347301.596467, 4
1347301.616925, 4
1347301.637384, 4
1347301.657844, 4
1347301.678303, 4
1347301.698762, 4
1347301.719221, 4
1347301.739680, 4
1347301.760140, 4
1347301.780599, 4
1347301.801058, 4
1347301.821517, 4
1347301.841978, 4
1347301.862439, 4
1347301.882901, 4
1347301.903363, 4
1347301.923824, 4
1347301.944285, 4
1347301.964745, 4
1347301.985205, 4
1347302.005664, 4
1347302.026271, 4
1347302.046731, 4
1347302.067190, 4
1347302.087650, 4
1347302.108111, 4
1347302.128571, 4
1347302.149041, 4
1347302.169504, 4
1347302.189966, 4
1347302.210428, 4
1347302.230889, 4
1347302.251351, 4
1347302.271813, 4
1347302.292318, 4
1347302.312815, 4
1347302.333287, 4
1347302.353755, 4
1347302.374225, 4
1347302.394721, 4
1347302.415211, 4
1347302.435925, 4
1347302.456397, 4
1347302.476863, 4
1347302.497327, 4
1347302.517789, 4
1347302.538251, 4
1347302.558715, 4
1347302.579179, 4
1347302.599642, 4
1347302.620108, 4
1347302.640569, 4
1347302.661034, 4
1347302.681498, 4
1347302.701961, 4
1347302.722424, 4
1347302.742886, 4
1347302.763347, 4
1347302.783810, 4
1347302.804283, 4
1347302.824745, 4
1347302.845207, 4
1347302.865669, 4
1347302.886132, 4
1347302.906798, 4
1347302.927263, 4
1347302.947725, 4
1347302.968194, 4
1347302.988657, 4
1347303.009126, 4
1347303.029613, 4
1347303.050080, 4
1347303.070545, 4
1347303.091007, 4
1347303.111468, 4
1347303.131930, 4
1347303.152395, 4
1347303.172856, 4
1347303.193322, 4
1347303.213782, 4
1347303.234244, 4
1347303.254709, 4
1347303.275174, 4
1347303.295638, 4
1347303.316132, 4
1347303.336614, 4
1347303.357084, 4
1347303.377675, 4
1347303.398146, 4
1347303.418610, 4
1347303.439072, 4
1347303.459534, 4
1347303.479994, 4
1347303.500461, 4
1347303.520922, 4
1347303.541382, 4
1347303.561842, 4
1347303.582302, 4
1347303.602765, 4
1347303.623257, 4
1347303.643725, 4
1347303.664194, 4
1347303.684654, 4
1347303.705116, 4
1347303.725580, 4
1347303.746041, 4
1347303.766505, 4
1347303.786968, 4
1347303.807429, 4
1347303.827892, 4
1347303.848558, 4
1347303.869047, 4
1347303.889513, 4
1347303.909981, 4
1347303.930454, 4
1347303.950947, 4
1347303.971415, 4
1347303.991880, 4
1347304.012351, 4
1347304.032814, 4
1347304.053275, 4
1347304.073736, 4
1347304.094200, 4
1347304.114695, 4
1347304.135167, 4
1347304.155630, 4
1347304.176092, 4
1347304.196555, 4
1347304.217015, 4
1347304.237476, 4
1347304.258208, 4
1347304.278668, 4
1347304.299129, 4
1347304.319589, 4
1347304.340018, 4
1347304.360507, 4
1347304.380975, 4
1347304.401443, 4
1347304.421907, 4
1347304.442368, 4
1347304.462830, 4
1347304.483291, 4
1347304.503751, 4
1347304.524214, 4
1347304.544675, 4
1347304.565135, 4
1347304.585601, 4
1347304.606107, 4
1347304.626577, 4
1347304.647040, 4
1347304.667502, 4
1347304.687964, 4
1347304.708426, 4
1347304.729128, 4
1347304.749589, 4
1347304.770050, 4
1347304.790510, 4
1347304.810969, 4
1347304.831433, 4
1347304.851923, 4
1347304.872390, 4
1347304.892852, 4
1347304.913316, 4
1347304.933808, 4
1347304.954304, 4
1347304.974774, 4
1347304.995237, 4
1347305.015741, 4
1347305.036207, 4
1347305.056667, 4
1347305.077133, 4
1347305.097630, 4
1347305.118101, 4
1347305.138567, 4
1347305.159029, 4
1347305.179489, 4
1347305.200152, 4
1347305.220613, 4
1347305.241072, 4
1347305.261532, 4
1347305.281991, 4
1347305.302459, 4
1347305.322923, 4
1347305.343417, 4
1347305.363886, 4
1347305.384360, 4
1347305.404821, 4
1347305.425282, 4
1347305.445741, 4
1347305.466201, 4
1347305.486661, 4
1347305.507121, 4
1347305.527580, 4
1347305.548007, 4
1347305.568471, 4
1347305.588968, 4
1347305.609443, 4
1347305.629909, 4
1347305.650370, 4
1347305.670831, 4
1347305.691292, 4
1347305.711752, 4
1347305.732365, 4
1347305.752829, 4
1347305.773291, 4
1347305.793756, 4
1347305.814251, 4
1347305.834744, 4
1347305.855213, 4
1347305.875677, 4
1347305.896140, 4
1347305.916604, 4
1347305.937087, 4
1347305.957563, 4
1347305.978034, 4
1347305.998497, 4
1347306.018958, 4
1347306.039419, 4
1347306.059882, 4
1347306.080372, 4
1347306.100839, 4
1347306.121301, 4
1347306.141762, 4
1347306.162222, 4
1347306.182682, 4
1347306.203363, 4
1347306.223822, 4
1347306.244283, 4
1347306.264742, 4
1347306.285202, 4
1347306.305664, 4
1347306.326142, 4
1347306.346613, 4
1347306.367075, 4
1347306.387539, 4
1347306.408008, 4
1347306.428470, 4
1347306.448930, 4
1347306.469389, 4
1347306.489848, 4
1347306.510307, 4
1347306.530767, 4
1347306.551230, 4
1347306.571714, 4
1347306.592191, 4
1347306.612654, 4
1347306.633115, 4
1347306.653575, 4
1347306.674261, 4
1347306.694720, 4
1347306.715179, 4
1347306.735639, 4
1347306.756098, 4
1347306.776559, 4
1347306.797023, 4
1347306.817518, 4
1347306.837986, 4
1347306.858449, 4
1347306.878911, 4
1347306.899371, 4
1347306.919833, 4
1347306.940333, 4
1347306.960804, 4
1347306.981268, 4
1347307.001728, 4
1347307.022189, 4
1347307.042651, 4
1347307.063131, 4
1347307.083598, 4
1347307.104066, 4
1347307.124526, 4
1347307.145150, 4
1347307.165610, 4
1347307.186069, 4
1347307.206528, 4
1347307.226987, 4
1347307.247447, 4
1347307.267912, 4
1347307.288377, 4
1347307.308854, 4
1347307.329319, 4
1347307.349781, 4
1347307.370241, 4
1347307.390701, 4
1347307.411161, 4
1347307.431621, 4
1347307.452084, 4
1347307.472544, 4
1347307.493007, 4
1347307.513466, 4
1347307.533928, 4
1347307.554409, 4
1347307.574875, 4
1347307.595336, 4
1347307.616007, 4
1347307.636467, 4
1347307.656927, 4
1347307.677386, 4
1347307.697846, 4
1347307.718306, 4
1347307.738765, 4
1347307.759224, 4
1347307.779688, 4
1347307.800200, 4
1347307.820700, 4
1347307.841171, 4
1347307.861636, 4
1347307.882098, 4
1347307.902570, 4
1347307.923034, 4
1347307.943517, 4
1347307.963988, 4
1347307.984458, 4
1347308.004918, 4
1347308.025682, 4
1347308.046171, 4
1347308.066646, 4
1347308.087108, 4
1347308.107569, 4
1347308.128007, 4
1347308.148467, 4
1347308.168928, 4
1347308.189388, 4
1347308.209847, 4
1347308.230307, 4
1347308.250767, 4
1347308.271230, 4
1347308.291712, 4
1347308.312187, 4
1347308.332649, 4
1347308.353110, 4
1347308.373571, 4
1347308.394033, 4
1347308.414493, 4
1347308.434955, 4
1347308.455417, 4
1347308.475878, 4
1347308.496536, 4
1347308.516999, 4
1347308.537495, 4
1347308.557964, 4
1347308.578428, 4
1347308.598890, 4
1347308.619349, 4
1347308.639809, 4
1347308.660275, 4
1347308.680734, 4
1347308.701194, 4
1347308.721658, 4
1347308.742118, 4
1347308.762582, 4
1347308.783084, 4
1347308.803551, 4
1347308.824006, 4
1347308.844470, 4
1347308.864930, 4
1347308.885391, 4
1347308.905852, 4
1347308.926315, 4
1347308.946797, 4
1347308.967401, 4
1347308.987862, 4
1347309.008327, 4
1347309.028809, 4
1347309.049278, 4
1347309.069740, 4
1347309.090200, 4
1347309.110660, 4
1347309.131120, 4
1347309.151579, 4
1347309.172007, 4
1347309.192466, 4
1347309.212925, 4
1347309.233385, 4
1347309.253848, 4
1347309.274326, 4
1347309.294791, 4
1347309.315256, 4
1347309.335718, 4
1347309.356184, 4
1347309.376645, 4
1347309.397105, 4
1347309.417564, 4
1347309.438221, 4
1347309.458682, 4
1347309.479147, 4
1347309.499612, 4
1347309.520078, 4
1347309.540538, 4
1347309.560997, 4
1347309.581455, 4
1347309.601915, 4
1347309.622374, 4
1347309.642833, 4
1347309.663293, 4
1347309.683765, 4
1347309.704231, 4
1347309.724690, 4
1347309.745150, 4
1347309.765615, 4
1347309.786077, 4
1347309.806538, 4
1347309.826999, 4
1347309.847461, 4
1347309.867921, 4
1347309.888381, 4
1347309.909119, 4
1347309.929578, 4
1347309.950038, 4
1347309.970497, 4
1347309.990957, 4
1347310.011422, 4
1347310.031917, 4
1347310.052386, 4
1347310.072849, 4
1347310.093309, 4
1347310.113769, 4
1347310.134229, 4
1347310.154690, 4
1347310.175149, 4
1347310.195609, 4
1347310.216075, 4
1347310.236535, 4
1347310.256996, 4
1347310.277456, 4
1347310.297915, 4
1347310.318376, 4
1347310.338835, 4
1347310.359295, 4
1347310.379979, 4
1347310.400439, 4
1347310.420899, 4
1347310.441358, 4
1347310.461824, 4
1347310.482292, 4
1347310.502784, 4
1347310.523250, 4
1347310.543713, 4
1347310.564182, 4
1347310.584644, 4
1347310.605104, 4
1347310.625564, 4
1347310.646024, 4
1347310.666483, 4
1347310.686943, 4
1347310.707407, 4
1347310.727886, 4
1347310.748395, 4
1347310.768865, 4
1347310.789338, 4
1347310.809804, 4
1347310.830269, 4
1347310.850856, 4
1347310.871321, 4
1347310.891782, 4
1347310.912248, 4
1347310.932725, 4
1347310.953204, 4
1347310.973682, 4
1347310.994157, 4
1347311.014625, 4
1347311.035086, 4
1347311.055546, 4
1347311.076007, 4
1347311.096468, 4
1347311.116926, 4
1347311.137385, 4
1347311.157845, 4
1347311.178304, 4
1347311.198769, 4
1347311.219240, 4
1347311.239716, 4
1347311.260192, 4
1347311.280653, 4
1347311.301113, 4
1347311.321729, 4
1347311.342189, 4
1347311.362649, 4
1347311.383109, 4
1347311.403569, 4
1347311.424006, 4
1347311.444470, 4
1347311.464942, 4
1347311.485411, 4
1347311.505875, 4
1347311.526363, 4
1347311.546830, 4
1347311.567295, 4
1347311.587756, 4
1347311.608218, 4
1347311.628678, 4
1347311.649138, 4
1347311.669601, 4
1347311.690067, 4
1347311.710568, 4
1347311.731061, 4
1347311.751528, 4
1347311.771993, 4
1347311.792573, 4
1347311.813034, 4
1347311.833501, 4
1347311.853992, 4
1347311.874461, 4
1347311.894927, 4
1347311.915395, 4
1347311.935868, 4
1347311.956347, 4
1347311.976818, 4
1347311.997283, 4
1347312.017746, 4
1347312.038207, 4
1347312.058669, 4
1347312.079131, 4
1347312.099592, 4
1347312.120006, 4
1347312.140469, 4
1347312.160928, 4
1347312.181392, 4
1347312.201869, 4
1347312.222341, 4
1347312.242808, 4
1347312.263358, 4
1347312.283821, 4
1347312.304283, 4
1347312.324742, 4
1347312.345204, 4
1347312.365665, 4
1347312.386136, 4
1347312.406627, 4
1347312.427096, 4
1347312.447571, 4
1347312.468071, 4
1347312.488537, 4
1347312.508998, 4
1347312.529463, 4
1347312.549949, 4
1347312.570413, 4
1347312.590877, 4
1347312.611349, 4
1347312.631811, 4
1347312.652282, 4
1347312.672955, 4
1347312.693454, 4
1347312.713950, 4
1347312.734418, 4
1347312.754881, 4
1347312.775341, 4
1347312.795807, 4
1347312.816334, 4
1347312.836812, 4
1347312.857276, 4
1347312.877740, 4
1347312.898204, 4
1347312.918668, 4
1347312.939132, 4
1347312.959598, 4
1347312.980065, 4
1347313.000526, 4
1347313.020989, 4
1347313.041450, 4
1347313.061911, 4
1347313.082544, 4
1347313.103004, 4
1347313.123465, 4
1347313.143926, 4
1347313.164390, 4
1347313.184849, 4
1347313.205310, 4
1347313.225770, 4
1347313.246231, 4
1347313.266692, 4
1347313.287153, 4
1347313.307617, 4
1347313.328086, 4
1347313.348549, 4
1347313.369019, 4
1347313.389482, 4
1347313.409944, 4
1347313.430406, 4
1347313.450867, 4
1347313.471328, 4
1347313.491791, 4
1347313.512253, 4
1347313.532714, 4
1347313.553356, 4
1347313.573849, 4
1347313.594317, 4
1347313.614782, 4
1347313.635245, 4
1347313.655707, 4
1347313.676172, 4
1347313.696634, 4
1347313.717098, 4
1347313.737559, 4
1347313.758022, 4
1347313.778483, 4
1347313.798949, 4
1347313.819412, 4
1347313.839886, 4
1347313.860393, 4
1347313.880864, 4
1347313.901354, 4
1347313.921820, 4
1347313.942287, 4
1347313.962999, 4
1347313.983461, 4
1347314.003922, 4
1347314.024388, 4
1347314.044849, 4
1347314.065313, 4
1347314.085777, 4
1347314.106241, 4
1347314.126705, 4
1347314.147166, 4
1347314.167627, 4
1347314.188091, 4
1347314.208554, 4
1347314.229016, 4
1347314.249476, 4
1347314.269941, 4
1347314.290402, 4
1347314.310867, 4
1347314.331346, 4
1347314.351808, 4
1347314.372280, 4
1347314.392767, 4
1347314.413235, 4
1347314.433847, 4
1347314.454311, 4
1347314.474778, 4
1347314.495239, 4
1347314.515704, 4
1347314.536168, 4
1347314.556631, 4
1347314.577098, 4
1347314.597597, 4
1347314.618072, 4
1347314.638539, 4
1347314.659005, 4
1347314.679470, 4
1347314.699932, 4
1347314.720400, 4
1347314.740862, 4
1347314.761324, 4
1347314.781787, 4
1347314.802249, 4
1347314.822712, 4
1347314.843181, 4
1347314.863642, 4
1347314.884106, 4
1347314.904696, 4
1347314.925158, 4
1347314.945619, 4
1347314.966082, 4
1347314.986543, 4
1347315.007011, 4
1347315.027487, 4
1347315.047950, 4
1347315.068419, 4
1347315.088882, 4
1347315.109344, 4
1347315.129808, 4
1347315.150269, 4
1347315.170730, 4
1347315.191192, 4
1347315.211653, 4
1347315.232116, 4
1347315.252580, 4
1347315.273041, 4
1347315.293502, 4
1347315.313974, 4
1347315.334437, 4
1347315.354900, 4
1347315.375564, 4
1347315.396015, 4
1347315.416501, 4
1347315.436998, 4
1347315.457496, 4
1347315.477995, 4
1347315.498494, 4
1347315.518992, 4
1347315.539476, 4
1347315.559973, 4
1347315.580476, 4
1347315.600977, 4
1347315.621453, 4
1347315.641938, 4
1347315.662419, 4
1347315.682885, 4
1347315.703347, 4
1347315.723971, 4
1347315.744432, 4
1347315.764892, 4
1347315.785352, 4
1347315.805813, 4
1347315.826272, 4
1347315.846733, 4
1347315.867197, 4
1347315.887681, 4
1347315.908181, 4
1347315.928656, 4
1347315.949148, 4
1347315.969614, 4
1347315.990076, 4
1347316.010539, 4
1347316.031000, 4
1347316.051462, 4
1347316.071925, 4
1347316.092386, 4
1347316.112850, 4
1347316.133642, 4
1347316.154137, 4
1347316.174607, 4
1347316.195105, 4
1347316.215603, 4
1347316.236102, 4
1347316.256602, 4
1347316.277100, 4
1347316.297598, 4
1347316.318102, 4
1347316.338601, 4
1347316.359109, 4
1347316.379596, 4
1347316.400084, 4
1347316.420836, 4
1347316.441325, 4
1347316.461796, 4
1347316.482290, 4
1347316.502784, 4
1347316.523252, 4
1347316.543717, 4
1347316.564188, 4
1347316.584649, 4
1347316.605113, 4
1347316.625605, 4
1347316.646073, 4
1347316.666536, 4
1347316.686996, 4
1347316.707466, 4
1347316.727926, 4
1347316.748386, 4
1347316.768848, 4
1347316.789308, 4
1347316.809770, 4
1347316.830457, 4
1347316.850920, 4
1347316.871404, 4
1347316.891879, 4
1347316.912354, 4
1347316.932843, 4
1347316.953329, 4
1347316.973793, 4
1347316.994259, 4
1347317.014725, 4
1347317.035187, 4
1347317.055652, 4
1347317.086545, 4
1347317.107040, 4
1347317.127531, 4
1347317.148000, 4
1347317.168470, 4
1347317.188933, 4
1347317.209394, 4
1347317.229855, 4
1347317.250315, 4
1347317.270776, 4
1347317.291238, 4
1347317.311697, 4
1347317.332164, 4
1347317.352671, 4
1347317.373165, 4
1347317.393636, 4
1347317.414312, 4
1347317.434774, 4
1347317.455236, 4
1347317.475698, 4
1347317.496167, 4
1347317.516629, 4
1347317.537088, 4
1347317.557548, 4
1347317.578012, 4
1347317.598492, 4
1347317.618969, 4
1347317.639441, 4
1347317.659929, 4
1347317.680426, 4
1347317.700925, 4
1347317.721393, 4
1347317.741856, 4
1347317.762321, 4
1347317.782781, 4
1347317.803245, 4
1347317.823972, 4
1347317.844473, 4
1347317.864966, 4
1347317.885437, 4
1347317.905903, 4
1347317.926370, 4
1347317.946863, 4
1347317.967330, 4
1347317.987793, 4
1347318.008256, 4
1347318.028718, 4
1347318.049186, 4
1347318.069650, 4
1347318.090129, 4
1347318.110614, 4
1347318.131083, 4
1347318.151545, 4
1347318.172006, 4
1347318.192466, 4
1347318.212926, 4
1347318.233588, 4
1347318.254048, 4
1347318.274508, 4
1347318.294968, 4
1347318.315431, 4
1347318.335902, 4
1347318.356389, 4
1347318.376853, 4
1347318.397317, 4
1347318.417778, 4
1347318.438238, 4
1347318.458698, 4
1347318.479159, 4
1347318.499620, 4
1347318.520083, 4
1347318.540543, 4
1347318.561007, 4
1347318.581494, 4
1347318.601988, 4
1347318.622458, 4
1347318.642923, 4
1347318.663385, 4
1347318.683846, 4
1347318.704457, 4
1347318.724918, 4
1347318.745377, 4
1347318.765837, 4
1347318.786297, 4
1347318.806761, 4
1347318.827263, 4
1347318.847760, 4
1347318.868232, 4
1347318.888703, 4
1347318.909172, 4
1347318.929667, 4
1347318.950161, 4
1347318.970628, 4
1347318.991093, 4
1347319.011570, 4
1347319.032007, 4
1347319.052472, 4
1347319.072948, 4
1347319.093424, 4
1347319.114114, 4
1347319.134575, 4
1347319.155036, 4
1347319.175496, 4
1347319.195956, 4
1347319.216416, 4
1347319.236876, 4
1347319.257336, 4
1347319.277796, 4
1347319.298259, 4
1347319.318732, 4
1347319.339209, 4
1347319.359676, 4
1347319.380138, 4
1347319.400598, 4
1347319.421058, 4
1347319.441518, 4
1347319.461987, 4
1347319.482448, 4
1347319.502908, 4
1347319.523377, 4
1347319.543841, 4
1347319.564317, 4
1347319.585017, 4
1347319.605483, 4
1347319.625945, 4
1347319.646405, 4
1347319.666865, 4
1347319.687328, 4
1347319.707790, 4
1347319.728253, 4
1347319.748713, 4
1347319.769172, 4
1347319.789635, 4
1347319.810110, 4
1347319.830586, 4
1347319.851052, 4
1347319.871513, 4
1347319.891974, 4
1347319.912441, 4
1347319.932917, 4
1347319.953403, 4
1347319.973868, 4
1347319.994332, 4
1347320.014793, 4
1347320.035258, 4
1347320.055918, 4
1347320.076415, 4
1347320.096883, 4
1347320.117345, 4
1347320.137806, 4
1347320.158266, 4
1347320.178725, 4
1347320.199185, 4
1347320.219646, 4
1347320.240106, 4
1347320.260566, 4
1347320.281030, 4
1347320.301528, 4
1347320.322021, 4
1347320.342491, 4
1347320.362957, 4
1347320.383417, 4
1347320.403880, 4
1347320.424348, 4
1347320.444809, 4
1347320.465520, 4
1347320.485986, 4
1347320.506480, 4
1347320.526951, 4
1347320.547440, 4
1347320.567939, 4
1347320.588413, 4
1347320.608879, 4
1347320.629339, 4
1347320.649800, 4
1347320.670260, 4
1347320.690720, 4
1347320.711187, 4
1347320.731685, 4
1347320.752164, 4
1347320.772636, 4
1347320.793139, 4
1347320.813642, 4
1347320.834111, 4
1347320.854576, 4
1347320.875175, 4
1347320.895669, 4
1347320.916145, 4
1347320.936647, 4
1347320.957146, 4
1347320.977624, 4
1347320.998088, 4
1347321.018553, 4
1347321.039057, 4
1347321.059555, 4
1347321.080011, 4
1347321.100542, 4
1347321.121024, 4
1347321.141492, 4
1347321.161959, 4
1347321.182424, 4
1347321.202887, 4
1347321.223618, 4
1347321.244086, 4
1347321.264548, 4
1347321.285033, 4
1347321.305506, 4
1347321.325975, 4
1347321.346436, 4
1347321.366900, 4
1347321.387363, 4
1347321.407828, 4
1347321.428292, 4
1347321.448755, 4
1347321.469224, 4
1347321.489689, 4
1347321.510156, 4
1347321.530634, 4
1347321.551098, 4
1347321.571562, 4
1347321.592006, 4
1347321.612467, 4
1347321.632934, 4
1347321.653397, 4
1347321.673859, 4
1347321.694446, 4
1347321.714910, 4
1347321.735378, 4
1347321.755872, 4
1347321.776369, 4
1347321.796846, 4
1347321.817315, 4
1347321.837783, 4
1347321.858266, 4
1347321.878745, 4
1347321.899230, 4
1347321.919702, 4
1347321.940203, 4
1347321.960671, 4
1347321.981139, 4
1347322.001608, 4
1347322.022087, 4
1347322.042561, 4
1347322.087547, 4
1347322.108006, 4
1347322.128467, 4
1347322.148931, 4
1347322.169398, 4
1347322.189861, 4
1347322.210322, 4
1347322.230791, 4
1347322.251256, 4
1347322.271750, 4
1347322.292408, 4
1347322.312874, 4
1347322.333338, 4
1347322.353799, 4
1347322.374264, 4
1347322.394752, 4
1347322.415220, 4
1347322.435687, 4
1347322.456152, 4
1347322.476616, 4
1347322.497080, 4
1347322.517566, 4
1347322.538039, 4
1347322.558505, 4
1347322.578969, 4
1347322.599431, 4
1347322.619899, 4
1347322.640375, 4
1347322.660839, 4
1347322.681302, 4
1347322.702002, 4
1347322.722464, 4
1347322.742928, 4
1347322.763429, 4
1347322.783920, 4
1347322.804392, 4
1347322.824858, 4
1347322.845322, 4
1347322.865786, 4
1347322.886253, 4
1347322.906717, 4
1347322.927182, 4
1347322.947647, 4
1347322.968111, 4
1347322.988578, 4
1347323.009046, 4
1347323.029547, 4
1347323.050021, 4
1347323.070489, 4
1347323.090954, 4
1347323.111609, 4
1347323.132078, 4
1347323.152539, 4
1347323.173002, 4
1347323.193464, 4
1347323.213926, 4
1347323.234388, 4
1347323.254849, 4
1347323.275310, 4
1347323.295772, 4
1347323.316236, 4
1347323.336705, 4
1347323.357167, 4
1347323.377630, 4
1347323.398100, 4
1347323.418566, 4
1347323.439030, 4
1347323.459496, 4
1347323.479961, 4
1347323.500426, 4
1347323.520889, 4
1347323.541351, 4
1347323.561812, 4
1347323.582420, 4
1347323.602881, 4
1347323.623344, 4
1347323.643805, 4
1347323.664273, 4
1347323.684751, 4
1347323.705214, 4
1347323.725674, 4
1347323.746135, 4
1347323.766599, 4
1347323.787065, 4
1347323.807553, 4
1347323.828006, 4
1347323.848473, 4
1347323.868965, 4
1347323.889435, 4
1347323.909923, 4
1347323.930395, 4
1347323.950861, 4
1347323.971324, 4
1347323.992068, 4
1347324.012534, 4
1347324.033027, 4
1347324.053494, 4
1347324.073960, 4
1347324.094424, 4
1347324.114888, 4
1347324.135351, 4
1347324.155810, 4
1347324.176277, 4
1347324.196740, 4
1347324.217201, 4
1347324.237665, 4
1347324.258128, 4
1347324.278592, 4
1347324.299055, 4
1347324.319523, 4
1347324.340005, 4
1347324.360471, 4
1347324.380939, 4
1347324.401704, 4
1347324.422172, 4
1347324.442639, 4
1347324.463103, 4
1347324.483566, 4
1347324.504006, 4
1347324.524467, 4
1347324.544928, 4
1347324.565389, 4
1347324.585851, 4
1347324.606311, 4
1347324.626772, 4
1347324.647234, 4
1347324.667695, 4
1347324.688166, 4
1347324.708629, 4
1347324.729089, 4
1347324.749556, 4
1347324.770016, 4
1347324.790477, 4
1347324.810943, 4
1347324.831431, 4
1347324.851899, 4
1347324.872484, 4
1347324.892946, 4
1347324.913408, 4
1347324.933868, 4
1347324.954329, 4
1347324.974789, 4
1347324.995251, 4
1347325.015712, 4
1347325.036179, 4
1347325.056642, 4
1347325.077105, 4
1347325.097568, 4
1347325.118031, 4
1347325.138493, 4
1347325.158955, 4
1347325.179416, 4
1347325.199877, 4
1347325.220346, 4
1347325.240807, 4
1347325.261268, 4
1347325.281730, 4
1347325.302190, 4
1347325.322658, 4
1347325.343333, 4
1347325.363797, 4
1347325.384266, 4
1347325.404727, 4
1347325.425187, 4
1347325.445648, 4
1347325.466112, 4
1347325.486572, 4
1347325.507034, 4
1347325.527496, 4
1347325.547958, 4
1347325.568422, 4
1347325.588884, 4
1347325.609345, 4
1347325.629805, 4
1347325.650267, 4
1347325.670727, 4
1347325.691192, 4
1347325.711653, 4
1347325.732116, 4
1347325.752579, 4
1347325.773041, 4
1347325.793503, 4
1347325.814178, 4
1347325.834646, 4
1347325.855133, 4
1347325.875601, 4
1347325.896075, 4
1347325.916561, 4
1347325.937029, 4
1347325.957494, 4
1347325.977957, 4
1347325.998419, 4
1347326.018881, 4
1347326.039342, 4
1347326.059804, 4
1347326.080294, 4
1347326.100760, 4
1347326.121223, 4
1347326.141686, 4
1347326.162153, 4
1347326.182617, 4
1347326.203079, 4
1347326.223801, 4
1347326.244272, 4
1347326.264733, 4
1347326.285196, 4
1347326.305659, 4
1347326.326121, 4
1347326.346584, 4
1347326.367045, 4
1347326.387508, 4
1347326.407992, 4
1347326.428468, 4
1347326.448934, 4
1347326.469398, 4
1347326.489860, 4
1347326.510327, 4
1347326.530789, 4
1347326.551249, 4
1347326.571717, 4
1347326.592183, 4
1347326.612644, 4
1347326.633106, 4
1347326.653567, 4
1347326.674033, 4
1347326.694684, 4
1347326.715148, 4
1347326.735610, 4
1347326.756076, 4
1347326.776539, 4
1347326.797000, 4
1347326.817462, 4
1347326.837925, 4
1347326.858390, 4
1347326.878878, 4
1347326.899348, 4
1347326.919830, 4
1347326.940319, 4
1347326.960785, 4
1347326.981312, 4
1347327.001795, 4
1347327.022262, 4
1347327.042724, 4
1347327.064752, 4
1347327.085410, 4
1347327.105869, 4
1347327.126331, 4
1347327.146789, 4
1347327.167248, 4
1347327.187707, 4
1347327.208167, 4
1347327.228628, 4
1347327.249088, 4
1347327.269548, 4
1347327.290006, 4
1347327.310471, 4
1347327.330930, 4
1347327.351389, 4
1347327.371849, 4
1347327.392308, 4
1347327.412766, 4
1347327.433228, 4
1347327.453686, 4
1347327.474153, 4
1347327.494621, 4
1347327.515079, 4
1347327.535538, 4
1347327.556238, 4
1347327.576697, 4
1347327.597157, 4
1347327.617616, 4
1347327.638077, 4
1347327.658535, 4
1347327.678994, 4
1347327.699452, 4
1347327.719914, 4
1347327.740382, 4
1347327.760841, 4
1347327.781301, 4
1347327.801760, 4
1347327.822223, 4
1347327.842723, 4
1347327.863193, 4
1347327.883659, 4
1347327.904162, 4
1347327.924662, 4
1347327.945131, 4
1347327.965844, 4
1347327.986309, 4
1347328.006770, 4
1347328.027229, 4
1347328.047688, 4
1347328.068148, 4
1347328.088607, 4
1347328.109066, 4
1347328.129524, 4
1347328.149984, 4
1347328.170443, 4
1347328.190903, 4
1347328.211362, 4
1347328.231832, 4
1347328.252296, 4
1347328.272755, 4
1347328.293216, 4
1347328.313686, 4
1347328.334146, 4
1347328.354624, 4
1347328.375089, 4
1347328.395549, 4
1347328.416006, 4
1347328.436623, 4
1347328.457081, 4
1347328.477543, 4
1347328.498001, 4
1347328.518459, 4
1347328.538918, 4
1347328.559376, 4
1347328.579835, 4
1347328.600294, 4
1347328.620755, 4
1347328.641214, 4
1347328.661672, 4
1347328.682131, 4
1347328.702589, 4
1347328.723048, 4
1347328.743506, 4
1347328.763964, 4
1347328.784427, 4
1347328.804885, 4
1347328.825344, 4
1347328.845803, 4
1347328.866262, 4
1347328.886720, 4
1347328.907401, 4
1347328.927902, 4
1347328.948392, 4
1347328.968857, 4
1347328.989322, 4
1347329.009781, 4
1347329.030241, 4
1347329.050700, 4
1347329.071160, 4
1347329.091620, 4
1347329.112082, 4
1347329.132541, 4
1347329.153000, 4
1347329.173459, 4
1347329.193920, 4
1347329.214380, 4
1347329.234838, 4
1347329.255299, 4
1347329.275758, 4
1347329.296219, 4
1347329.316970, 4
1347329.337430, 4
1347329.357891, 4
1347329.378351, 4
1347329.398810, 4
1347329.419269, 4
1347329.439727, 4
1347329.460191, 4
1347329.480651, 4
1347329.501110, 4
1347329.521569, 4
1347329.542028, 4
1347329.562486, 4
1347329.582944, 4
1347329.603404, 4
1347329.623862, 4
1347329.644321, 4
1347329.664791, 4
1347329.685250, 4
1347329.705709, 4
1347329.726168, 4
1347329.746627, 4
1347329.767084, 4
1347329.787772, 4
1347329.808231, 4
1347329.828692, 4
1347329.849151, 4
1347329.869610, 4
1347329.890069, 4
1347329.910528, 4
1347329.930987, 4
1347329.951471, 4
1347329.971941, 4
1347329.992406, 4
1347330.012864, 4
1347330.033323, 4
1347330.053782, 4
1347330.074241, 4
1347330.094700, 4
1347330.115157, 4
1347330.135625, 4
1347330.156084, 4
1347330.176542, 4
1347330.197004, 4
1347330.217463, 4
1347330.237922, 4
1347330.258613, 4
1347330.279143, 4
1347330.299602, 4
1347330.320067, 4
1347330.340525, 4
1347330.360986, 4
1347330.381446, 4
1347330.401905, 4
1347330.422364, 4
1347330.442824, 4
1347330.463283, 4
1347330.483743, 4
1347330.504205, 4
1347330.524662, 4
1347330.545122, 4
1347330.565581, 4
1347330.586038, 4
1347330.606505, 4
1347330.626964, 4
1347330.647421, 4
1347330.667881, 4
1347330.688359, 4
1347330.708817, 4
1347330.729410, 4
1347330.749869, 4
1347330.770326, 4
1347330.790784, 4
1347330.811242, 4
1347330.831700, 4
1347330.852160, 4
1347330.872620, 4
1347330.893080, 4
1347330.913539, 4
1347330.933996, 4
1347330.954456, 4
1347330.974941, 4
1347330.995422, 4
1347331.015890, 4
1347331.036362, 4
1347331.056822, 4
1347331.077282, 4
1347331.097772, 4
1347331.118231, 4
1347331.138691, 4
1347331.159150, 4
1347331.179609, 4
1347331.200238, 4
1347331.220699, 4
1347331.241158, 4
1347331.261617, 4
1347331.282078, 4
1347331.302568, 4
1347331.323027, 4
1347331.343485, 4
1347331.363944, 4
1347331.384406, 4
1347331.404864, 4
1347331.425323, 4
1347331.445784, 4
1347331.466243, 4
1347331.486702, 4
1347331.507161, 4
1347331.527619, 4
1347331.548083, 4
1347331.568541, 4
1347331.588999, 4
1347331.609459, 4
1347331.629917, 4
1347331.650375, 4
1347331.671026, 4
1347331.691491, 4
1347331.711988, 4
1347331.732491, 4
1347331.752980, 4
1347331.773469, 4
1347331.793958, 4
1347331.814452, 4
1347331.834949, 4
1347331.855446, 4
1347331.875940, 4
1347331.896432, 4
1347331.916941, 4
1347331.937402, 4
1347331.957863, 4
1347331.978329, 4
1347331.998830, 4
1347332.019452, 4
1347332.039922, 4
1347332.060393, 4
1347332.080857, 4
1347332.101318, 4
1347332.121782, 4
1347332.142242, 4
1347332.162702, 4
1347332.183160, 4
1347332.203620, 4
1347332.224084, 4
1347332.244544, 4
1347332.265005, 4
1347332.285464, 4
1347332.305925, 4
1347332.326385, 4
1347332.346845, 4
1347332.367305, 4
1347332.387771, 4
1347332.408233, 4
1347332.428696, 4
1347332.449155, 4
1347332.469614, 4
1347332.490232, 4
1347332.510692, 4
1347332.531152, 4
1347332.551613, 4
1347332.572080, 4
1347332.592539, 4
1347332.612999, 4
1347332.633457, 4
1347332.653917, 4
1347332.674378, 4
1347332.694839, 4
1347332.715298, 4
1347332.735757, 4
1347332.756216, 4
1347332.776677, 4
1347332.797139, 4
1347332.817602, 4
1347332.838085, 4
1347332.858557, 4
1347332.879018, 4
1347332.899479, 4
1347332.919939, 4
1347332.940399, 4
1347332.961065, 4
1347332.981524, 4
1347333.001985, 4
1347333.022494, 4
1347333.042976, 4
1347333.063439, 4
1347333.083899, 4
1347333.104364, 4
1347333.124825, 4
1347333.145285, 4
1347333.165744, 4
1347333.186206, 4
1347333.206666, 4
1347333.227125, 4
1347333.247593, 4
1347333.268005, 4
1347333.288464, 4
1347333.308926, 4
1347333.329386, 4
1347333.349845, 4
1347333.370308, 4
1347333.390767, 4
1347333.411227, 4
1347333.431917, 4
1347333.452376, 4
1347333.472834, 4
1347333.493294, 4
1347333.513753, 4
1347333.534212, 4
1347333.554671, 4
1347333.575130, 4
1347333.595589, 4
1347333.616005, 4
1347333.636463, 4
1347333.656921, 4
1347333.677381, 4
1347333.697839, 4
1347333.718297, 4
1347333.738756, 4
1347333.759215, 4
1347333.779673, 4
1347333.800132, 4
1347333.820596, 4
1347333.841055, 4
1347333.861516, 4
1347333.881980, 4
1347333.902442, 4
1347333.922902, 4
1347333.943362, 4
1347333.964108, 4
1347333.984571, 4
1347334.005029, 4
1347334.025475, 4
1347334.045979, 4
1347334.066453, 4
1347334.086922, 4
1347334.107385, 4
1347334.127848, 4
1347334.148313, 4
1347334.168776, 4
1347334.189240, 4
1347334.209703, 4
1347334.230166, 4
1347334.250629, 4
1347334.271096, 4
1347334.291589, 4
1347334.312071, 4
1347334.332534, 4
1347334.352997, 4
1347334.373473, 4
1347334.393959, 4
1347334.414426, 4
1347334.435108, 4
1347334.455574, 4
1347334.476004, 4
1347334.496471, 4
1347334.516938, 4
1347334.537421, 4
1347334.557891, 4
1347334.578355, 4
1347334.598821, 4
1347334.619283, 4
1347334.639744, 4
1347334.660207, 4
1347334.680669, 4
1347334.701132, 4
1347334.721595, 4
1347334.742059, 4
1347334.762524, 4
1347334.783014, 4
1347334.803484, 4
1347334.823948, 4
1347334.844415, 4
1347334.864878, 4
1347334.885340, 4
1347334.906089, 4
1347334.926553, 4
1347334.947046, 4
1347334.967515, 4
1347334.987981, 4
1347335.008450, 4
1347335.028949, 4
1347335.049424, 4
1347335.069922, 4
1347335.090410, 4
1347335.110885, 4
1347335.131349, 4
1347335.151813, 4
1347335.172283, 4
1347335.192751, 4
1347335.213214, 4
1347335.233676, 4
1347335.254144, 4
1347335.274647, 4
1347335.295117, 4
1347335.315817, 4
1347335.336288, 4
1347335.356749, 4
1347335.377213, 4
1347335.397676, 4
1347335.418137, 4
1347335.438599, 4
1347335.459065, 4
1347335.479530, 4
1347335.499996, 4
1347335.520486, 4
1347335.540957, 4
1347335.561421, 4
1347335.581884, 4
1347335.602347, 4
1347335.622807, 4
1347335.643268, 4
1347335.663732, 4
1347335.684199, 4
1347335.704661, 4
1347335.725413, 4
1347335.745876, 4
1347335.766356, 4
1347335.786824, 4
1347335.807287, 4
1347335.827751, 4
1347335.848219, 4
1347335.868691, 4
1347335.889163, 4
1347335.909657, 4
1347335.930139, 4
1347335.950612, 4
1347335.971079, 4
1347335.991547, 4
1347336.012012, 4
1347336.032498, 4
1347336.052971, 4
1347336.073439, 4
1347336.093928, 4
1347336.114402, 4
1347336.135007, 4
1347336.155472, 4
1347336.175934, 4
1347336.196397, 4
1347336.216860, 4
1347336.237324, 4
1347336.257821, 4
1347336.278289, 4
1347336.298753, 4
1347336.319217, 4
1347336.339680, 4
1347336.360144, 4
1347336.380609, 4
1347336.401095, 4
1347336.421566, 4
1347336.442032, 4
1347336.462496, 4
1347336.482971, 4
1347336.503476, 4
1347336.523947, 4
1347336.544637, 4
1347336.565099, 4
1347336.585562, 4
1347336.606026, 4
1347336.626488, 4
1347336.646950, 4
1347336.667412, 4
1347336.687875, 4
1347336.708341, 4
1347336.728804, 4
1347336.749295, 4
1347336.769766, 4
1347336.790237, 4
1347336.810721, 4
1347336.831194, 4
1347336.851659, 4
1347336.872124, 4
1347336.892588, 4
1347336.913056, 4
1347336.933540, 4
1347336.954294, 4
1347336.974766, 4
1347336.995263, 4
1347337.015733, 4
1347337.036205, 4
1347337.056669, 4
1347337.093378, 4
1347337.113875, 4
1347337.134345, 4
1347337.154809, 4
1347337.175562, 4
1347337.196006, 4
1347337.216470, 4
1347337.236946, 4
1347337.257412, 4
1347337.277875, 4
1347337.298335, 4
1347337.318797, 4
1347337.339260, 4
1347337.359722, 4
1347337.380189, 4
1347337.400653, 4
1347337.421116, 4
1347337.441577, 4
1347337.462043, 4
1347337.482534, 4
1347337.503001, 4
1347337.523467, 4
1347337.543931, 4
1347337.564394, 4
1347337.584856, 4
1347337.605318, 4
1347337.625779, 4
1347337.646408, 4
1347337.666872, 4
1347337.687350, 4
1347337.707816, 4
1347337.728305, 4
1347337.748776, 4
1347337.769245, 4
1347337.789710, 4
1347337.810171, 4
1347337.830636, 4
1347337.851103, 4
1347337.871600, 4
1347337.892079, 4
1347337.912571, 4
1347337.933068, 4
1347337.953560, 4
1347337.974042, 4
1347337.994518, 4
1347338.014986, 4
1347338.035450, 4
1347338.056004, 4
1347338.076467, 4
1347338.096931, 4
1347338.117396, 4
1347338.137885, 4
1347338.158354, 4
1347338.178820, 4
1347338.199290, 4
1347338.219783, 4
1347338.240258, 4
1347338.260725, 4
1347338.281191, 4
1347338.301656, 4
1347338.322119, 4
1347338.342585, 4
1347338.363049, 4
1347338.383513, 4
1347338.404007, 4
1347338.424480, 4
1347338.444952, 4
1347338.465699, 4
1347338.486171, 4
1347338.506638, 4
1347338.527100, 4
1347338.547561, 4
1347338.568006, 4
1347338.588470, 4
1347338.608932, 4
1347338.629396, 4
1347338.649859, 4
1347338.670321, 4
1347338.690787, 4
1347338.711288, 4
1347338.731766, 4
1347338.752235, 4
1347338.772698, 4
1347338.793160, 4
1347338.813624, 4
1347338.834086, 4
1347338.854547, 4
1347338.875281, 4
1347338.895743, 4
1347338.916211, 4
1347338.936709, 4
1347338.957190, 4
1347338.977666, 4
1347338.998134, 4
1347339.018601, 4
1347339.039086, 4
1347339.059560, 4
1347339.080004, 4
1347339.100470, 4
1347339.120934, 4
1347339.141404, 4
1347339.161923, 4
1347339.182404, 4
1347339.202872, 4
1347339.223336, 4
1347339.243796, 4
1347339.264263, 4
1347339.284895, 4
1347339.305354, 4
1347339.325817, 4
1347339.346277, 4
1347339.366737, 4
1347339.387197, 4
1347339.407656, 4
1347339.428116, 4
1347339.448576, 4
1347339.469035, 4
1347339.489499, 4
1347339.509958, 4
1347339.530417, 4
1347339.550878, 4
1347339.571337, 4
1347339.591796, 4
1347339.612261, 4
1347339.632729, 4
1347339.653188, 4
1347339.673647, 4
1347339.694107, 4
1347339.714566, 4
1347339.735025, 4
1347339.755717, 4
1347339.776180, 4
1347339.796640, 4
1347339.817099, 4
1347339.837558, 4
1347339.858017, 4
1347339.878475, 4
1347339.898935, 4
1347339.919396, 4
1347339.939854, 4
1347339.960316, 4
1347339.980776, 4
1347340.001234, 4
1347340.021693, 4
1347340.042152, 4
1347340.062612, 4
1347340.083071, 4
1347340.103531, 4
1347340.123990, 4
1347340.144455, 4
1347340.164895, 4
1347340.185392, 4
1347340.205861, 4
1347340.226567, 4
1347340.247030, 4
1347340.267493, 4
1347340.287954, 4
1347340.308419, 4
1347340.328882, 4
1347340.349344, 4
1347340.369813, 4
1347340.390320, 4
1347340.410795, 4
1347340.431279, 4
1347340.451750, 4
1347340.472218, 4
1347340.492681, 4
1347340.513146, 4
1347340.533609, 4
1347340.554071, 4
1347340.574545, 4
1347340.595010, 4
1347340.615473, 4
1347340.636189, 4
1347340.656655, 4
1347340.677138, 4
1347340.697613, 4
1347340.718080, 4
1347340.738542, 4
1347340.759004, 4
1347340.779466, 4
1347340.799927, 4
1347340.820392, 4
1347340.840855, 4
1347340.861317, 4
1347340.881778, 4
1347340.902241, 4
1347340.922725, 4
1347340.943196, 4
1347340.963662, 4
1347340.984127, 4
1347341.004591, 4
1347341.025062, 4
1347341.045807, 4
1347341.066268, 4
1347341.086729, 4
1347341.107192, 4
1347341.127656, 4
1347341.148121, 4
1347341.168602, 4
1347341.189075, 4
1347341.209571, 4
1347341.230046, 4
1347341.250512, 4
1347341.270979, 4
1347341.291446, 4
1347341.311910, 4
1347341.332377, 4
1347341.352841, 4
1347341.373304, 4
1347341.393770, 4
1347341.414249, 4
1347341.434722, 4
1347341.455433, 4
1347341.475901, 4
1347341.496371, 4
1347341.516835, 4
1347341.537298, 4
1347341.557760, 4
1347341.578224, 4
1347341.598688, 4
1347341.619150, 4
1347341.639617, 4
1347341.660127, 4
1347341.680603, 4
1347341.701069, 4
1347341.721534, 4
1347341.742001, 4
1347341.762465, 4
1347341.782928, 4
1347341.803392, 4
1347341.823857, 4
1347341.844320, 4
1347341.865053, 4
1347341.885547, 4
1347341.906041, 4
1347341.926537, 4
1347341.947019, 4
1347341.967492, 4
1347341.987962, 4
1347342.008429, 4
1347342.028892, 4
1347342.049359, 4
1347342.098336, 4
1347342.118819, 4
1347342.139318, 4
1347342.159791, 4
1347342.180515, 4
1347342.200976, 4
1347342.221442, 4
1347342.241936, 4
1347342.262413, 4
1347342.282883, 4
1347342.303348, 4
1347342.323816, 4
1347342.344284, 4
1347342.364751, 4
1347342.385251, 4
1347342.405739, 4
1347342.426210, 4
1347342.446676, 4
1347342.467156, 4
1347342.487622, 4
1347342.508042, 4
1347342.528515, 4
1347342.548977, 4
1347342.569438, 4
1347342.590131, 4
1347342.610596, 4
1347342.631073, 4
1347342.651540, 4
1347342.672006, 4
1347342.692470, 4
1347342.712932, 4
1347342.733393, 4
1347342.753854, 4
1347342.774315, 4
1347342.794776, 4
1347342.815237, 4
1347342.835699, 4
1347342.856164, 4
1347342.876643, 4
1347342.897108, 4
1347342.917573, 4
1347342.938066, 4
1347342.958540, 4
1347342.979010, 4
1347342.999751, 4
1347343.020217, 4
1347343.040721, 4
1347343.061196, 4
1347343.081661, 4
1347343.102132, 4
1347343.122629, 4
1347343.143102, 4
1347343.163578, 4
1347343.184113, 4
1347343.204602, 4
1347343.225108, 4
1347343.245587, 4
1347343.266086, 4
1347343.286590, 4
1347343.307068, 4
1347343.327567, 4
1347343.348228, 4
1347343.368730, 4
1347343.389208, 4
1347343.409675, 4
1347343.430138, 4
1347343.450600, 4
1347343.471062, 4
1347343.491525, 4
1347343.511990, 4
1347343.532458, 4
1347343.552921, 4
1347343.573383, 4
1347343.593836, 4
1347343.614332, 4
1347343.634807, 4
1347343.655279, 4
1347343.675747, 4
1347343.696279, 4
1347343.716755, 4
1347343.737221, 4
1347343.757833, 4
1347343.778293, 4
1347343.798753, 4
1347343.819213, 4
1347343.839672, 4
1347343.860131, 4
1347343.880594, 4
1347343.901052, 4
1347343.921511, 4
1347343.941970, 4
1347343.962428, 4
1347343.982888, 4
1347344.003347, 4
1347344.023806, 4
1347344.044273, 4
1347344.064732, 4
1347344.085190, 4
1347344.105662, 4
1347344.126122, 4
1347344.146580, 4
1347344.167042, 4
1347344.187501, 4
1347344.207960, 4
1347344.228651, 4
1347344.249109, 4
1347344.269573, 4
1347344.290073, 4
1347344.310573, 4
1347344.331045, 4
1347344.351511, 4
1347344.371974, 4
1347344.392437, 4
1347344.412902, 4
1347344.433361, 4
1347344.453821, 4
1347344.474285, 4
1347344.494744, 4
1347344.515207, 4
1347344.535667, 4
1347344.556127, 4
1347344.576587, 4
1347344.597048, 4
1347344.617506, 4
1347344.638259, 4
1347344.658718, 4
1347344.679181, 4
1347344.699643, 4
1347344.720104, 4
1347344.740565, 4
1347344.761026, 4
1347344.781485, 4
1347344.801946, 4
1347344.822410, 4
1347344.842909, 4
1347344.863407, 4
1347344.883901, 4
1347344.904397, 4
1347344.924905, 4
1347344.945388, 4
1347344.965850, 4
1347344.986317, 4
1347345.006777, 4
1347345.027237, 4
1347345.047841, 4
1347345.068303, 4
1347345.088762, 4
1347345.109222, 4
1347345.129685, 4
1347345.150145, 4
1347345.170606, 4
1347345.191066, 4
1347345.211527, 4
1347345.231987, 4
1347345.252448, 4
1347345.272910, 4
1347345.293373, 4
1347345.313869, 4
1347345.334367, 4
1347345.354838, 4
1347345.375304, 4
1347345.395766, 4
1347345.416230, 4
1347345.436690, 4
1347345.457414, 4
1347345.477874, 4
1347345.498334, 4
1347345.518795, 4
1347345.539257, 4
1347345.559716, 4
1347345.580184, 4
1347345.600646, 4
1347345.621106, 4
1347345.641565, 4
1347345.662027, 4
1347345.682486, 4
1347345.702947, 4
1347345.723407, 4
1347345.743868, 4
1347345.764329, 4
1347345.784788, 4
1347345.805249, 4
1347345.825708, 4
1347345.846170, 4
1347345.866630, 4
1347345.887090, 4
1347345.907550, 4
1347345.928201, 4
1347345.948660, 4
1347345.969120, 4
1347345.989578, 4
1347346.010038, 4
1347346.030497, 4
1347346.050956, 4
1347346.071415, 4
1347346.091874, 4
1347346.112336, 4
1347346.132796, 4
1347346.153255, 4
1347346.173717, 4
1347346.194176, 4
1347346.214635, 4
1347346.235094, 4
1347346.255553, 4
1347346.276006, 4
1347346.296466, 4
1347346.316930, 4
1347346.337428, 4
1347346.357897, 4
1347346.378365, 4
1347346.399005, 4
1347346.419466, 4
1347346.439926, 4
1347346.460386, 4
1347346.480848, 4
1347346.501308, 4
1347346.521769, 4
1347346.542230, 4
1347346.562690, 4
1347346.583151, 4
1347346.603610, 4
1347346.624079, 4
1347346.644542, 4
1347346.665001, 4
1347346.685461, 4
1347346.705920, 4
1347346.726380, 4
1347346.746842, 4
1347346.767302, 4
1347346.787761, 4
1347346.808222, 4
1347346.828682, 4
1347346.849140, 4
1347346.869786, 4
1347346.890245, 4
1347346.910703, 4
1347346.931163, 4
1347346.951622, 4
1347346.972086, 4
1347346.992545, 4
1347347.013004, 4
1347347.033489, 4
1347347.053989, 4
1347347.103068, 4
1347347.123549, 4
1347347.144005, 4
1347347.164467, 4
1347347.185214, 4
1347347.205676, 4
1347347.226137, 4
1347347.246597, 4
1347347.267056, 4
1347347.287516, 4
1347347.307975, 4
1347347.328440, 4
1347347.348939, 4
1347347.369429, 4
1347347.389896, 4
1347347.410359, 4
1347347.430821, 4
1347347.451281, 4
1347347.471746, 4
1347347.492235, 4
1347347.512700, 4
1347347.533169, 4
1347347.553630, 4
1347347.574098, 4
1347347.594827, 4
1347347.615306, 4
1347347.635772, 4
1347347.656239, 4
1347347.676700, 4
1347347.697161, 4
1347347.717625, 4
1347347.738087, 4
1347347.758555, 4
1347347.779050, 4
1347347.799533, 4
1347347.820005, 4
1347347.840472, 4
1347347.860942, 4
1347347.881442, 4
1347347.901917, 4
1347347.922423, 4
1347347.943183, 4
1347347.963655, 4
1347347.984122, 4
1347348.004591, 4
1347348.025081, 4
1347348.045574, 4
1347348.066043, 4
1347348.086506, 4
1347348.106968, 4
1347348.127432, 4
1347348.147897, 4
1347348.168363, 4
1347348.188826, 4
1347348.209287, 4
1347348.229766, 4
1347348.250233, 4
1347348.270731, 4
1347348.291209, 4
1347348.311675, 4
1347348.332140, 4
1347348.352736, 4
1347348.373207, 4
1347348.393694, 4
1347348.414168, 4
1347348.434635, 4
1347348.455099, 4
1347348.475563, 4
1347348.496008, 4
1347348.516505, 4
1347348.536981, 4
1347348.557453, 4
1347348.577921, 4
1347348.598386, 4
1347348.618850, 4
1347348.639317, 4
1347348.659781, 4
1347348.680247, 4
1347348.700711, 4
1347348.721173, 4
1347348.741637, 4
1347348.762339, 4
1347348.782821, 4
1347348.803290, 4
1347348.823753, 4
1347348.844218, 4
1347348.864681, 4
1347348.885143, 4
1347348.905605, 4
1347348.926066, 4
1347348.946549, 4
1347348.967021, 4
1347348.987488, 4
1347349.007969, 4
1347349.028450, 4
1347349.048927, 4
1347349.069390, 4
1347349.089853, 4
1347349.110314, 4
1347349.130776, 4
1347349.151237, 4
1347349.171906, 4
1347349.192370, 4
1347349.212836, 4
1347349.233328, 4
1347349.253813, 4
1347349.274300, 4
1347349.294775, 4
1347349.315246, 4
1347349.335749, 4
1347349.356228, 4
1347349.376693, 4
1347349.397165, 4
1347349.417665, 4
1347349.438141, 4
1347349.458610, 4
1347349.479076, 4
1347349.499575, 4
1347349.520317, 4
1347349.540806, 4
1347349.561275, 4
1347349.581738, 4
1347349.602201, 4
1347349.622665, 4
1347349.643129, 4
1347349.663593, 4
1347349.684356, 4
1347349.704821, 4
1347349.725288, 4
1347349.745785, 4
1347349.766276, 4
1347349.786744, 4
1347349.807452, 4
1347349.827916, 4
1347349.848381, 4
1347349.868848, 4
1347349.889344, 4
1347349.909817, 4
1347349.930312, 4
1347349.950811, 4
1347349.971286, 4
1347349.991783, 4
1347350.012296, 4
1347350.032779, 4
1347350.053243, 4
1347350.073705, 4
1347350.094168, 4
1347350.114629, 4
1347350.135095, 4
1347350.155869, 4
1347350.176351, 4
1347350.196817, 4
1347350.217283, 4
1347350.237775, 4
1347350.258255, 4
1347350.278727, 4
1347350.299192, 4
1347350.319656, 4
1347350.340120, 4
1347350.360583, 4
1347350.381046, 4
1347350.401534, 4
1347350.422007, 4
1347350.442478, 4
1347350.462945, 4
1347350.483444, 4
1347350.504241, 4
1347350.524707, 4
1347350.545168, 4
1347350.565630, 4
1347350.586092, 4
1347350.606553, 4
1347350.627017, 4
1347350.647481, 4
1347350.667944, 4
1347350.688407, 4
1347350.708872, 4
1347350.729372, 4
1347350.749847, 4
1347350.770310, 4
1347350.790775, 4
1347350.811239, 4
1347350.831707, 4
1347350.852227, 4
1347350.872692, 4
1347350.893154, 4
1347350.913794, 4
1347350.934292, 4
1347350.954766, 4
1347350.975262, 4
1347350.995731, 4
1347351.016198, 4
1347351.036660, 4
1347351.057121, 4
1347351.077582, 4
1347351.098042, 4
1347351.118503, 4
1347351.138962, 4
1347351.159423, 4
1347351.179883, 4
1347351.200356, 4
1347351.220857, 4
1347351.241327, 4
1347351.261795, 4
1347351.282256, 4
1347351.302717, 4
1347351.323348, 4
1347351.343809, 4
1347351.364276, 4
1347351.384736, 4
1347351.405197, 4
1347351.425661, 4
1347351.446163, 4
1347351.466663, 4
1347351.487133, 4
1347351.507596, 4
1347351.528065, 4
1347351.548526, 4
1347351.568986, 4
1347351.589445, 4
1347351.609906, 4
1347351.630367, 4
1347351.650827, 4
1347351.671288, 4
1347351.691751, 4
1347351.712249, 4
1347351.732993, 4
1347351.753455, 4
1347351.773917, 4
1347351.794379, 4
1347351.814838, 4
1347351.835300, 4
1347351.855760, 4
1347351.876222, 4
1347351.896683, 4
1347351.917149, 4
1347351.937638, 4
1347351.958129, 4
1347351.978601, 4
1347351.999064, 4
1347352.019527, 4
1347352.039988, 4
1347352.060450, 4
1347352.107392, 4
1347352.127862, 4
1347352.148323, 4
1347352.168783, 4
1347352.189246, 4
1347352.209738, 4
1347352.230213, 4
1347352.250836, 4
1347352.271296, 4
1347352.291757, 4
1347352.312218, 4
1347352.332678, 4
1347352.353139, 4
1347352.373602, 4
1347352.394092, 4
1347352.414576, 4
1347352.435044, 4
1347352.455543, 4
1347352.476020, 4
1347352.496493, 4
1347352.516955, 4
1347352.537417, 4
1347352.557877, 4
1347352.578337, 4
1347352.598806, 4
1347352.619267, 4
1347352.639726, 4
1347352.660419, 4
1347352.680882, 4
1347352.701356, 4
1347352.721822, 4
1347352.742282, 4
1347352.762742, 4
1347352.783201, 4
1347352.803667, 4
1347352.824147, 4
1347352.844649, 4
1347352.865148, 4
1347352.885635, 4
1347352.906133, 4
1347352.926634, 4
1347352.947153, 4
1347352.967634, 4
1347352.988101, 4
1347353.008799, 4
1347353.029263, 4
1347353.049725, 4
1347353.070187, 4
1347353.090650, 4
1347353.111114, 4
1347353.131576, 4
1347353.152013, 4
1347353.172510, 4
1347353.193001, 4
1347353.213469, 4
1347353.233952, 4
1347353.254422, 4
1347353.274889, 4
1347353.295355, 4
1347353.315820, 4
1347353.336290, 4
1347353.356761, 4
1347353.377225, 4
1347353.397692, 4
1347353.418458, 4
1347353.438945, 4
1347353.459414, 4
1347353.479881, 4
1347353.500392, 4
1347353.520861, 4
1347353.541327, 4
1347353.561790, 4
1347353.582254, 4
1347353.602721, 4
1347353.623184, 4
1347353.643655, 4
1347353.664141, 4
1347353.684631, 4
1347353.705111, 4
1347353.725575, 4
1347353.746039, 4
1347353.766797, 4
1347353.787261, 4
1347353.807722, 4
1347353.828188, 4
1347353.848650, 4
1347353.869118, 4
1347353.889613, 4
1347353.910102, 4
1347353.930594, 4
1347353.951090, 4
1347353.971559, 4
1347353.992006, 4
1347354.012468, 4
1347354.032930, 4
1347354.053394, 4
1347354.073857, 4
1347354.094321, 4
1347354.114784, 4
1347354.135253, 4
1347354.155762, 4
1347354.176413, 4
1347354.196879, 4
1347354.217341, 4
1347354.237803, 4
1347354.258264, 4
1347354.278723, 4
1347354.299188, 4
1347354.319652, 4
1347354.340114, 4
1347354.360577, 4
1347354.381043, 4
1347354.401532, 4
1347354.422031, 4
1347354.442503, 4
1347354.462980, 4
1347354.483442, 4
1347354.503910, 4
1347354.524393, 4
1347354.544863, 4
1347354.565328, 4
1347354.585968, 4
1347354.606433, 4
1347354.626900, 4
1347354.647384, 4
1347354.667878, 4
1347354.688352, 4
1347354.708815, 4
1347354.729277, 4
1347354.749738, 4
1347354.770204, 4
1347354.790666, 4
1347354.811131, 4
1347354.831595, 4
1347354.852064, 4
1347354.872533, 4
1347354.893017, 4
1347354.913516, 4
1347354.934015, 4
1347354.954513, 4
1347354.974984, 4
1347354.995585, 4
1347355.016012, 4
1347355.036511, 4
1347355.056983, 4
1347355.077449, 4
1347355.097915, 4
1347355.118383, 4
1347355.138879, 4
1347355.159373, 4
1347355.179842, 4
1347355.200310, 4
1347355.220778, 4
1347355.241240, 4
1347355.261702, 4
1347355.282169, 4
1347355.302634, 4
1347355.323097, 4
1347355.343563, 4
1347355.364009, 4
1347355.384509, 4
1347355.405254, 4
1347355.425753, 4
1347355.446222, 4
1347355.466688, 4
1347355.487153, 4
1347355.507616, 4
1347355.528084, 4
1347355.548549, 4
1347355.569013, 4
1347355.589476, 4
1347355.609943, 4
1347355.630426, 4
1347355.650920, 4
1347355.671389, 4
1347355.691864, 4
1347355.712331, 4
1347355.732793, 4
1347355.753258, 4
1347355.773721, 4
1347355.794183, 4
1347355.814872, 4
1347355.835337, 4
1347355.855802, 4
1347355.876307, 4
1347355.896800, 4
1347355.917291, 4
1347355.937778, 4
1347355.958265, 4
1347355.978744, 4
1347355.999213, 4
1347356.019683, 4
1347356.040207, 4
1347356.060685, 4
1347356.081153, 4
1347356.101621, 4
1347356.122111, 4
1347356.142609, 4
1347356.163311, 4
1347356.183773, 4
1347356.204239, 4
1347356.224703, 4
1347356.245165, 4
1347356.265627, 4
1347356.286094, 4
1347356.306556, 4
1347356.327019, 4
1347356.347484, 4
1347356.367976, 4
1347356.388478, 4
1347356.408991, 4
1347356.429489, 4
1347356.449988, 4
1347356.470459, 4
1347356.490925, 4
1347356.511389, 4
1347356.531850, 4
1347356.552317, 4
1347356.573060, 4
1347356.593532, 4
1347356.613999, 4
1347356.634460, 4
1347356.654921, 4
1347356.675382, 4
1347356.695842, 4
1347356.716303, 4
1347356.736764, 4
1347356.757224, 4
1347356.777684, 4
1347356.798144, 4
1347356.818604, 4
1347356.839064, 4
1347356.859533, 4
1347356.879993, 4
1347356.900459, 4
1347356.920924, 4
1347356.941424, 4
1347356.961895, 4
1347356.982640, 4
1347357.003102, 4
1347357.023562, 4
1347357.044007, 4
1347357.064467, 4
1347357.084935, 4
1347357.105419, 4
1347357.125896, 4
1347357.146361, 4
1347357.166824, 4
1347357.187285, 4
1347357.207745, 4
1347357.228207, 4
1347357.248666, 4
1347357.269126, 4
1347357.289586, 4
1347357.310045, 4
1347357.330512, 4
1347357.351005, 4
1347357.371496, 4
1347357.391965, 4
1347357.412432, 4
1347357.432895, 4
1347357.453475, 4
1347357.473935, 4
1347357.494403, 4
1347357.514863, 4
1347357.535323, 4
1347357.555785, 4
1347357.576253, 4
1347357.596742, 4
1347357.617236, 4
1347357.637735, 4
1347357.658232, 4
1347357.678734, 4
1347357.699232, 4
1347357.719728, 4
1347357.740254, 4
1347357.760731, 4
1347357.781197, 4
1347357.801903, 4
1347357.822367, 4
1347357.842865, 4
1347357.863365, 4
1347357.883836, 4
1347357.904310, 4
1347357.924801, 4
1347357.945295, 4
1347357.965766, 4
1347357.986236, 4
1347358.006699, 4
1347358.027163, 4
1347358.047627, 4
1347358.068094, 4
1347358.088589, 4
1347358.109087, 4
1347358.129556, 4
1347358.150024, 4
1347358.170488, 4
1347358.190949, 4
1347358.211549, 4
1347358.232006, 4
1347358.252468, 4
1347358.272929, 4
1347358.293392, 4
1347358.313864, 4
1347358.334350, 4
1347358.354850, 4
1347358.375324, 4
1347358.395810, 4
1347358.416284, 4
1347358.436754, 4
1347358.457222, 4
1347358.477687, 4
1347358.498156, 4
1347358.518620, 4
1347358.539081, 4
1347358.559551, 4
1347358.580007, 4
1347358.600479, 4
1347358.621196, 4
1347358.641657, 4
1347358.662120, 4
1347358.682584, 4
1347358.703047, 4
1347358.723510, 4
1347358.743973, 4
1347358.764437, 4
1347358.784898, 4
1347358.805361, 4
1347358.825844, 4
1347358.846312, 4
1347358.866778, 4
1347358.887243, 4
1347358.907708, 4
1347358.928177, 4
1347358.948673, 4
1347358.969151, 4
1347358.989617, 4
1347359.010083, 4
1347359.030807, 4
1347359.051281, 4
1347359.071778, 4
1347359.092252, 4
1347359.112719, 4
1347359.133181, 4
1347359.153642, 4
1347359.174104, 4
1347359.194565, 4
1347359.215028, 4
1347359.235491, 4
1347359.255955, 4
1347359.276419, 4
1347359.296883, 4
1347359.317380, 4
1347359.337854, 4
1347359.358326, 4
1347359.378791, 4
1347359.399252, 4
1347359.419714, 4
1347359.440455, 4
1347359.460918, 4
1347359.481381, 4
1347359.501847, 4
1347359.522308, 4
1347359.542770, 4
1347359.563264, 4
1347359.583733, 4
1347359.604203, 4
1347359.624675, 4
1347359.645166, 4
1347359.665635, 4
1347359.686101, 4
1347359.706564, 4
1347359.727031, 4
1347359.747496, 4
1347359.767960, 4
1347359.788427, 4
1347359.808928, 4
1347359.829400, 4
1347359.850093, 4
1347359.870559, 4
1347359.891021, 4
1347359.911488, 4
1347359.931978, 4
1347359.952465, 4
1347359.972933, 4
1347359.993398, 4
1347360.013866, 4
1347360.034354, 4
1347360.054836, 4
1347360.075301, 4
1347360.095764, 4
1347360.116229, 4
1347360.136694, 4
1347360.157156, 4
1347360.177618, 4
1347360.198088, 4
1347360.218550, 4
1347360.239012, 4
1347360.259716, 4
1347360.280187, 4
1347360.300664, 4
1347360.321131, 4
1347360.341596, 4
1347360.362059, 4
1347360.382524, 4
1347360.403009, 4
1347360.423476, 4
1347360.443944, 4
1347360.464410, 4
1347360.484883, 4
1347360.505353, 4
1347360.525822, 4
1347360.546306, 4
1347360.566781, 4
1347360.587248, 4
1347360.607716, 4
1347360.628188, 4
1347360.648654, 4
1347360.669353, 4
1347360.689853, 4
1347360.710323, 4
1347360.730793, 4
1347360.751262, 4
1347360.771727, 4
1347360.792217, 4
1347360.812683, 4
1347360.833146, 4
1347360.853612, 4
1347360.874074, 4
1347360.894535, 4
1347360.915002, 4
1347360.935486, 4
1347360.955975, 4
1347360.976450, 4
1347360.996939, 4
1347361.017436, 4
1347361.037923, 4
1347361.058390, 4
1347361.078965, 4
1347361.099429, 4
1347361.119889, 4
1347361.140355, 4
1347361.160814, 4
1347361.181274, 4
1347361.201733, 4
1347361.222193, 4
1347361.242653, 4
1347361.263113, 4
1347361.283572, 4
1347361.304006, 4
1347361.324466, 4
1347361.344925, 4
1347361.365390, 4
1347361.385850, 4
1347361.406310, 4
1347361.426771, 4
1347361.447230, 4
1347361.467690, 4
1347361.488153, 4
1347361.508617, 4
1347361.529110, 4
1347361.549787, 4
1347361.570249, 4
1347361.590711, 4
1347361.611171, 4
1347361.631631, 4
1347361.652093, 4
1347361.672556, 4
1347361.693051, 4
1347361.713520, 4
1347361.733983, 4
1347361.754449, 4
1347361.774938, 4
1347361.795406, 4
1347361.815870, 4
1347361.836334, 4
1347361.856796, 4
1347361.877261, 4
1347361.897740, 4
1347361.918211, 4
1347361.938696, 4
1347361.959396, 4
1347361.979857, 4
1347362.000323, 4
1347362.020822, 4
1347362.041291, 4
1347362.061754, 4
1347362.082217, 4
1347362.102678, 4
1347362.123140, 4
1347362.143602, 4
1347362.164069, 4
1347362.184529, 4
1347362.204990, 4
1347362.225451, 4
1347362.245913, 4
1347362.266373, 4
1347362.286833, 4
1347362.307302, 4
1347362.327762, 4
1347362.348223, 4
1347362.368685, 4
1347362.389149, 4
1347362.409644, 4
1347362.430216, 4
1347362.450681, 4
1347362.471144, 4
1347362.491608, 4
1347362.512108, 4
1347362.532596, 4
1347362.553094, 4
1347362.573591, 4
1347362.594089, 4
1347362.614587, 4
1347362.635084, 4
1347362.655586, 4
1347362.676074, 4
1347362.696555, 4
1347362.717053, 4
1347362.737520, 4
1347362.757985, 4
1347362.778604, 4
1347362.799064, 4
1347362.819525, 4
1347362.839990, 4
1347362.860489, 4
1347362.880955, 4
1347362.901417, 4
1347362.921877, 4
1347362.942338, 4
1347362.962800, 4
1347362.983262, 4
1347363.003724, 4
1347363.024190, 4
1347363.044651, 4
1347363.065122, 4
1347363.085582, 4
1347363.106045, 4
1347363.126515, 4
1347363.146975, 4
1347363.167435, 4
1347363.187896, 4
1347363.208358, 4
1347363.228818, 4
1347363.249431, 4
1347363.269890, 4
1347363.290350, 4
1347363.310810, 4
1347363.331271, 4
1347363.351730, 4
1347363.372201, 4
1347363.392661, 4
1347363.413120, 4
1347363.433579, 4
1347363.454039, 4
1347363.474498, 4
1347363.494959, 4
1347363.515418, 4
1347363.535878, 4
1347363.556345, 4
1347363.576809, 4
1347363.597273, 4
1347363.617734, 4
1347363.638194, 4
1347363.658655, 4
1347363.679115, 4
1347363.699576, 4
1347363.720260, 4
1347363.740751, 4
1347363.761217, 4
1347363.781680, 4
1347363.802141, 4
1347363.822601, 4
1347363.843065, 4
1347363.863526, 4
1347363.883990, 4
1347363.904483, 4
1347363.924954, 4
1347363.945442, 4
1347363.965922, 4
1347363.986407, 4
1347364.006880, 4
1347364.027345, 4
1347364.047806, 4
1347364.068278, 4
1347364.088740, 4
1347364.109200, 4
1347364.129856, 4
1347364.150317, 4
1347364.170777, 4
1347364.191237, 4
1347364.211701, 4
1347364.232211, 4
1347364.252682, 4
1347364.273146, 4
1347364.293607, 4
1347364.314068, 4
1347364.334529, 4
1347364.354989, 4
1347364.375449, 4
1347364.395910, 4
1347364.416373, 4
1347364.436833, 4
1347364.457296, 4
1347364.477790, 4
1347364.498258, 4
1347364.518723, 4
1347364.539464, 4
1347364.559925, 4
1347364.580388, 4
1347364.600848, 4
1347364.621308, 4
1347364.641768, 4
1347364.662228, 4
1347364.682688, 4
1347364.703157, 4
1347364.723653, 4
1347364.744126, 4
1347364.764611, 4
1347364.785082, 4
1347364.805547, 4
1347364.826013, 4
1347364.846474, 4
1347364.866934, 4
1347364.887396, 4
1347364.907856, 4
1347364.928321, 4
1347364.949094, 4
1347364.969577, 4
1347364.990044, 4
1347365.010507, 4
1347365.030970, 4
1347365.051430, 4
1347365.071891, 4
1347365.092359, 4
1347365.112821, 4
1347365.133280, 4
1347365.153743, 4
1347365.174208, 4
1347365.194682, 4
1347365.215154, 4
1347365.235621, 4
1347365.256087, 4
1347365.276547, 4
1347365.297008, 4
1347365.317468, 4
1347365.337928, 4
1347365.358638, 4
1347365.379097, 4
1347365.399558, 4
1347365.420018, 4
1347365.440490, 4
1347365.460980, 4
1347365.481447, 4
1347365.501914, 4
1347365.522376, 4
1347365.542837, 4
1347365.563297, 4
1347365.583758, 4
1347365.604219, 4
1347365.624679, 4
1347365.645140, 4
1347365.665604, 4
1347365.686072, 4
1347365.706564, 4
1347365.727048, 4
1347365.747513, 4
1347365.768204, 4
1347365.788697, 4
1347365.809169, 4
1347365.829669, 4
1347365.850140, 4
1347365.870607, 4
1347365.891073, 4
1347365.911540, 4
1347365.932015, 4
1347365.952491, 4
1347365.972956, 4
1347365.993419, 4
1347366.013880, 4
1347366.034340, 4
1347366.054803, 4
1347366.075263, 4
1347366.095722, 4
1347366.116192, 4
1347366.136653, 4
1347366.157118, 4
1347366.177807, 4
1347366.198285, 4
1347366.218751, 4
1347366.239212, 4
1347366.259672, 4
1347366.280134, 4
1347366.300594, 4
1347366.321054, 4
1347366.341514, 4
1347366.361974, 4
1347366.382435, 4
1347366.402898, 4
1347366.423369, 4
1347366.443847, 4
1347366.464318, 4
1347366.484779, 4
1347366.505243, 4
1347366.525708, 4
1347366.546169, 4
1347366.566628, 4
1347366.587091, 4
1347366.607550, 4
1347366.628007, 4
1347366.648606, 4
1347366.669076, 4
1347366.689569, 4
1347366.710037, 4
1347366.730500, 4
1347366.750961, 4
1347366.771421, 4
1347366.791883, 4
1347366.812352, 4
1347366.832813, 4
1347366.853273, 4
1347366.873733, 4
1347366.894197, 4
1347366.914670, 4
1347366.935167, 4
1347366.955667, 4
1347366.976141, 4
1347366.996607, 4
1347367.017067, 4
1347367.037528, 4
1347367.058228, 4
1347367.078687, 4
1347367.121987, 4
1347367.142453, 4
1347367.162928, 4
1347367.183404, 4
1347367.204164, 4
1347367.224625, 4
1347367.245122, 4
1347367.265582, 4
1347367.286041, 4
1347367.306500, 4
1347367.326960, 4
1347367.347420, 4
1347367.367887, 4
1347367.388359, 4
1347367.408836, 4
1347367.429311, 4
1347367.449776, 4
1347367.470237, 4
1347367.490700, 4
1347367.511164, 4
1347367.531624, 4
1347367.552088, 4
1347367.572549, 4
1347367.593011, 4
1347367.613752, 4
1347367.634216, 4
1347367.654695, 4
1347367.675189, 4
1347367.695657, 4
1347367.716120, 4
1347367.736580, 4
1347367.757041, 4
1347367.777500, 4
1347367.797960, 4
1347367.818425, 4
1347367.838923, 4
1347367.859418, 4
1347367.879914, 4
1347367.900422, 4
1347367.920912, 4
1347367.941409, 4
1347367.962142, 4
1347367.982607, 4
1347368.003068, 4
1347368.023529, 4
1347368.043989, 4
1347368.064457, 4
1347368.084917, 4
1347368.105378, 4
1347368.125844, 4
1347368.146335, 4
1347368.166826, 4
1347368.187293, 4
1347368.207755, 4
1347368.228220, 4
1347368.248685, 4
1347368.269186, 4
1347368.289647, 4
1347368.310109, 4
1347368.330569, 4
1347368.351029, 4
1347368.371730, 4
1347368.392212, 4
1347368.412701, 4
1347368.433166, 4
1347368.453627, 4
1347368.474086, 4
1347368.494546, 4
1347368.515006, 4
1347368.535467, 4
1347368.555926, 4
1347368.576387, 4
1347368.596847, 4
1347368.617311, 4
1347368.637789, 4
1347368.658276, 4
1347368.678740, 4
1347368.699208, 4
1347368.719670, 4
1347368.740132, 4
1347368.760592, 4
1347368.781330, 4
1347368.801790, 4
1347368.822251, 4
1347368.842716, 4
1347368.863212, 4
1347368.883701, 4
1347368.904211, 4
1347368.924685, 4
1347368.945171, 4
1347368.965636, 4
1347368.986102, 4
1347369.006564, 4
1347369.027025, 4
1347369.047486, 4
1347369.067948, 4
1347369.088408, 4
1347369.108874, 4
1347369.129378, 4
1347369.149875, 4
1347369.170344, 4
1347369.190977, 4
1347369.211438, 4
1347369.231899, 4
1347369.252370, 4
1347369.272832, 4
1347369.293295, 4
1347369.313756, 4
1347369.334218, 4
1347369.354684, 4
1347369.375179, 4
1347369.395657, 4
1347369.416124, 4
1347369.436586, 4
1347369.457046, 4
1347369.477508, 4
1347369.497968, 4
1347369.518431, 4
1347369.538894, 4
1347369.559355, 4
1347369.579815, 4
1347369.600285, 4
1347369.620764, 4
1347369.641236, 4
1347369.661902, 4
1347369.682361, 4
1347369.702822, 4
1347369.723282, 4
1347369.743743, 4
1347369.764205, 4
1347369.784666, 4
1347369.805129, 4
1347369.825591, 4
1347369.846054, 4
1347369.866538, 4
1347369.887030, 4
1347369.907519, 4
1347369.927991, 4
1347369.948506, 4
1347369.968972, 4
1347369.989436, 4
1347370.009899, 4
1347370.030359, 4
1347370.050820, 4
1347370.071281, 4
1347370.091745, 4
1347370.112233, 4
1347370.132867, 4
1347370.153329, 4
1347370.173790, 4
1347370.194251, 4
1347370.214712, 4
1347370.235172, 4
1347370.255634, 4
1347370.276098, 4
1347370.296560, 4
1347370.317020, 4
1347370.337483, 4
1347370.357975, 4
1347370.378441, 4
1347370.398903, 4
1347370.419380, 4
1347370.439842, 4
1347370.460304, 4
1347370.480767, 4
1347370.501227, 4
1347370.521695, 4
1347370.542185, 4
1347370.562649, 4
1347370.583116, 4
1347370.603856, 4
1347370.624325, 4
1347370.644789, 4
1347370.665249, 4
1347370.685709, 4
1347370.706171, 4
1347370.726632, 4
1347370.747092, 4
1347370.767552, 4
1347370.788006, 4
1347370.808465, 4
1347370.828928, 4
1347370.849406, 4
1347370.869871, 4
1347370.890338, 4
1347370.910817, 4
1347370.931299, 4
1347370.951787, 4
1347370.972257, 4
1347370.992719, 4
1347371.013469, 4
1347371.033954, 4
1347371.054425, 4
1347371.074891, 4
1347371.095378, 4
1347371.115844, 4
1347371.136308, 4
1347371.156769, 4
1347371.177229, 4
1347371.197690, 4
1347371.218150, 4
1347371.238638, 4
1347371.259098, 4
1347371.279559, 4
1347371.300007, 4
1347371.320471, 4
1347371.340966, 4
1347371.361435, 4
1347371.381906, 4
1347371.402368, 4
1347371.423069, 4
1347371.443532, 4
1347371.463991, 4
1347371.484458, 4
1347371.504921, 4
1347371.525381, 4
1347371.545841, 4
1347371.566304, 4
1347371.586799, 4
1347371.607267, 4
1347371.627730, 4
1347371.648197, 4
1347371.668657, 4
1347371.689118, 4
1347371.709584, 4
1347371.730044, 4
1347371.750503, 4
1347371.770965, 4
1347371.791426, 4
1347371.811888, 4
1347371.832375, 4
1347371.852839, 4
1347371.873299, 4
1347371.893906, 4
1347371.914385, 4
1347371.934876, 4
1347371.955364, 4
1347371.975838, 4
1347371.996303, 4
1347372.016765, 4
1347372.037227, 4
1347372.057708, 4
1347372.078202, 4
1347372.126880, 4
1347372.147346, 4
1347372.167808, 4
1347372.188276, 4
1347372.208740, 4
1347372.229202, 4
1347372.249664, 4
1347372.270129, 4
1347372.290597, 4
1347372.311072, 4
1347372.331791, 4
1347372.352261, 4
1347372.372731, 4
1347372.393234, 4
1347372.413733, 4
1347372.434205, 4
1347372.454671, 4
1347372.475133, 4
1347372.495594, 4
1347372.516062, 4
1347372.536529, 4
1347372.557029, 4
1347372.577520, 4
1347372.597986, 4
1347372.618456, 4
1347372.638918, 4
1347372.659379, 4
1347372.679842, 4
1347372.700304, 4
1347372.720765, 4
1347372.741353, 4
1347372.761813, 4
1347372.782279, 4
1347372.802758, 4
1347372.823251, 4
1347372.843723, 4
1347372.864237, 4
1347372.884730, 4
1347372.905198, 4
1347372.925664, 4
1347372.946149, 4
1347372.966664, 4
1347372.987141, 4
1347373.007608, 4
1347373.028086, 4
1347373.048577, 4
1347373.069076, 4
1347373.089729, 4
1347373.110193, 4
1347373.130655, 4
1347373.151116, 4
1347373.171578, 4
1347373.192007, 4
1347373.212468, 4
1347373.232930, 4
1347373.253397, 4
1347373.273886, 4
1347373.294388, 4
1347373.314895, 4
1347373.335366, 4
1347373.355832, 4
1347373.376302, 4
1347373.396765, 4
1347373.417227, 4
1347373.437690, 4
1347373.458151, 4
1347373.478614, 4
1347373.499271, 4
1347373.519738, 4
1347373.540244, 4
1347373.560744, 4
1347373.581215, 4
1347373.601680, 4
1347373.622142, 4
1347373.642606, 4
1347373.663066, 4
1347373.683527, 4
1347373.703988, 4
1347373.724451, 4
1347373.744911, 4
1347373.765376, 4
1347373.785857, 4
1347373.806354, 4
1347373.826826, 4
1347373.847291, 4
1347373.867752, 4
1347373.888219, 4
1347373.908891, 4
1347373.929366, 4
1347373.949837, 4
1347373.970304, 4
1347373.990766, 4
1347374.011235, 4
1347374.031708, 4
1347374.052190, 4
1347374.072659, 4
1347374.093121, 4
1347374.113582, 4
1347374.134044, 4
1347374.154505, 4
1347374.174966, 4
1347374.195429, 4
1347374.215891, 4
1347374.236358, 4
1347374.256825, 4
1347374.277305, 4
1347374.297790, 4
1347374.318512, 4
1347374.338974, 4
1347374.359437, 4
1347374.379900, 4
1347374.400366, 4
1347374.420828, 4
1347374.441288, 4
1347374.461748, 4
1347374.482209, 4
1347374.502674, 4
1347374.523171, 4
1347374.543673, 4
1347374.564147, 4
1347374.584612, 4
1347374.605077, 4
1347374.625539, 4
1347374.645999, 4
1347374.666462, 4
1347374.686923, 4
1347374.707384, 4
1347374.728093, 4
1347374.748560, 4
1347374.769043, 4
1347374.789534, 4
1347374.810002, 4
1347374.830466, 4
1347374.850928, 4
1347374.871389, 4
1347374.891850, 4
1347374.912317, 4
1347374.932793, 4
1347374.953294, 4
1347374.973763, 4
1347374.994230, 4
1347375.014717, 4
1347375.035197, 4
1347375.055666, 4
1347375.076137, 4
1347375.096599, 4
1347375.117079, 4
1347375.137695, 4
1347375.158158, 4
1347375.178618, 4
1347375.199080, 4
1347375.219541, 4
1347375.240014, 4
1347375.260492, 4
1347375.280971, 4
1347375.301435, 4
1347375.321896, 4
1347375.342361, 4
1347375.362823, 4
1347375.383289, 4
1347375.403751, 4
1347375.424218, 4
1347375.444681, 4
1347375.465143, 4
1347375.485612, 4
1347375.506112, 4
1347375.526612, 4
1347375.547305, 4
1347375.567768, 4
1347375.588232, 4
1347375.608695, 4
1347375.629157, 4
1347375.649626, 4
1347375.670089, 4
1347375.690550, 4
1347375.711012, 4
1347375.731477, 4
1347375.751981, 4
1347375.772475, 4
1347375.792945, 4
1347375.813408, 4
1347375.833872, 4
1347375.854333, 4
1347375.874797, 4
1347375.895266, 4
1347375.915771, 4
1347375.936262, 4
1347375.956908, 4
1347375.977385, 4
1347375.997863, 4
1347376.018352, 4
1347376.038856, 4
1347376.059326, 4
1347376.079796, 4
1347376.100268, 4
1347376.120731, 4
1347376.141192, 4
1347376.161654, 4
1347376.182119, 4
1347376.202581, 4
1347376.223046, 4
1347376.243537, 4
1347376.264008, 4
1347376.284479, 4
1347376.304945, 4
1347376.325409, 4
1347376.345872, 4
1347376.366475, 4
1347376.386940, 4
1347376.407409, 4
1347376.427916, 4
1347376.448434, 4
1347376.468913, 4
1347376.489407, 4
1347376.509918, 4
1347376.530398, 4
1347376.550862, 4
1347376.571326, 4
1347376.591794, 4
1347376.612264, 4
1347376.632727, 4
1347376.653192, 4
1347376.673654, 4
1347376.694117, 4
1347376.714588, 4
1347376.735076, 4
1347376.755557, 4
1347376.776094, 4
1347376.796561, 4
1347376.817023, 4
1347376.837485, 4
1347376.857947, 4
1347376.878408, 4
1347376.898872, 4
1347376.919336, 4
1347376.939837, 4
1347376.960315, 4
1347376.980814, 4
1347377.001286, 4
1347377.021750, 4
1347377.042216, 4
1347377.062704, 4
1347377.083177, 4
1347377.103725, 4
1347377.124475, 4
1347377.144937, 4
1347377.165399, 4
1347377.185860, 4
1347377.206327, 4
1347377.226810, 4
1347377.247277, 4
1347377.267740, 4
1347377.288205, 4
1347377.308668, 4
1347377.329131, 4
1347377.349594, 4
1347377.370060, 4
1347377.390522, 4
1347377.410988, 4
1347377.431454, 4
1347377.451920, 4
1347377.472426, 4
1347377.492894, 4
1347377.513359, 4
1347377.534036, 4
1347377.554498, 4
1347377.574959, 4
1347377.595421, 4
1347377.615883, 4
1347377.636354, 4
1347377.656816, 4
1347377.677276, 4
1347377.697741, 4
1347377.718230, 4
1347377.738698, 4
1347377.759161, 4
1347377.779625, 4
1347377.800088, 4
1347377.820552, 4
1347377.841021, 4
1347377.861506, 4
1347377.881990, 4
1347377.902458, 4
1347377.922922, 4
1347377.943657, 4
1347377.964141, 4
1347377.984610, 4
1347378.005073, 4
1347378.025535, 4
1347378.046000, 4
1347378.066465, 4
1347378.086970, 4
1347378.107468, 4
1347378.127965, 4
1347378.148462, 4
1347378.168974, 4
1347378.189449, 4
1347378.209924, 4
1347378.230395, 4
1347378.250859, 4
1347378.271320, 4
1347378.291980, 4
1347378.312441, 4
1347378.332901, 4
1347378.353363, 4
1347378.373823, 4
1347378.394284, 4
1347378.414744, 4
1347378.435209, 4
1347378.455701, 4
1347378.476170, 4
1347378.496632, 4
1347378.517094, 4
1347378.537556, 4
1347378.558017, 4
1347378.578482, 4
1347378.598944, 4
1347378.619403, 4
1347378.639869, 4
1347378.660331, 4
1347378.680797, 4
1347378.701601, 4
1347378.722070, 4
1347378.742535, 4
1347378.762996, 4
1347378.783461, 4
1347378.803922, 4
1347378.824383, 4
1347378.844843, 4
1347378.865303, 4
1347378.885766, 4
1347378.906226, 4
1347378.926692, 4
1347378.947193, 4
1347378.967662, 4
1347378.988138, 4
1347379.008598, 4
1347379.029059, 4
1347379.049520, 4
1347379.069980, 4
1347379.090445, 4
1347379.111150, 4
1347379.131624, 4
1347379.152090, 4
1347379.172553, 4
1347379.193031, 4
1347379.213500, 4
1347379.233963, 4
1347379.254425, 4
1347379.274885, 4
1347379.295350, 4
1347379.315810, 4
1347379.336275, 4
1347379.356735, 4
1347379.377204, 4
1347379.397669, 4
1347379.418135, 4
1347379.438634, 4
1347379.459103, 4
1347379.479566, 4
1347379.500007, 4
1347379.520664, 4
1347379.541127, 4
1347379.561590, 4
1347379.582051, 4
1347379.602513, 4
1347379.622974, 4
1347379.643433, 4
1347379.663898, 4
1347379.684407, 4
1347379.704877, 4
1347379.725339, 4
1347379.745800, 4
1347379.766277, 4
1347379.786739, 4
1347379.807202, 4
1347379.827664, 4
1347379.848126, 4
1347379.868589, 4
1347379.889049, 4
1347379.909512, 4
1347379.930297, 4
1347379.950794, 4
1347379.971272, 4
1347379.991736, 4
1347380.012201, 4
1347380.032678, 4
1347380.053141, 4
1347380.073603, 4
1347380.094064, 4
1347380.114526, 4
1347380.135011, 4
1347380.155490, 4
1347380.175986, 4
1347380.196468, 4
1347380.216933, 4
1347380.237398, 4
1347380.257860, 4
1347380.278324, 4
1347380.298784, 4
1347380.319245, 4
1347380.339850, 4
1347380.360311, 4
1347380.380771, 4
1347380.401235, 4
1347380.421718, 4
1347380.442185, 4
1347380.462649, 4
1347380.483109, 4
1347380.503572, 4
1347380.524011, 4
1347380.544474, 4
1347380.564936, 4
1347380.585396, 4
1347380.605857, 4
1347380.626316, 4
1347380.646782, 4
1347380.667267, 4
1347380.687751, 4
1347380.708215, 4
1347380.728676, 4
1347380.749141, 4
1347380.769603, 4
1347380.790063, 4
1347380.810642, 4
1347380.831129, 4
1347380.851599, 4
1347380.872070, 4
1347380.892535, 4
1347380.913027, 4
1347380.933518, 4
1347380.953996, 4
1347380.974460, 4
1347380.994924, 4
1347381.015386, 4
1347381.035848, 4
1347381.056313, 4
1347381.076774, 4
1347381.097241, 4
1347381.117702, 4
1347381.138167, 4
1347381.158651, 4
1347381.179117, 4
1347381.199580, 4
1347381.220211, 4
1347381.240672, 4
1347381.261134, 4
1347381.281597, 4
1347381.302057, 4
1347381.322518, 4
1347381.342978, 4
1347381.363438, 4
1347381.383910, 4
1347381.404398, 4
1347381.424866, 4
1347381.445328, 4
1347381.465789, 4
1347381.486253, 4
1347381.506715, 4
1347381.527177, 4
1347381.547638, 4
1347381.568101, 4
1347381.588564, 4
1347381.609024, 4
1347381.629777, 4
1347381.650270, 4
1347381.670738, 4
1347381.691203, 4
1347381.711664, 4
1347381.732125, 4
1347381.752586, 4
1347381.773046, 4
1347381.793509, 4
1347381.813971, 4
1347381.834431, 4
1347381.854891, 4
1347381.875359, 4
1347381.895841, 4
1347381.916315, 4
1347381.936813, 4
1347381.957290, 4
1347381.977756, 4
1347381.998222, 4
1347382.018684, 4
1347382.039368, 4
1347382.059828, 4
1347382.080290, 4
1347382.103391, 4
1347382.124151, 4
1347382.144639, 4
1347382.165132, 4
1347382.185624, 4
1347382.206101, 4
1347382.226569, 4
1347382.247031, 4
1347382.267493, 4
1347382.287954, 4
1347382.308416, 4
1347382.328878, 4
1347382.349343, 4
1347382.369816, 4
1347382.390305, 4
1347382.410792, 4
1347382.431257, 4
1347382.451722, 4
1347382.472200, 4
1347382.492662, 4
1347382.513129, 4
1347382.533805, 4
1347382.554269, 4
1347382.574729, 4
1347382.595195, 4
1347382.615689, 4
1347382.636200, 4
1347382.656698, 4
1347382.677196, 4
1347382.697687, 4
1347382.718185, 4
1347382.738683, 4
1347382.759187, 4
1347382.779660, 4
1347382.800123, 4
1347382.820587, 4
1347382.841053, 4
1347382.861541, 4
1347382.882204, 4
1347382.902672, 4
1347382.923141, 4
1347382.943632, 4
1347382.964102, 4
1347382.984567, 4
1347383.005030, 4
1347383.025498, 4
1347383.045959, 4
1347383.066418, 4
1347383.086881, 4
1347383.107349, 4
1347383.127824, 4
1347383.148292, 4
1347383.168771, 4
1347383.190016, 4
1347383.210506, 4
1347383.230973, 4
1347383.251436, 4
1347383.271899, 4
1347383.292366, 4
1347383.312825, 4
1347383.333288, 4
1347383.353781, 4
1347383.374248, 4
1347383.394715, 4
1347383.415177, 4
1347383.435638, 4
1347383.456103, 4
1347383.476562, 4
1347383.497020, 4
1347383.517707, 4
1347383.538164, 4
1347383.558625, 4
1347383.579090, 4
1347383.599556, 4
1347383.620004, 4
1347383.640468, 4
1347383.660930, 4
1347383.681389, 4
1347383.701848, 4
1347383.722306, 4
1347383.742766, 4
1347383.763225, 4
1347383.783685, 4
1347383.804145, 4
1347383.824607, 4
1347383.845104, 4
1347383.865584, 4
1347383.886048, 4
1347383.906509, 4
1347383.927262, 4
1347383.947761, 4
1347383.968235, 4
1347383.988703, 4
1347384.009165, 4
1347384.029628, 4
1347384.050089, 4
1347384.070557, 4
1347384.091032, 4
1347384.111497, 4
1347384.131960, 4
1347384.152419, 4
1347384.172878, 4
1347384.193338, 4
1347384.213804, 4
1347384.234290, 4
1347384.254786, 4
1347384.275288, 4
1347384.295760, 4
1347384.316234, 4
1347384.336870, 4
1347384.357338, 4
1347384.377801, 4
1347384.398264, 4
1347384.418724, 4
1347384.439200, 4
1347384.459663, 4
1347384.480124, 4
1347384.500583, 4
1347384.521045, 4
1347384.541504, 4
1347384.561972, 4
1347384.582467, 4
1347384.602934, 4
1347384.623397, 4
1347384.643859, 4
1347384.664320, 4
1347384.684788, 4
1347384.705248, 4
1347384.725707, 4
1347384.746385, 4
1347384.766845, 4
1347384.787304, 4
1347384.807767, 4
1347384.828257, 4
1347384.848721, 4
1347384.869185, 4
1347384.889647, 4
1347384.910112, 4
1347384.930597, 4
1347384.951061, 4
1347384.971523, 4
1347384.991984, 4
1347385.012450, 4
1347385.032912, 4
1347385.053376, 4
1347385.073877, 4
1347385.094347, 4
1347385.114812, 4
1347385.135273, 4
1347385.155911, 4
1347385.176375, 4
1347385.196834, 4
1347385.217294, 4
1347385.237762, 4
1347385.258263, 4
1347385.278762, 4
1347385.299261, 4
1347385.319747, 4
1347385.340244, 4
1347385.360741, 4
1347385.381241, 4
1347385.401717, 4
1347385.422183, 4
1347385.442645, 4
1347385.463106, 4
1347385.483565, 4
1347385.504234, 4
1347385.524694, 4
1347385.545156, 4
1347385.565628, 4
1347385.586091, 4
1347385.606557, 4
1347385.627021, 4
1347385.647480, 4
1347385.667940, 4
1347385.688399, 4
1347385.708859, 4
1347385.729321, 4
1347385.749780, 4
1347385.770239, 4
1347385.790705, 4
1347385.811204, 4
1347385.831673, 4
1347385.852140, 4
1347385.872601, 4
1347385.893067, 4
1347385.913780, 4
1347385.934276, 4
1347385.954745, 4
1347385.975207, 4
1347385.995668, 4
1347386.016128, 4
1347386.036592, 4
1347386.057089, 4
1347386.077555, 4
1347386.098016, 4
1347386.118479, 4
1347386.138938, 4
1347386.159397, 4
1347386.179857, 4
1347386.200318, 4
1347386.220781, 4
1347386.241248, 4
1347386.261742, 4
1347386.282220, 4
1347386.302679, 4
1347386.323303, 4
1347386.343756, 4
1347386.364209, 4
1347386.384661, 4
1347386.405113, 4
1347386.425567, 4
1347386.446019, 4
1347386.466473, 4
1347386.486924, 4
1347386.507380, 4
1347386.527862, 4
1347386.548321, 4
1347386.568775, 4
1347386.589227, 4
1347386.609678, 4
1347386.630131, 4
1347386.650587, 4
1347386.671048, 4
1347386.691501, 4
1347386.711953, 4
1347386.732417, 4
1347386.752868, 4
1347386.773319, 4
1347386.794026, 4
1347386.814476, 4
1347386.834937, 4
1347386.855396, 4
1347386.875855, 4
1347386.896315, 4
1347386.916774, 4
1347386.937232, 4
1347386.957692, 4
1347386.978150, 4
1347386.998609, 4
1347387.019071, 4
1347387.039530, 4
1347387.059989, 4
1347387.080455, 4
1347387.100919, 4
1347387.121389, 4
1347387.141851, 4
1347387.162312, 4
1347387.182771, 4
1347387.203515, 4
1347387.223974, 4
1347387.244436, 4
1347387.264906, 4
1347387.285464, 4
1347387.305952, 4
1347387.326420, 4
1347387.346885, 4
1347387.367348, 4
1347387.387811, 4
1347387.408275, 4
1347387.428736, 4
1347387.449195, 4
1347387.469657, 4
1347387.490119, 4
1347387.510581, 4
1347387.531071, 4
1347387.551538, 4
1347387.572005, 4
1347387.592466, 4
1347387.613069, 4
1347387.633528, 4
1347387.653987, 4
1347387.674451, 4
1347387.694911, 4
1347387.715370, 4
1347387.735831, 4
1347387.756296, 4
1347387.776790, 4
1347387.797260, 4
1347387.817721, 4
1347387.838182, 4
1347387.858647, 4
1347387.879146, 4
1347387.899617, 4
1347387.920090, 4
1347387.940564, 4
1347387.961033, 4
1347387.981493, 4
1347388.001957, 4
1347388.022629, 4
1347388.043097, 4
1347388.063559, 4
1347388.084004, 4
1347388.104464, 4
1347388.124927, 4
1347388.145385, 4
1347388.165843, 4
1347388.186305, 4
1347388.206763, 4
1347388.227222, 4
1347388.247685, 4
1347388.268158, 4
1347388.288636, 4
1347388.309166, 4
1347388.329650, 4
1347388.350112, 4
1347388.370630, 4
1347388.391101, 4
1347388.411568, 4
1347388.432196, 4
1347388.452656, 4
1347388.473116, 4
1347388.493580, 4
1347388.514073, 4
1347388.534545, 4
1347388.555008, 4
1347388.575472, 4
1347388.595932, 4
1347388.616391, 4
1347388.636850, 4
1347388.657309, 4
1347388.677771, 4
1347388.698234, 4
1347388.718697, 4
1347388.739161, 4
1347388.759656, 4
1347388.780127, 4
1347388.800591, 4
1347388.821052, 4
1347388.841757, 4
1347388.862217, 4
1347388.882677, 4
1347388.903136, 4
1347388.923601, 4
1347388.944111, 4
1347388.964586, 4
1347388.985047, 4
1347389.005518, 4
1347389.025982, 4
1347389.046442, 4
1347389.066901, 4
1347389.087376, 4
1347389.107834, 4
1347389.128293, 4
1347389.148750, 4
1347389.169206, 4
1347389.189667, 4
1347389.210121, 4
1347389.230582, 4
1347389.251331, 4
1347389.271796, 4
1347389.292260, 4
1347389.312714, 4
1347389.333177, 4
1347389.353658, 4
1347389.374122, 4
1347389.394579, 4
1347389.415035, 4
1347389.435495, 4
1347389.455953, 4
1347389.476414, 4
1347389.496899, 4
1347389.517367, 4
1347389.537834, 4
1347389.558300, 4
1347389.578765, 4
1347389.599231, 4
1347389.619697, 4
1347389.640161, 4
1347389.660887, 4
1347389.681349, 4
1347389.701811, 4
1347389.722279, 4
1347389.742778, 4
1347389.763249, 4
1347389.783718, 4
1347389.804192, 4
1347389.824657, 4
1347389.845120, 4
1347389.865586, 4
1347389.886051, 4
1347389.906519, 4
1347389.927018, 4
1347389.947508, 4
1347389.967979, 4
1347389.988447, 4
1347390.008912, 4
1347390.029376, 4
1347390.049838, 4
1347390.070459, 4
1347390.090924, 4
1347390.111387, 4
1347390.131852, 4
1347390.152317, 4
1347390.172782, 4
1347390.193246, 4
1347390.213710, 4
1347390.234173, 4
1347390.254637, 4
1347390.275098, 4
1347390.295564, 4
1347390.316005, 4
1347390.336470, 4
1347390.356946, 4
1347390.377439, 4
1347390.397926, 4
1347390.418400, 4
1347390.438870, 4
1347390.459342, 4
1347390.480006, 4
1347390.500475, 4
1347390.520942, 4
1347390.541410, 4
1347390.561886, 4
1347390.582352, 4
1347390.602818, 4
1347390.623284, 4
1347390.643748, 4
1347390.664213, 4
1347390.684677, 4
1347390.705140, 4
1347390.725605, 4
1347390.746070, 4
1347390.766537, 4
1347390.787006, 4
1347390.807493, 4
1347390.828010, 4
1347390.848481, 4
1347390.868945, 4
1347390.889572, 4
1347390.910037, 4
1347390.930528, 4
1347390.951021, 4
1347390.971510, 4
1347390.991975, 4
1347391.012437, 4
1347391.032897, 4
1347391.053357, 4
1347391.073817, 4
1347391.094276, 4
1347391.114735, 4
1347391.135196, 4
1347391.155655, 4
1347391.176118, 4
1347391.196582, 4
1347391.217077, 4
1347391.237560, 4
1347391.258022, 4
1347391.278482, 4
1347391.299164, 4
1347391.319623, 4
1347391.340085, 4
1347391.360544, 4
1347391.381015, 4
1347391.401498, 4
1347391.421962, 4
1347391.442426, 4
1347391.462912, 4
1347391.483384, 4
1347391.503847, 4
1347391.524308, 4
1347391.544769, 4
1347391.565228, 4
1347391.585690, 4
1347391.606151, 4
1347391.626610, 4
1347391.647079, 4
1347391.667539, 4
1347391.688014, 4
1347391.708519, 4
1347391.728993, 4
1347391.749459, 4
1347391.770097, 4
1347391.790559, 4
1347391.811019, 4
1347391.831478, 4
1347391.851938, 4
1347391.872399, 4
1347391.892859, 4
1347391.913323, 4
1347391.933805, 4
1347391.954286, 4
1347391.974758, 4
1347391.995221, 4
1347392.015685, 4
1347392.036167, 4
1347392.056644, 4
1347392.077106, 4
1347392.097567, 4
1347392.118036, 4
1347392.138497, 4
1347392.158958, 4
1347392.179422, 4
1347392.199926, 4
1347392.220407, 4
1347392.240910, 4
1347392.261371, 4
1347392.281832, 4
1347392.302292, 4
1347392.322752, 4
1347392.343212, 4
1347392.363672, 4
1347392.384136, 4
1347392.404630, 4
1347392.425127, 4
1347392.445617, 4
1347392.466084, 4
1347392.486547, 4
1347392.507009, 4
1347392.527472, 4
1347392.547931, 4
1347392.568392, 4
1347392.588862, 4
1347392.609322, 4
1347392.629782, 4
1347392.650468, 4
1347392.670932, 4
1347392.691426, 4
1347392.711896, 4
1347392.732368, 4
1347392.752831, 4
1347392.773293, 4
1347392.793758, 4
1347392.814220, 4
1347392.834684, 4
1347392.855150, 4
1347392.875631, 4
1347392.896113, 4
1347392.916582, 4
1347392.937076, 4
1347392.957577, 4
1347392.978050, 4
1347392.998516, 4
1347393.018982, 4
1347393.039485, 4
1347393.060008, 4
1347393.080471, 4
1347393.100932, 4
1347393.121393, 4
1347393.141853, 4
1347393.162316, 4
1347393.182822, 4
1347393.203298, 4
1347393.223762, 4
1347393.244226, 4
1347393.264688, 4
1347393.285149, 4
1347393.305613, 4
1347393.326105, 4
1347393.346606, 4
1347393.367077, 4
1347393.387539, 4
1347393.408016, 4
1347393.428525, 4
1347393.449015, 4
1347393.469613, 4
1347393.490078, 4
1347393.510540, 4
1347393.531001, 4
1347393.551461, 4
1347393.571923, 4
1347393.592385, 4
1347393.612845, 4
1347393.633305, 4
1347393.653774, 4
1347393.674274, 4
1347393.694745, 4
1347393.715209, 4
1347393.735670, 4
1347393.756153, 4
1347393.776617, 4
1347393.797079, 4
1347393.817548, 4
1347393.838009, 4
1347393.858472, 4
1347393.879172, 4
1347393.899636, 4
1347393.920126, 4
1347393.940629, 4
1347393.961105, 4
1347393.981572, 4
1347394.002034, 4
1347394.022499, 4
1347394.042959, 4
1347394.063419, 4
1347394.083880, 4
1347394.104347, 4
1347394.124811, 4
1347394.145287, 4
1347394.165770, 4
1347394.186239, 4
1347394.206703, 4
1347394.227167, 4
1347394.247628, 4
1347394.268090, 4
1347394.288726, 4
1347394.309189, 4
1347394.329654, 4
1347394.350114, 4
1347394.370579, 4
1347394.391052, 4
1347394.411532, 4
1347394.432007, 4
1347394.452476, 4
1347394.472975, 4
1347394.493459, 4
1347394.513927, 4
1347394.534388, 4
1347394.554855, 4
1347394.575319, 4
1347394.595784, 4
1347394.616290, 4
1347394.636790, 4
1347394.657274, 4
1347394.677739, 4
1347394.698291, 4
1347394.718755, 4
1347394.739216, 4
1347394.759681, 4
1347394.780143, 4
1347394.800605, 4
1347394.821067, 4
1347394.841529, 4
1347394.861998, 4
1347394.882477, 4
1347394.902960, 4
1347394.923437, 4
1347394.943928, 4
1347394.964397, 4
1347394.984871, 4
1347395.005333, 4
1347395.025802, 4
1347395.046265, 4
1347395.066729, 4
1347395.087192, 4
1347395.107851, 4
1347395.128334, 4
1347395.148828, 4
1347395.169297, 4
1347395.189759, 4
1347395.210220, 4
1347395.230680, 4
1347395.251146, 4
1347395.271611, 4
1347395.292077, 4
1347395.312537, 4
1347395.333001, 4
1347395.353471, 4
1347395.373956, 4
1347395.394446, 4
1347395.414920, 4
1347395.435385, 4
1347395.455854, 4
1347395.476326, 4
1347395.496829, 4
1347395.517436, 4
1347395.537902, 4
1347395.558367, 4
1347395.578831, 4
1347395.599296, 4
1347395.619771, 4
1347395.640244, 4
1347395.660709, 4
1347395.681172, 4
1347395.701633, 4
1347395.722093, 4
1347395.742554, 4
1347395.763013, 4
1347395.783472, 4
1347395.803944, 4
1347395.824434, 4
1347395.844904, 4
1347395.865406, 4
1347395.885902, 4
1347395.906373, 4
1347395.926971, 4
1347395.947469, 4
1347395.967938, 4
1347395.988403, 4
1347396.008872, 4
1347396.029352, 4
1347396.049822, 4
1347396.070285, 4
1347396.090751, 4
1347396.111228, 4
1347396.131720, 4
1347396.152203, 4
1347396.172666, 4
1347396.193127, 4
1347396.213603, 4
1347396.234067, 4
1347396.254528, 4
1347396.275285, 4
1347396.295745, 4
1347396.316208, 4
1347396.336673, 4
1347396.357169, 4
1347396.377663, 4
1347396.398130, 4
1347396.418595, 4
1347396.439056, 4
1347396.459517, 4
1347396.479977, 4
1347396.500442, 4
1347396.520948, 4
1347396.541416, 4
1347396.561882, 4
1347396.582350, 4
1347396.602854, 4
1347396.623654, 4
1347396.644130, 4
1347396.664594, 4
1347396.685055, 4
1347396.705516, 4
1347396.725976, 4
1347396.746438, 4
1347396.766897, 4
1347396.787357, 4
1347396.807816, 4
1347396.828284, 4
1347396.848786, 4
1347396.869282, 4
1347396.889751, 4
1347396.910222, 4
1347396.930692, 4
1347396.951188, 4
1347396.971933, 4
1347396.992397, 4
1347397.012859, 4
1347397.033319, 4
1347397.053781, 4
1347397.074246, 4
1347397.094752, 4
1347397.115956, 4
1347397.136680, 4
1347397.157146, 4
1347397.177609, 4
1347397.198071, 4
1347397.218534, 4
1347397.238994, 4
1347397.259457, 4
1347397.279918, 4
1347397.300379, 4
1347397.320844, 4
1347397.341345, 4
1347397.361830, 4
1347397.382310, 4
1347397.402778, 4
1347397.423241, 4
1347397.443703, 4
1347397.464165, 4
1347397.484628, 4
1347397.505082, 4
1347397.525582, 4
1347397.546194, 4
1347397.566652, 4
1347397.587106, 4
1347397.607559, 4
1347397.628006, 4
1347397.648459, 4
1347397.668915, 4
1347397.689368, 4
1347397.709819, 4
1347397.730272, 4
1347397.750725, 4
1347397.771176, 4
1347397.791629, 4
1347397.812083, 4
1347397.832534, 4
1347397.852991, 4
1347397.873465, 4
1347397.893929, 4
1347397.914387, 4
1347397.934841, 4
1347397.955299, 4
1347397.975786, 4
1347397.996253, 4
1347398.016955, 4
1347398.037416, 4
1347398.057877, 4
1347398.078340, 4
1347398.098800, 4
1347398.119259, 4
1347398.139720, 4
1347398.160187, 4
1347398.180646, 4
1347398.201107, 4
1347398.221567, 4
1347398.242027, 4
1347398.262488, 4
1347398.282951, 4
1347398.303412, 4
1347398.323871, 4
1347398.344333, 4
1347398.364795, 4
1347398.385255, 4
1347398.405732, 4
1347398.426194, 4
1347398.446655, 4
1347398.467116, 4
1347398.487746, 4
1347398.508212, 4
1347398.528706, 4
1347398.549175, 4
1347398.569663, 4
1347398.590135, 4
1347398.610600, 4
1347398.631062, 4
1347398.651522, 4
1347398.671984, 4
1347398.692448, 4
1347398.712909, 4
1347398.733368, 4
1347398.753828, 4
1347398.774291, 4
1347398.794751, 4
1347398.815210, 4
1347398.835670, 4
1347398.856130, 4
1347398.876590, 4
1347398.897323, 4
1347398.917791, 4
1347398.938258, 4
1347398.958721, 4
1347398.979183, 4
1347398.999644, 4
1347399.020105, 4
1347399.040565, 4
1347399.061026, 4
1347399.081487, 4
1347399.101945, 4
1347399.122406, 4
1347399.142865, 4
1347399.163324, 4
1347399.183792, 4
1347399.204254, 4
1347399.224715, 4
1347399.245182, 4
1347399.265642, 4
1347399.286102, 4
1347399.306572, 4
1347399.327032, 4
1347399.347491, 4
1347399.368084, 4
1347399.388548, 4
1347399.409050, 4
1347399.429522, 4
1347399.449985, 4
1347399.470446, 4
1347399.490907, 4
1347399.511370, 4
1347399.531847, 4
1347399.552313, 4
1347399.572782, 4
1347399.593273, 4
1347399.613745, 4
1347399.634210, 4
1347399.654675, 4
1347399.675137, 4
1347399.695599, 4
1347399.716068, 4
1347399.736530, 4
1347399.756991, 4
1347399.777647, 4
1347399.798108, 4
1347399.818569, 4
1347399.839029, 4
1347399.859490, 4
1347399.879951, 4
1347399.900412, 4
1347399.920875, 4
1347399.941340, 4
1347399.961810, 4
1347399.982272, 4
1347400.002733, 4
1347400.023194, 4
1347400.043656, 4
1347400.064118, 4
1347400.084579, 4
1347400.105040, 4
1347400.125501, 4
1347400.145963, 4
1347400.166424, 4
1347400.186884, 4
1347400.207345, 4
1347400.227806, 4
1347400.248462, 4
1347400.268923, 4
1347400.289384, 4
1347400.309843, 4
1347400.330304, 4
1347400.350763, 4
1347400.371224, 4
1347400.391684, 4
1347400.412147, 4
1347400.432610, 4
1347400.453072, 4
1347400.473531, 4
1347400.493992, 4
1347400.514456, 4
1347400.534953, 4
1347400.555426, 4
1347400.575892, 4
1347400.596427, 4
1347400.616920, 4
1347400.637387, 4
1347400.658070, 4
1347400.678538, 4
1347400.699001, 4
1347400.719463, 4
1347400.739925, 4
1347400.760389, 4
1347400.780877, 4
1347400.801346, 4
1347400.821814, 4
1347400.842279, 4
1347400.862742, 4
1347400.883207, 4
1347400.903672, 4
1347400.924137, 4
1347400.944618, 4
1347400.965085, 4
1347400.985555, 4
1347401.006023, 4
1347401.026522, 4
1347401.046995, 4
1347401.067660, 4
1347401.088157, 4
1347401.108647, 4
1347401.129122, 4
1347401.149592, 4
1347401.170056, 4
1347401.190522, 4
1347401.210984, 4
1347401.231444, 4
1347401.251906, 4
1347401.272368, 4
1347401.292829, 4
1347401.313293, 4
1347401.333753, 4
1347401.354217, 4
1347401.374679, 4
1347401.395140, 4
1347401.415604, 4
1347401.436070, 4
1347401.456530, 4
1347401.477275, 4
1347401.497735, 4
1347401.518195, 4
1347401.538658, 4
1347401.559119, 4
1347401.579579, 4
1347401.600005, 4
1347401.620485, 4
1347401.640980, 4
1347401.661448, 4
1347401.681916, 4
1347401.702379, 4
1347401.722842, 4
1347401.743304, 4
1347401.763774, 4
1347401.784237, 4
1347401.804696, 4
1347401.825158, 4
1347401.845621, 4
1347401.866079, 4
1347401.886540, 4
1347401.907001, 4
1347401.927460, 4
1347401.948004, 4
1347401.968464, 4
1347401.988922, 4
1347402.009386, 4
1347402.029845, 4
1347402.050305, 4
1347402.070766, 4
1347402.091225, 4
1347402.111683, 4
1347402.132142, 4
1347402.152601, 4
1347402.173059, 4
1347402.193518, 4
1347402.213978, 4
1347402.234436, 4
1347402.254895, 4
1347402.275355, 4
1347402.295815, 4
1347402.316279, 4
1347402.336738, 4
1347402.357200, 4
1347402.377662, 4
1347402.398125, 4
1347402.418831, 4
1347402.439292, 4
1347402.459752, 4
1347402.480211, 4
1347402.500674, 4
1347402.521133, 4
1347402.541592, 4
1347402.562054, 4
1347402.582513, 4
1347402.602972, 4
1347402.623430, 4
1347402.643892, 4
1347402.664394, 4
1347402.684864, 4
1347402.705331, 4
1347402.725800, 4
1347402.746262, 4
1347402.766733, 4
1347402.787196, 4
1347402.807657, 4
1347402.828122, 4
1347402.848582, 4
1347402.869049, 4
1347402.889769, 4
1347402.910235, 4
1347402.930703, 4
1347402.951164, 4
1347402.971627, 4
1347402.992089, 4
1347403.012552, 4
1347403.033017, 4
1347403.053477, 4
1347403.073955, 4
1347403.094421, 4
1347403.114882, 4
1347403.135344, 4
1347403.155805, 4
1347403.176274, 4
1347403.196738, 4
1347403.217199, 4
1347403.237662, 4
1347403.258125, 4
1347403.278586, 4
1347403.299049, 4
1347403.319512, 4
1347403.339973, 4
1347403.360657, 4
1347403.381117, 4
1347403.401582, 4
1347403.422042, 4
1347403.442503, 4
1347403.462964, 4
1347403.483424, 4
1347403.503884, 4
1347403.524349, 4
1347403.544809, 4
1347403.565269, 4
1347403.585732, 4
1347403.606193, 4
1347403.626655, 4
1347403.647115, 4
1347403.667577, 4
1347403.688078, 4
1347403.708551, 4
1347403.729016, 4
1347403.749477, 4
1347403.769943, 4
1347403.790405, 4
1347403.810868, 4
1347403.831597, 4
1347403.852062, 4
1347403.872524, 4
1347403.892984, 4
1347403.913445, 4
1347403.933907, 4
1347403.954368, 4
1347403.974831, 4
1347403.995291, 4
1347404.015752, 4
1347404.036218, 4
1347404.056681, 4
1347404.077142, 4
1347404.097602, 4
1347404.118062, 4
1347404.138523, 4
1347404.158984, 4
1347404.179447, 4
1347404.199908, 4
1347404.220369, 4
1347404.240830, 4
1347404.261295, 4
1347404.281755, 4
1347404.302387, 4
1347404.322849, 4
1347404.343309, 4
1347404.363770, 4
1347404.384233, 4
1347404.404693, 4
1347404.425157, 4
1347404.445617, 4
1347404.466078, 4
1347404.486542, 4
1347404.507003, 4
1347404.527466, 4
1347404.547930, 4
1347404.568394, 4
1347404.588862, 4
1347404.609321, 4
1347404.629780, 4
1347404.650240, 4
1347404.670699, 4
1347404.691163, 4
1347404.711665, 4
1347404.732133, 4
1347404.752600, 4
1347404.773148, 4
1347404.793610, 4
1347404.814073, 4
1347404.834568, 4
1347404.855060, 4
1347404.875557, 4
1347404.896008, 4
1347404.916505, 4
1347404.937004, 4
1347404.957502, 4
1347404.977994, 4
1347404.998497, 4
1347405.018972, 4
1347405.039439, 4
1347405.059902, 4
1347405.080371, 4
1347405.100834, 4
1347405.121537, 4
1347405.141996, 4
1347405.162454, 4
1347405.182913, 4
1347405.203372, 4
1347405.223831, 4
1347405.244292, 4
1347405.264751, 4
1347405.285209, 4
1347405.305668, 4
1347405.326127, 4
1347405.346586, 4
1347405.367045, 4
1347405.387506, 4
1347405.407967, 4
1347405.428426, 4
1347405.448885, 4
1347405.469348, 4
1347405.489807, 4
1347405.510266, 4
1347405.530732, 4
1347405.551192, 4
1347405.571650, 4
1347405.592318, 4
1347405.612776, 4
1347405.633238, 4
1347405.653698, 4
1347405.674157, 4
1347405.694619, 4
1347405.715080, 4
1347405.735567, 4
1347405.756005, 4
1347405.776469, 4
1347405.796931, 4
1347405.817391, 4
1347405.837853, 4
1347405.858314, 4
1347405.878774, 4
1347405.899234, 4
1347405.919693, 4
1347405.940155, 4
1347405.960616, 4
1347405.981078, 4
1347406.001538, 4
1347406.021998, 4
1347406.042460, 4
1347406.063182, 4
1347406.083641, 4
1347406.104101, 4
1347406.124561, 4
1347406.145023, 4
1347406.165482, 4
1347406.185942, 4
1347406.206406, 4
1347406.226864, 4
1347406.247324, 4
1347406.267784, 4
1347406.288243, 4
1347406.308702, 4
1347406.329161, 4
1347406.349619, 4
1347406.370081, 4
1347406.390540, 4
1347406.411000, 4
1347406.431459, 4
1347406.451921, 4
1347406.472381, 4
1347406.492840, 4
1347406.513298, 4
1347406.533984, 4
1347406.554442, 4
1347406.574902, 4
1347406.595360, 4
1347406.615819, 4
1347406.636279, 4
1347406.656738, 4
1347406.677198, 4
1347406.697656, 4
1347406.718115, 4
1347406.738579, 4
1347406.759067, 4
1347406.779566, 4
1347406.800072, 4
1347406.820569, 4
1347406.841040, 4
1347406.861509, 4
1347406.881970, 4
1347406.902431, 4
1347406.922892, 4
1347406.943597, 4
1347406.964062, 4
1347406.984524, 4
1347407.004983, 4
1347407.025442, 4
1347407.045901, 4
1347407.066360, 4
1347407.086819, 4
1347407.107278, 4
1347407.127737, 4
1347407.148195, 4
1347407.168654, 4
1347407.189113, 4
1347407.209572, 4
1347407.230031, 4
1347407.250490, 4
1347407.270948, 4
1347407.291409, 4
1347407.311867, 4
1347407.332330, 4
1347407.352792, 4
1347407.373251, 4
1347407.393710, 4
1347407.414349, 4
1347407.434809, 4
1347407.455269, 4
1347407.475729, 4
1347407.496193, 4
1347407.516651, 4
1347407.537113, 4
1347407.557575, 4
1347407.578034, 4
1347407.598492, 4
1347407.618952, 4
1347407.639410, 4
1347407.659869, 4
1347407.680329, 4
1347407.700788, 4
1347407.721263, 4
1347407.741724, 4
1347407.762190, 4
1347407.782677, 4
1347407.803143, 4
1347407.823609, 4
1347407.844074, 4
1347407.864540, 4
1347407.885218, 4
1347407.905683, 4
1347407.926148, 4
1347407.946609, 4
1347407.967069, 4
1347407.987529, 4
1347408.007989, 4
1347408.028450, 4
1347408.048911, 4
1347408.069369, 4
1347408.089834, 4
1347408.110294, 4
1347408.130754, 4
1347408.151215, 4
1347408.171676, 4
1347408.192136, 4
1347408.212597, 4
1347408.233058, 4
1347408.253517, 4
1347408.273977, 4
1347408.294733, 4
1347408.315192, 4
1347408.335653, 4
1347408.356114, 4
1347408.376573, 4
1347408.397033, 4
1347408.417497, 4
1347408.437955, 4
1347408.458415, 4
1347408.478876, 4
1347408.499335, 4
1347408.519795, 4
1347408.540261, 4
1347408.560721, 4
1347408.581183, 4
1347408.601642, 4
1347408.622102, 4
1347408.642565, 4
1347408.663024, 4
1347408.683483, 4
1347408.703951, 4
1347408.724410, 4
1347408.744869, 4
1347408.765551, 4
1347408.786015, 4
1347408.806505, 4
1347408.826976, 4
1347408.847440, 4
1347408.867908, 4
1347408.888369, 4
1347408.908829, 4
1347408.929290, 4
1347408.949755, 4
1347408.970214, 4
1347408.990674, 4
1347409.011134, 4
1347409.031594, 4
1347409.052063, 4
1347409.072522, 4
1347409.092982, 4
1347409.113453, 4
1347409.133912, 4
1347409.154373, 4
1347409.174835, 4
1347409.195295, 4
1347409.215754, 4
1347409.236351, 4
1347409.256810, 4
1347409.277275, 4
1347409.297735, 4
1347409.318193, 4
1347409.338655, 4
1347409.359113, 4
1347409.379572, 4
1347409.400004, 4
1347409.420467, 4
1347409.440927, 4
1347409.461387, 4
1347409.481846, 4
1347409.502305, 4
1347409.522764, 4
1347409.543223, 4
1347409.563682, 4
1347409.584150, 4
1347409.604613, 4
1347409.625071, 4
1347409.645532, 4
1347409.665998, 4
1347409.686458, 4
1347409.707138, 4
1347409.727597, 4
1347409.748068, 4
1347409.768530, 4
1347409.788988, 4
1347409.809451, 4
1347409.829940, 4
1347409.850412, 4
1347409.870877, 4
1347409.891339, 4
1347409.911798, 4
1347409.932265, 4
1347409.952726, 4
1347409.973185, 4
1347409.993649, 4
1347410.014109, 4
1347410.034569, 4
1347410.055036, 4
1347410.075498, 4
1347410.095957, 4
1347410.116418, 4
1347410.136878, 4
1347410.157341, 4
1347410.177936, 4
1347410.198397, 4
1347410.218857, 4
1347410.239318, 4
1347410.259778, 4
1347410.280239, 4
1347410.300698, 4
1347410.321158, 4
1347410.341616, 4
1347410.362077, 4
1347410.382536, 4
1347410.402996, 4
1347410.423456, 4
1347410.443916, 4
1347410.464379, 4
1347410.484839, 4
1347410.505299, 4
1347410.525763, 4
1347410.546223, 4
1347410.566681, 4
1347410.587142, 4
1347410.607602, 4
1347410.628067, 4
1347410.648731, 4
1347410.669194, 4
1347410.689656, 4
1347410.710122, 4
1347410.730620, 4
1347410.751125, 4
1347410.771623, 4
1347410.792122, 4
1347410.812626, 4
1347410.833125, 4
1347410.853615, 4
1347410.874112, 4
1347410.894589, 4
1347410.915059, 4
1347410.935558, 4
1347410.956004, 4
1347410.976471, 4
1347410.997131, 4
1347411.017592, 4
1347411.038051, 4
1347411.058512, 4
1347411.078972, 4
1347411.099433, 4
1347411.119893, 4
1347411.140359, 4
1347411.160818, 4
1347411.181278, 4
1347411.201738, 4
1347411.222198, 4
1347411.242659, 4
1347411.263118, 4
1347411.283578, 4
1347411.304006, 4
1347411.324465, 4
1347411.344925, 4
1347411.365385, 4
1347411.385844, 4
1347411.406307, 4
1347411.426769, 4
1347411.447229, 4
1347411.467931, 4
1347411.488392, 4
1347411.508851, 4
1347411.529311, 4
1347411.549770, 4
1347411.570231, 4
1347411.590691, 4
1347411.611151, 4
1347411.631611, 4
1347411.652075, 4
1347411.672535, 4
1347411.692993, 4
1347411.713453, 4
1347411.733911, 4
1347411.754371, 4
1347411.774832, 4
1347411.795291, 4
1347411.815753, 4
1347411.836214, 4
1347411.856679, 4
1347411.877176, 4
1347411.897657, 4
1347411.918124, 4
1347411.938735, 4
1347411.959195, 4
1347411.979655, 4
1347412.000116, 4
1347412.020578, 4
1347412.041040, 4
1347412.061500, 4
1347412.081959, 4
1347412.102418, 4
1347412.125329, 4
1347412.145890, 4
1347412.166349, 4
1347412.186810, 4
1347412.207270, 4
1347412.227729, 4
1347412.248196, 4
1347412.268656, 4
1347412.289115, 4
1347412.309577, 4
1347412.330036, 4
1347412.350495, 4
1347412.370956, 4
1347412.391433, 4
1347412.411898, 4
1347412.432364, 4
1347412.452823, 4
1347412.473287, 4
1347412.493750, 4
1347412.514210, 4
1347412.534674, 4
1347412.555135, 4
1347412.575593, 4
1347412.596005, 4
1347412.616695, 4
1347412.637154, 4
1347412.657613, 4
1347412.678072, 4
1347412.698530, 4
1347412.718989, 4
1347412.739448, 4
1347412.759906, 4
1347412.780366, 4
1347412.800832, 4
1347412.821291, 4
1347412.841751, 4
1347412.862213, 4
1347412.882678, 4
1347412.903181, 4
1347412.923661, 4
1347412.944127, 4
1347412.964599, 4
1347412.985064, 4
1347413.005524, 4
1347413.025986, 4
1347413.046449, 4
1347413.066908, 4
1347413.087510, 4
1347413.107970, 4
1347413.128430, 4
1347413.148890, 4
1347413.169352, 4
1347413.189812, 4
1347413.210273, 4
1347413.230735, 4
1347413.251195, 4
1347413.271656, 4
1347413.292116, 4
1347413.312576, 4
1347413.333035, 4
1347413.353497, 4
1347413.373957, 4
1347413.394416, 4
1347413.414879, 4
1347413.435347, 4
1347413.455807, 4
1347413.476272, 4
1347413.496733, 4
1347413.517192, 4
1347413.537651, 4
1347413.558328, 4
1347413.578787, 4
1347413.599246, 4
1347413.619706, 4
1347413.640167, 4
1347413.660629, 4
1347413.681089, 4
1347413.701548, 4
1347413.722008, 4
1347413.742471, 4
1347413.762930, 4
1347413.783392, 4
1347413.803852, 4
1347413.824315, 4
1347413.844774, 4
1347413.865236, 4
1347413.885696, 4
1347413.906159, 4
1347413.926651, 4
1347413.947121, 4
1347413.967591, 4
1347413.988016, 4
1347414.008512, 4
1347414.029144, 4
1347414.049614, 4
1347414.070077, 4
1347414.090539, 4
1347414.111000, 4
1347414.131462, 4
1347414.151926, 4
1347414.172388, 4
1347414.192848, 4
1347414.213309, 4
1347414.233769, 4
1347414.254233, 4
1347414.274725, 4
1347414.295193, 4
1347414.315657, 4
1347414.336120, 4
1347414.356587, 4
1347414.377051, 4
1347414.397514, 4
1347414.417975, 4
1347414.438710, 4
1347414.459171, 4
1347414.479631, 4
1347414.500095, 4
1347414.520573, 4
1347414.541059, 4
1347414.561526, 4
1347414.581988, 4
1347414.602448, 4
1347414.622909, 4
1347414.643370, 4
1347414.663830, 4
1347414.684291, 4
1347414.704751, 4
1347414.725213, 4
1347414.745679, 4
1347414.766167, 4
1347414.786640, 4
1347414.807104, 4
1347414.827566, 4
1347414.848304, 4
1347414.868765, 4
1347414.889226, 4
1347414.909695, 4
1347414.930190, 4
1347414.950688, 4
1347414.971185, 4
1347414.991680, 4
1347415.012201, 4
1347415.032703, 4
1347415.053200, 4
1347415.073698, 4
1347415.094168, 4
1347415.114637, 4
1347415.135102, 4
1347415.155564, 4
1347415.176006, 4
1347415.196705, 4
1347415.217169, 4
1347415.237632, 4
1347415.258094, 4
1347415.278555, 4
1347415.299015, 4
1347415.319479, 4
1347415.339939, 4
1347415.360400, 4
1347415.380859, 4
1347415.401319, 4
1347415.421785, 4
1347415.442245, 4
1347415.462705, 4
1347415.483165, 4
1347415.503624, 4
1347415.524088, 4
1347415.544551, 4
1347415.565011, 4
1347415.585471, 4
1347415.605933, 4
1347415.626396, 4
1347415.646855, 4
1347415.667507, 4
1347415.687967, 4
1347415.708427, 4
1347415.728890, 4
1347415.749352, 4
1347415.769812, 4
1347415.790273, 4
1347415.810734, 4
1347415.831197, 4
1347415.851657, 4
1347415.872117, 4
1347415.892577, 4
1347415.913036, 4
1347415.933499, 4
1347415.953964, 4
1347415.974472, 4
1347415.994950, 4
1347416.015421, 4
1347416.035909, 4
1347416.056379, 4
1347416.077097, 4
1347416.097561, 4
1347416.118025, 4
1347416.138489, 4
1347416.158951, 4
1347416.179412, 4
1347416.199872, 4
1347416.220333, 4
1347416.240796, 4
1347416.261257, 4
1347416.281717, 4
1347416.302177, 4
1347416.322638, 4
1347416.343098, 4
1347416.363561, 4
1347416.384007, 4
1347416.404468, 4
1347416.424931, 4
1347416.445391, 4
1347416.465854, 4
1347416.486316, 4
1347416.506778, 4
1347416.527238, 4
1347416.547877, 4
1347416.568349, 4
1347416.588809, 4
1347416.609268, 4
1347416.629729, 4
1347416.650188, 4
1347416.670652, 4
1347416.691112, 4
1347416.711573, 4
1347416.732006, 4
1347416.752466, 4
1347416.772928, 4
1347416.793389, 4
1347416.813850, 4
1347416.834312, 4
1347416.854772, 4
1347416.875236, 4
1347416.895698, 4
1347416.916160, 4
1347416.936621, 4
1347416.957082, 4
1347416.977549, 4
1347416.998042, 4
1347417.018672, 4
1347417.039135, 4
1347417.059616, 4
1347417.080115, 4
1347417.100619, 4
1347417.121121, 4
1347417.141617, 4
1347417.162113, 4
1347417.182608, 4
1347417.203105, 4
1347417.223607, 4
1347417.244103, 4
1347417.264567, 4
1347417.285029, 4
1347417.305492, 4
1347417.325951, 4
1347417.346411, 4
1347417.367071, 4
1347417.387533, 4
1347417.407994, 4
1347417.428461, 4
1347417.448921, 4
1347417.469381, 4
1347417.489841, 4
1347417.510301, 4
1347417.530761, 4
1347417.551221, 4
1347417.571681, 4
1347417.592142, 4
1347417.612602, 4
1347417.633061, 4
1347417.653521, 4
1347417.673981, 4
1347417.694440, 4
1347417.714901, 4
1347417.735362, 4
1347417.755822, 4
1347417.776284, 4
1347417.796744, 4
1347417.817204, 4
1347417.837869, 4
1347417.858329, 4
1347417.878792, 4
1347417.899268, 4
1347417.919735, 4
1347417.940197, 4
1347417.960658, 4
1347417.981119, 4
1347418.001580, 4
1347418.022070, 4
1347418.042558, 4
1347418.063023, 4
1347418.083488, 4
1347418.103951, 4
1347418.124415, 4
1347418.144877, 4
1347418.165339, 4
1347418.185803, 4
1347418.206266, 4
1347418.226734, 4
1347418.247494, 4
1347418.267965, 4
1347418.288433, 4
1347418.308902, 4
1347418.329400, 4
1347418.349870, 4
1347418.370337, 4
1347418.390804, 4
1347418.411267, 4
1347418.431730, 4
1347418.452197, 4
1347418.472659, 4
1347418.493117, 4
1347418.513579, 4
1347418.534041, 4
1347418.554503, 4
1347418.574964, 4
1347418.595427, 4
1347418.615888, 4
1347418.636355, 4
1347418.657062, 4
1347418.677524, 4
1347418.697986, 4
1347418.718447, 4
1347418.738908, 4
1347418.759374, 4
1347418.779837, 4
1347418.800300, 4
1347418.820762, 4
1347418.841232, 4
1347418.861720, 4
1347418.882196, 4
1347418.902663, 4
1347418.923132, 4
1347418.943625, 4
1347418.964097, 4
1347418.984562, 4
1347419.005026, 4
1347419.025490, 4
1347419.045978, 4
1347419.066670, 4
1347419.087135, 4
1347419.107596, 4
1347419.128066, 4
1347419.148527, 4
1347419.168992, 4
1347419.189455, 4
1347419.209918, 4
1347419.230380, 4
1347419.250842, 4
1347419.271308, 4
1347419.291770, 4
1347419.312234, 4
1347419.332696, 4
1347419.353166, 4
1347419.373631, 4
1347419.394093, 4
1347419.414564, 4
1347419.435027, 4
1347419.455489, 4
1347419.475955, 4
1347419.496419, 4
1347419.516881, 4
1347419.537466, 4
1347419.557950, 4
1347419.578418, 4
1347419.598883, 4
1347419.619346, 4
1347419.639807, 4
1347419.660275, 4
1347419.680738, 4
1347419.701201, 4
1347419.721663, 4
1347419.742125, 4
1347419.762586, 4
1347419.783048, 4
1347419.803513, 4
1347419.823977, 4
1347419.844440, 4
1347419.864902, 4
1347419.885365, 4
1347419.905836, 4
1347419.926302, 4
1347419.947039, 4
1347419.967501, 4
1347419.987963, 4
1347420.008433, 4
1347420.028923, 4
1347420.049395, 4
1347420.069894, 4
1347420.090365, 4
1347420.110835, 4
1347420.131299, 4
1347420.151762, 4
1347420.172226, 4
1347420.192688, 4
1347420.213152, 4
1347420.233625, 4
1347420.254085, 4
1347420.274545, 4
1347420.295009, 4
1347420.315473, 4
1347420.335934, 4
1347420.356609, 4
1347420.377070, 4
1347420.397532, 4
1347420.417994, 4
1347420.438457, 4
1347420.458918, 4
1347420.479379, 4
1347420.499840, 4
1347420.520306, 4
1347420.540766, 4
1347420.561226, 4
1347420.581686, 4
1347420.602145, 4
1347420.622608, 4
1347420.643069, 4
1347420.663530, 4
1347420.683991, 4
1347420.704458, 4
1347420.724922, 4
1347420.745382, 4
1347420.765844, 4
1347420.786303, 4
1347420.806764, 4
1347420.827385, 4
1347420.847847, 4
1347420.868308, 4
1347420.888769, 4
1347420.909229, 4
1347420.929691, 4
1347420.950157, 4
1347420.970619, 4
1347420.991080, 4
1347421.011542, 4
1347421.032006, 4
1347421.052470, 4
1347421.072937, 4
1347421.093434, 4
1347421.113912, 4
1347421.134380, 4
1347421.154848, 4
1347421.175314, 4
1347421.195777, 4
1347421.216241, 4
1347421.236972, 4
1347421.257438, 4
1347421.277900, 4
1347421.298362, 4
1347421.318824, 4
1347421.339287, 4
1347421.359752, 4
1347421.380217, 4
1347421.400681, 4
1347421.421146, 4
1347421.441608, 4
1347421.462076, 4
1347421.482539, 4
1347421.503003, 4
1347421.523477, 4
1347421.543937, 4
1347421.564402, 4
1347421.584873, 4
1347421.605334, 4
1347421.625794, 4
1347421.646254, 4
1347421.666717, 4
1347421.687203, 4
1347421.707793, 4
1347421.728287, 4
1347421.748755, 4
1347421.769221, 4
1347421.789682, 4
1347421.810149, 4
1347421.830646, 4
1347421.851118, 4
1347421.871584, 4
1347421.892006, 4
1347421.912468, 4
1347421.932931, 4
1347421.953394, 4
1347421.973857, 4
1347421.994320, 4
1347422.014781, 4
1347422.035242, 4
1347422.055704, 4
1347422.076168, 4
1347422.096633, 4
1347422.117411, 4
1347422.137911, 4
1347422.158379, 4
1347422.178845, 4
1347422.199308, 4
1347422.219769, 4
1347422.240232, 4
1347422.260693, 4
1347422.281157, 4
1347422.301618, 4
1347422.322079, 4
1347422.342539, 4
1347422.362999, 4
1347422.383459, 4
1347422.403926, 4
1347422.424389, 4
1347422.444852, 4
1347422.465313, 4
1347422.485778, 4
1347422.506243, 4
1347422.526945, 4
1347422.547406, 4
1347422.567867, 4
1347422.588329, 4
1347422.608792, 4
1347422.629252, 4
1347422.649712, 4
1347422.670171, 4
1347422.690631, 4
1347422.711093, 4
1347422.731554, 4
1347422.752008, 4
1347422.772470, 4
1347422.792930, 4
1347422.813393, 4
1347422.833852, 4
1347422.854313, 4
1347422.874780, 4
1347422.895286, 4
1347422.915759, 4
1347422.936227, 4
1347422.956691, 4
1347422.977154, 4
1347422.997718, 4
1347423.018182, 4
1347423.038643, 4
1347423.059105, 4
1347423.079565, 4
1347423.100007, 4
1347423.120473, 4
1347423.140981, 4
1347423.161471, 4
1347423.181938, 4
1347423.202403, 4
1347423.222870, 4
1347423.243332, 4
1347423.263794, 4
1347423.284258, 4
1347423.304719, 4
1347423.325183, 4
1347423.345647, 4
1347423.366107, 4
1347423.386568, 4
1347423.407325, 4
1347423.427790, 4
1347423.448253, 4
1347423.468714, 4
1347423.489175, 4
1347423.509638, 4
1347423.530102, 4
1347423.550564, 4
1347423.571024, 4
1347423.591485, 4
1347423.611945, 4
1347423.632409, 4
1347423.652869, 4
1347423.673330, 4
1347423.693791, 4
1347423.714252, 4
1347423.734712, 4
1347423.755177, 4
1347423.775638, 4
1347423.796099, 4
1347423.816560, 4
1347423.837023, 4
1347423.857488, 4
1347423.878112, 4
1347423.898572, 4
1347423.919033, 4
1347423.939493, 4
1347423.959958, 4
1347423.980420, 4
1347424.000880, 4
1347424.021346, 4
1347424.041846, 4
1347424.062317, 4
1347424.082780, 4
1347424.103242, 4
1347424.123703, 4
1347424.144168, 4
1347424.164659, 4
1347424.185134, 4
1347424.205601, 4
1347424.226064, 4
1347424.246525, 4
1347424.266988, 4
1347424.287711, 4
1347424.308179, 4
1347424.328640, 4
1347424.349102, 4
1347424.369566, 4
1347424.390029, 4
1347424.410490, 4
1347424.430951, 4
1347424.451411, 4
1347424.471874, 4
1347424.492342, 4
1347424.512803, 4
1347424.533267, 4
1347424.553727, 4
1347424.574199, 4
1347424.594659, 4
1347424.615120, 4
1347424.635582, 4
1347424.656007, 4
1347424.676469, 4
1347424.696931, 4
1347424.717390, 4
1347424.737850, 4
1347424.758498, 4
1347424.778961, 4
1347424.799422, 4
1347424.819882, 4
1347424.840350, 4
1347424.860811, 4
1347424.881274, 4
1347424.901735, 4
1347424.922195, 4
1347424.942655, 4
1347424.963114, 4
1347424.983576, 4
1347425.004006, 4
1347425.024473, 4
1347425.044937, 4
1347425.065398, 4
1347425.085858, 4
1347425.106324, 4
1347425.126784, 4
1347425.147244, 4
1347425.167707, 4
1347425.188228, 4
1347425.208705, 4
1347425.229293, 4
1347425.249755, 4
1347425.270220, 4
1347425.290682, 4
1347425.311145, 4
1347425.331606, 4
1347425.352074, 4
1347425.372534, 4
1347425.392995, 4
1347425.413458, 4
1347425.433919, 4
1347425.454378, 4
1347425.474838, 4
1347425.495298, 4
1347425.515771, 4
1347425.536234, 4
1347425.556708, 4
1347425.577174, 4
1347425.597634, 4
1347425.618098, 4
1347425.638560, 4
1347425.659021, 4
1347425.679481, 4
1347425.700074, 4
1347425.720538, 4
1347425.740999, 4
1347425.761459, 4
1347425.781920, 4
1347425.802387, 4
1347425.822884, 4
1347425.843351, 4
1347425.863815, 4
1347425.884282, 4
1347425.904745, 4
1347425.925206, 4
1347425.945667, 4
1347425.966128, 4
1347425.986590, 4
1347426.007051, 4
1347426.027514, 4
1347426.047977, 4
1347426.068439, 4
1347426.088899, 4
1347426.109643, 4
1347426.130106, 4
1347426.150566, 4
1347426.171026, 4
1347426.191445, 4
1347426.211931, 4
1347426.232430, 4
1347426.252928, 4
1347426.273419, 4
1347426.293923, 4
1347426.314428, 4
1347426.334932, 4
1347426.355429, 4
1347426.375945, 4
1347426.396460, 4
1347426.416938, 4
1347426.437406, 4
1347426.458120, 4
1347426.478583, 4
1347426.499048, 4
1347426.519509, 4
1347426.539972, 4
1347426.560437, 4
1347426.580903, 4
1347426.601365, 4
1347426.621831, 4
1347426.642295, 4
1347426.662756, 4
1347426.683216, 4
1347426.703675, 4
1347426.724136, 4
1347426.744596, 4
1347426.765056, 4
1347426.785518, 4
1347426.805981, 4
1347426.826443, 4
1347426.846903, 4
1347426.867364, 4
1347426.887824, 4
1347426.908286, 4
1347426.929046, 4
1347426.949507, 4
1347426.969967, 4
1347426.990428, 4
1347427.010889, 4
1347427.031351, 4
1347427.051811, 4
1347427.072277, 4
1347427.092741, 4
1347427.113201, 4
1347427.133662, 4
1347427.154125, 4
1347427.174585, 4
1347427.195045, 4
1347427.215508, 4
1347427.235970, 4
1347427.256435, 4
1347427.276901, 4
1347427.297363, 4
1347427.317823, 4
1347427.338287, 4
1347427.358747, 4
1347427.379208, 4
1347427.399668, 4
1347427.420129, 4
1347427.440590, 4
1347427.461213, 4
1347427.481673, 4
1347427.502134, 4
1347427.522594, 4
1347427.543055, 4
1347427.563515, 4
1347427.583974, 4
1347427.604435, 4
1347427.624897, 4
1347427.645358, 4
1347427.665819, 4
1347427.686281, 4
1347427.706741, 4
1347427.727201, 4
1347427.747660, 4
1347427.768123, 4
1347427.788588, 4
1347427.809051, 4
1347427.829512, 4
1347427.849979, 4
1347427.870506, 4
1347427.890998, 4
1347427.911504, 4
1347427.932085, 4
1347427.952550, 4
1347427.973012, 4
1347427.993479, 4
1347428.013947, 4
1347428.034440, 4
1347428.054912, 4
1347428.075379, 4
1347428.095843, 4
1347428.116306, 4
1347428.136767, 4
1347428.157228, 4
1347428.177688, 4
1347428.198153, 4
1347428.218618, 4
1347428.239081, 4
1347428.259581, 4
1347428.280087, 4
1347428.300564, 4
1347428.321030, 4
1347428.341683, 4
1347428.362147, 4
1347428.382610, 4
1347428.403108, 4
1347428.423605, 4
1347428.444104, 4
1347428.464601, 4
1347428.485090, 4
1347428.505587, 4
1347428.526090, 4
1347428.546588, 4
1347428.567098, 4
1347428.587576, 4
1347428.608004, 4
1347428.628470, 4
1347428.648932, 4
1347428.669394, 4
1347428.690106, 4
1347428.710566, 4
1347428.731027, 4
1347428.751488, 4
1347428.771948, 4
1347428.792411, 4
1347428.812872, 4
1347428.833332, 4
1347428.853795, 4
1347428.874255, 4
1347428.894717, 4
1347428.915178, 4
1347428.935640, 4
1347428.956101, 4
1347428.976563, 4
1347428.997026, 4
1347429.017489, 4
1347429.037952, 4
1347429.058415, 4
1347429.078875, 4
1347429.099338, 4
1347429.119798, 4
1347429.140264, 4
1347429.160918, 4
1347429.181381, 4
1347429.201841, 4
1347429.222301, 4
1347429.242760, 4
1347429.263221, 4
1347429.283683, 4
1347429.304144, 4
1347429.324607, 4
1347429.345070, 4
1347429.365531, 4
1347429.385992, 4
1347429.406454, 4
1347429.426921, 4
1347429.447382, 4
1347429.467842, 4
1347429.488302, 4
1347429.508764, 4
1347429.529228, 4
1347429.549688, 4
1347429.570149, 4
1347429.590609, 4
1347429.611069, 4
1347429.631734, 4
1347429.652196, 4
1347429.672660, 4
1347429.693123, 4
1347429.713587, 4
1347429.734047, 4
1347429.754507, 4
1347429.774968, 4
1347429.795429, 4
1347429.815890, 4
1347429.836357, 4
1347429.856820, 4
1347429.877280, 4
1347429.897741, 4
1347429.918201, 4
1347429.938663, 4
1347429.959124, 4
1347429.979585, 4
1347430.000005, 4
1347430.020470, 4
1347430.040945, 4
1347430.061406, 4
1347430.081867, 4
1347430.102541, 4
1347430.123002, 4
1347430.143469, 4
1347430.163931, 4
1347430.184392, 4
1347430.204851, 4
1347430.225315, 4
1347430.245774, 4
1347430.266234, 4
1347430.286698, 4
1347430.307159, 4
1347430.327619, 4
1347430.348083, 4
1347430.368544, 4
1347430.389006, 4
1347430.409467, 4
1347430.429928, 4
1347430.450390, 4
1347430.470851, 4
1347430.491312, 4
1347430.511772, 4
1347430.532234, 4
1347430.552696, 4
1347430.573327, 4
1347430.593790, 4
1347430.614249, 4
1347430.634709, 4
1347430.655170, 4
1347430.675629, 4
1347430.696092, 4
1347430.716552, 4
1347430.737012, 4
1347430.757475, 4
1347430.777936, 4
1347430.798396, 4
1347430.818857, 4
1347430.839318, 4
1347430.859778, 4
1347430.880240, 4
1347430.900701, 4
1347430.921166, 4
1347430.941626, 4
1347430.962086, 4
1347430.982546, 4
1347431.003007, 4
1347431.023484, 4
1347431.044137, 4
1347431.064600, 4
1347431.085060, 4
1347431.105520, 4
1347431.125984, 4
1347431.146444, 4
1347431.166905, 4
1347431.187365, 4
1347431.207824, 4
1347431.228288, 4
1347431.248752, 4
1347431.269212, 4
1347431.289673, 4
1347431.310134, 4
1347431.330595, 4
1347431.351055, 4
1347431.371515, 4
1347431.391976, 4
1347431.412441, 4
1347431.432907, 4
1347431.453368, 4
1347431.473829, 4
1347431.494291, 4
1347431.514924, 4
1347431.535384, 4
1347431.555844, 4
1347431.576305, 4
1347431.596771, 4
1347431.617232, 4
1347431.637694, 4
1347431.658156, 4
1347431.678615, 4
1347431.699075, 4
1347431.719537, 4
1347431.739997, 4
1347431.760461, 4
1347431.780921, 4
1347431.801383, 4
1347431.821843, 4
1347431.842303, 4
1347431.862767, 4
1347431.883228, 4
1347431.903688, 4
1347431.924149, 4
1347431.944609, 4
1347431.965127, 4
1347431.985700, 4
1347432.006163, 4
1347432.026623, 4
1347432.047084, 4
1347432.067544, 4
1347432.088004, 4
1347432.108465, 4
1347432.128927, 4
1347432.149387, 4
1347432.169850, 4
1347432.190311, 4
1347432.210771, 4
1347432.231232, 4
1347432.251692, 4
1347432.272189, 4
1347432.292648, 4
1347432.313106, 4
1347432.333566, 4
1347432.354025, 4
1347432.374484, 4
1347432.394945, 4
1347432.415404, 4
1347432.435862, 4
1347432.456510, 4
1347432.476968, 4
1347432.497427, 4
1347432.517888, 4
1347432.538347, 4
1347432.558805, 4
1347432.579263, 4
1347432.599721, 4
1347432.620184, 4
1347432.640643, 4
1347432.661101, 4
1347432.681562, 4
1347432.702020, 4
1347432.722479, 4
1347432.742938, 4
1347432.763397, 4
1347432.783855, 4
1347432.804315, 4
1347432.824775, 4
1347432.845233, 4
1347432.865693, 4
1347432.886156, 4
1347432.906646, 4
1347432.927331, 4
1347432.947794, 4
1347432.968256, 4
1347432.988716, 4
1347433.009178, 4
1347433.029638, 4
1347433.050103, 4
1347433.070565, 4
1347433.091027, 4
1347433.111486, 4
1347433.131945, 4
1347433.152404, 4
1347433.172862, 4
1347433.193322, 4
1347433.213781, 4
1347433.234242, 4
1347433.254701, 4
1347433.275162, 4
1347433.295622, 4
1347433.316091, 4
1347433.336552, 4
1347433.357012, 4
1347433.377471, 4
1347433.398132, 4
1347433.418591, 4
1347433.439052, 4
1347433.459510, 4
1347433.479968, 4
1347433.500431, 4
1347433.520890, 4
1347433.541349, 4
1347433.561809, 4
1347433.582267, 4
1347433.602726, 4
1347433.623184, 4
1347433.643642, 4
1347433.664102, 4
1347433.684560, 4
1347433.705019, 4
1347433.725482, 4
1347433.745942, 4
1347433.766401, 4
1347433.786861, 4
1347433.807321, 4
1347433.827780, 4
1347433.848240, 4
1347433.868977, 4
1347433.889436, 4
1347433.909896, 4
1347433.930354, 4
1347433.950814, 4
1347433.971273, 4
1347433.991731, 4
1347434.012193, 4
1347434.032652, 4
1347434.053110, 4
1347434.073568, 4
1347434.094027, 4
1347434.114487, 4
1347434.134945, 4
1347434.155403, 4
1347434.175861, 4
1347434.196321, 4
1347434.216781, 4
1347434.237239, 4
1347434.257697, 4
1347434.278157, 4
1347434.298616, 4
1347434.319076, 4
1347434.339800, 4
1347434.360268, 4
1347434.380728, 4
1347434.401226, 4
1347434.421722, 4
1347434.442192, 4
1347434.462657, 4
1347434.483117, 4
1347434.503577, 4
1347434.524004, 4
1347434.544465, 4
1347434.564926, 4
1347434.585384, 4
1347434.605844, 4
1347434.626312, 4
1347434.646771, 4
1347434.667229, 4
1347434.687689, 4
1347434.708149, 4
1347434.728612, 4
1347434.749111, 4
1347434.769584, 4
1347434.790051, 4
1347434.810634, 4
1347434.831093, 4
1347434.851553, 4
1347434.872007, 4
1347434.892466, 4
1347434.912927, 4
1347434.933386, 4
1347434.953845, 4
1347434.974306, 4
1347434.994764, 4
1347435.015223, 4
1347435.035681, 4
1347435.056140, 4
1347435.076600, 4
1347435.097060, 4
1347435.117518, 4
1347435.137982, 4
1347435.158442, 4
1347435.178901, 4
1347435.199360, 4
1347435.219820, 4
1347435.240282, 4
1347435.260746, 4
1347435.281207, 4
1347435.301668, 4
1347435.322126, 4
1347435.342763, 4
1347435.363221, 4
1347435.383680, 4
1347435.404142, 4
1347435.424632, 4
1347435.445100, 4
1347435.465567, 4
1347435.486031, 4
1347435.506492, 4
1347435.526953, 4
1347435.547412, 4
1347435.567872, 4
1347435.588333, 4
1347435.608792, 4
1347435.629255, 4
1347435.649713, 4
1347435.670172, 4
1347435.690646, 4
1347435.711108, 4
1347435.731569, 4
1347435.752004, 4
1347435.772463, 4
1347435.792923, 4
1347435.813384, 4
1347435.833842, 4
1347435.854304, 4
1347435.874896, 4
1347435.895355, 4
1347435.915814, 4
1347435.936277, 4
1347435.956737, 4
1347435.977200, 4
1347435.997659, 4
1347436.018121, 4
1347436.038580, 4
1347436.059040, 4
1347436.079498, 4
1347436.099958, 4
1347436.120417, 4
1347436.140876, 4
1347436.161336, 4
1347436.181794, 4
1347436.202252, 4
1347436.222713, 4
1347436.243171, 4
1347436.263630, 4
1347436.284091, 4
1347436.304551, 4
1347436.325014, 4
1347436.345474, 4
1347436.365933, 4
1347436.386393, 4
1347436.407051, 4
1347436.427511, 4
1347436.448011, 4
1347436.468510, 4
1347436.488979, 4
1347436.509444, 4
1347436.529905, 4
1347436.550364, 4
1347436.570824, 4
1347436.591283, 4
1347436.611741, 4
1347436.632204, 4
1347436.652663, 4
1347436.673122, 4
1347436.693585, 4
1347436.714044, 4
1347436.734502, 4
1347436.754965, 4
1347436.775425, 4
1347436.795884, 4
1347436.816353, 4
1347436.836813, 4
1347436.857276, 4
1347436.877968, 4
1347436.898427, 4
1347436.918886, 4
1347436.939345, 4
1347436.959803, 4
1347436.980269, 4
1347437.000728, 4
1347437.021187, 4
1347437.041645, 4
1347437.062105, 4
1347437.082610, 4
1347437.103070, 4
1347437.123530, 4
1347437.143988, 4
1347437.164453, 4
1347437.184916, 4
1347437.205375, 4
1347437.225836, 4
1347437.246295, 4
1347437.266753, 4
1347437.287215, 4
1347437.307680, 4
1347437.328157, 4
1347437.348912, 4
1347437.369374, 4
1347437.389837, 4
1347437.410297, 4
1347437.430757, 4
1347437.451222, 4
1347437.471707, 4
1347437.492200, 4
1347437.512676, 4
1347437.533139, 4
1347437.553602, 4
1347437.574061, 4
1347437.594521, 4
1347437.614981, 4
1347437.635451, 4
1347437.655910, 4
1347437.676370, 4
1347437.696830, 4
1347437.717291, 4
1347437.737749, 4
1347437.758210, 4
1347437.778669, 4
1347437.799128, 4
1347437.819761, 4
1347437.840221, 4
1347437.860682, 4
1347437.881147, 4
1347437.901622, 4
1347437.922094, 4
1347437.942558, 4
1347437.963017, 4
1347437.983478, 4
1347438.003939, 4
1347438.024398, 4
1347438.044859, 4
1347438.065317, 4
1347438.085776, 4
1347438.106235, 4
1347438.126694, 4
1347438.147153, 4
1347438.167614, 4
1347438.188076, 4
1347438.208541, 4
1347438.229001, 4
1347438.249460, 4
1347438.269920, 4
1347438.290555, 4
1347438.311014, 4
1347438.331473, 4
1347438.351932, 4
1347438.372390, 4
1347438.392854, 4
1347438.413372, 4
1347438.433830, 4
1347438.454289, 4
1347438.474749, 4
1347438.495236, 4
1347438.515713, 4
1347438.536182, 4
1347438.556643, 4
1347438.577104, 4
1347438.597563, 4
1347438.618021, 4
1347438.638481, 4
1347438.658940, 4
1347438.679398, 4
1347438.700153, 4
1347438.720614, 4
1347438.741075, 4
1347438.761533, 4
1347438.781992, 4
1347438.802452, 4
1347438.822916, 4
1347438.843415, 4
1347438.863912, 4
1347438.884409, 4
1347438.904905, 4
1347438.925396, 4
1347438.945886, 4
1347438.966377, 4
1347438.986882, 4
1347439.007349, 4
1347439.027815, 4
1347439.048561, 4
1347439.069020, 4
1347439.089480, 4
1347439.109946, 4
1347439.130406, 4
1347439.150865, 4
1347439.171325, 4
1347439.191784, 4
1347439.212244, 4
1347439.232703, 4
1347439.253161, 4
1347439.273621, 4
1347439.294080, 4
1347439.314538, 4
1347439.334997, 4
1347439.355457, 4
1347439.375916, 4
1347439.396382, 4
1347439.416841, 4
1347439.437306, 4
1347439.457765, 4
1347439.478225, 4
1347439.498684, 4
1347439.519413, 4
1347439.539908, 4
1347439.560403, 4
1347439.580901, 4
1347439.601398, 4
1347439.621897, 4
1347439.642395, 4
1347439.662887, 4
1347439.683384, 4
1347439.703881, 4
1347439.724388, 4
1347439.744899, 4
1347439.765381, 4
1347439.785846, 4
1347439.806556, 4
1347439.827017, 4
1347439.847486, 4
1347439.867948, 4
1347439.888409, 4
1347439.908869, 4
1347439.929329, 4
1347439.949793, 4
1347439.970254, 4
1347439.990714, 4
1347440.011178, 4
1347440.031676, 4
1347440.052146, 4
1347440.072607, 4
1347440.093069, 4
1347440.113529, 4
1347440.133989, 4
1347440.154460, 4
1347440.174921, 4
1347440.195381, 4
1347440.215842, 4
1347440.236303, 4
1347440.256766, 4
1347440.277352, 4
1347440.297812, 4
1347440.318272, 4
1347440.338748, 4
1347440.359210, 4
1347440.379677, 4
1347440.400139, 4
1347440.420600, 4
1347440.441060, 4
1347440.461520, 4
1347440.481983, 4
1347440.502443, 4
1347440.522904, 4
1347440.543364, 4
1347440.563824, 4
1347440.584288, 4
1347440.604747, 4
1347440.625208, 4
1347440.645668, 4
1347440.666128, 4
1347440.686591, 4
1347440.707052, 4
1347440.727512, 4
1347440.748149, 4
1347440.768614, 4
1347440.789077, 4
1347440.809541, 4
1347440.830042, 4
1347440.850516, 4
1347440.870980, 4
1347440.891443, 4
1347440.911902, 4
1347440.932366, 4
1347440.952827, 4
1347440.973286, 4
1347440.993749, 4
1347441.014209, 4
1347441.034673, 4
1347441.055133, 4
1347441.075593, 4
1347441.096071, 4
1347441.116531, 4
1347441.136990, 4
1347441.157451, 4
1347441.177910, 4
1347441.198374, 4
1347441.218980, 4
1347441.239440, 4
1347441.259899, 4
1347441.280364, 4
1347441.300826, 4
1347441.321286, 4
1347441.341745, 4
1347441.362204, 4
1347441.382663, 4
1347441.403126, 4
1347441.423585, 4
1347441.444006, 4
1347441.464465, 4
1347441.484925, 4
1347441.505386, 4
1347441.525846, 4
1347441.546307, 4
1347441.566768, 4
1347441.587228, 4
1347441.607688, 4
1347441.628152, 4
1347441.648613, 4
1347441.669073, 4
1347441.689796, 4
1347441.710254, 4
1347441.730717, 4
1347441.751177, 4
1347441.771637, 4
1347441.792098, 4
1347441.812557, 4
1347441.833019, 4
1347441.853480, 4
1347441.873939, 4
1347441.894399, 4
1347441.914859, 4
1347441.935322, 4
1347441.955784, 4
1347441.976247, 4
1347441.996707, 4
1347442.017167, 4
1347442.037629, 4
1347442.058089, 4
1347442.078550, 4
1347442.099011, 4
1347442.119471, 4
1347442.139940, 4
1347442.160606, 4
1347442.181067, 4
1347442.201526, 4
1347442.221985, 4
1347442.242448, 4
1347442.262907, 4
1347442.283367, 4
1347442.303827, 4
1347442.324288, 4
1347442.344750, 4
1347442.365210, 4
1347442.385670, 4
1347442.406131, 4
1347442.426591, 4
1347442.447053, 4
1347442.467512, 4
1347442.487971, 4
1347442.508433, 4
1347442.528893, 4
1347442.549355, 4
1347442.569816, 4
1347442.590275, 4
1347442.610734, 4
1347442.631407, 4
1347442.651869, 4
1347442.672331, 4
1347442.692791, 4
1347442.713250, 4
1347442.733710, 4
1347442.754173, 4
1347442.774633, 4
1347442.795092, 4
1347442.815552, 4
1347442.836009, 4
1347442.856468, 4
1347442.876928, 4
1347442.897392, 4
1347442.917890, 4
1347442.938359, 4
1347442.958824, 4
1347442.979289, 4
1347442.999748, 4
1347443.020210, 4
1347443.040672, 4
1347443.061133, 4
1347443.081594, 4
1347443.102215, 4
1347443.122674, 4
1347443.143135, 4
1347443.163594, 4
1347443.184065, 4
1347443.204526, 4
1347443.224985, 4
1347443.245445, 4
1347443.265906, 4
1347443.286368, 4
1347443.306828, 4
1347443.327288, 4
1347443.347748, 4
1347443.368210, 4
1347443.388673, 4
1347443.409134, 4
1347443.429593, 4
1347443.450057, 4
1347443.470517, 4
1347443.490978, 4
1347443.511440, 4
1347443.531900, 4
1347443.552364, 4
1347443.572999, 4
1347443.593466, 4
1347443.613976, 4
1347443.634478, 4
1347443.654981, 4
1347443.675478, 4
1347443.695976, 4
1347443.716474, 4
1347443.736972, 4
1347443.757475, 4
1347443.777973, 4
1347443.798470, 4
1347443.818942, 4
1347443.839404, 4
1347443.859867, 4
1347443.880330, 4
1347443.900791, 4
1347443.921375, 4
1347443.941835, 4
1347443.962296, 4
1347443.982760, 4
1347444.003222, 4
1347444.023690, 4
1347444.044215, 4
1347444.064686, 4
1347444.085148, 4
1347444.105610, 4
1347444.126075, 4
1347444.146536, 4
1347444.166997, 4
1347444.187457, 4
1347444.207919, 4
1347444.228383, 4
1347444.248843, 4
1347444.269304, 4
1347444.289767, 4
1347444.310227, 4
1347444.330961, 4
1347444.351422, 4
1347444.371883, 4
1347444.392352, 4
1347444.412812, 4
1347444.433275, 4
1347444.453735, 4
1347444.474195, 4
1347444.494654, 4
1347444.515113, 4
1347444.535576, 4
1347444.556006, 4
1347444.576466, 4
1347444.596925, 4
1347444.617388, 4
1347444.637880, 4
1347444.658379, 4
1347444.678850, 4
1347444.699316, 4
1347444.719778, 4
1347444.740241, 4
1347444.760701, 4
1347444.781161, 4
1347444.801757, 4
1347444.822220, 4
1347444.842679, 4
1347444.863142, 4
1347444.883603, 4
1347444.904071, 4
1347444.924532, 4
1347444.944991, 4
1347444.965451, 4
1347444.985912, 4
1347445.006388, 4
1347445.026851, 4
1347445.047311, 4
1347445.067771, 4
1347445.088233, 4
1347445.108693, 4
1347445.129154, 4
1347445.149615, 4
1347445.170075, 4
1347445.190534, 4
1347445.210994, 4
1347445.231454, 4
1347445.251914, 4
1347445.272568, 4
1347445.293028, 4
1347445.313487, 4
1347445.333946, 4
1347445.354406, 4
1347445.374865, 4
1347445.395324, 4
1347445.415784, 4
1347445.436247, 4
1347445.456706, 4
1347445.477168, 4
1347445.497633, 4
1347445.518093, 4
1347445.538553, 4
1347445.559012, 4
1347445.579472, 4
1347445.599931, 4
1347445.620393, 4
1347445.640860, 4
1347445.661357, 4
1347445.681860, 4
1347445.702334, 4
1347445.722798, 4
1347445.743377, 4
1347445.763840, 4
1347445.784301, 4
1347445.804761, 4
1347445.825222, 4
1347445.845683, 4
1347445.866144, 4
1347445.886607, 4
1347445.907068, 4
1347445.927529, 4
1347445.947989, 4
1347445.968460, 4
1347445.988923, 4
1347446.009384, 4
1347446.029844, 4
1347446.050304, 4
1347446.070764, 4
1347446.091226, 4
1347446.111691, 4
1347446.132153, 4
1347446.152614, 4
1347446.173075, 4
1347446.193534, 4
1347446.214180, 4
1347446.234641, 4
1347446.255101, 4
1347446.275562, 4
1347446.296006, 4
1347446.316469, 4
1347446.336931, 4
1347446.357391, 4
1347446.377852, 4
1347446.398312, 4
1347446.418776, 4
1347446.439236, 4
1347446.459696, 4
1347446.480157, 4
1347446.500618, 4
1347446.521084, 4
1347446.541545, 4
1347446.562015, 4
1347446.582476, 4
1347446.602936, 4
1347446.623401, 4
1347446.643861, 4
1347446.664325, 4
1347446.685064, 4
1347446.705561, 4
1347446.726030, 4
1347446.746493, 4
1347446.766954, 4
1347446.787416, 4
1347446.807877, 4
1347446.828348, 4
1347446.848811, 4
1347446.869271, 4
1347446.889731, 4
1347446.910192, 4
1347446.930656, 4
1347446.951117, 4
1347446.971579, 4
1347446.992005, 4
1347447.012465, 4
1347447.032931, 4
1347447.053392, 4
1347447.073853, 4
1347447.094314, 4
1347447.114775, 4
1347447.135242, 4
1347447.155835, 4
1347447.176297, 4
1347447.196757, 4
1347447.217217, 4
1347447.237678, 4
1347447.258138, 4
1347447.278597, 4
1347447.299057, 4
1347447.319516, 4
1347447.339976, 4
1347447.360441, 4
1347447.380901, 4
1347447.401361, 4
1347447.421821, 4
1347447.442282, 4
1347447.462748, 4
1347447.483210, 4
1347447.503672, 4
1347447.524133, 4
1347447.544593, 4
1347447.565057, 4
1347447.585518, 4
1347447.605978, 4
1347447.626722, 4
1347447.647182, 4
1347447.667645, 4
1347447.688113, 4
1347447.708603, 4
1347447.729102, 4
1347447.749605, 4
1347447.770103, 4
1347447.790605, 4
1347447.811101, 4
1347447.831597, 4
1347447.852103, 4
1347447.872583, 4
1347447.893050, 4
1347447.913543, 4
1347447.934046, 4
1347447.954516, 4
1347447.975250, 4
1347447.995711, 4
1347448.016182, 4
1347448.036688, 4
1347448.057157, 4
1347448.077619, 4
1347448.098081, 4
1347448.118542, 4
1347448.139002, 4
1347448.159463, 4
1347448.179923, 4
1347448.200384, 4
1347448.220844, 4
1347448.241304, 4
1347448.261764, 4
1347448.282225, 4
1347448.302690, 4
1347448.323192, 4
1347448.343667, 4
1347448.364132, 4
1347448.384599, 4
1347448.405062, 4
1347448.425523, 4
1347448.446182, 4
1347448.466642, 4
1347448.487105, 4
1347448.507569, 4
1347448.528005, 4
1347448.548467, 4
1347448.568931, 4
1347448.589393, 4
1347448.609855, 4
1347448.630316, 4
1347448.650778, 4
1347448.671239, 4
1347448.691699, 4
1347448.712169, 4
1347448.732660, 4
1347448.753133, 4
1347448.773600, 4
1347448.794069, 4
1347448.814535, 4
1347448.834998, 4
1347448.855460, 4
1347448.875923, 4
1347448.896385, 4
1347448.916850, 4
1347448.937312, 4
1347448.957772, 4
1347448.978379, 4
1347448.998838, 4
1347449.019301, 4
1347449.039763, 4
1347449.060225, 4
1347449.080686, 4
1347449.101147, 4
1347449.121612, 4
1347449.142073, 4
1347449.162532, 4
1347449.182992, 4
1347449.203452, 4
1347449.223915, 4
1347449.244378, 4
1347449.264840, 4
1347449.285299, 4
1347449.305759, 4
1347449.326223, 4
1347449.346683, 4
1347449.367144, 4
1347449.387605, 4
1347449.408075, 4
1347449.428538, 4
1347449.449005, 4
1347449.469466, 4
1347449.489926, 4
1347449.510571, 4
1347449.531033, 4
1347449.551493, 4
1347449.571952, 4
1347449.592412, 4
1347449.612872, 4
1347449.633335, 4
1347449.653812, 4
1347449.674275, 4
1347449.694735, 4
1347449.715195, 4
1347449.735657, 4
1347449.756120, 4
1347449.776580, 4
1347449.797042, 4
1347449.817502, 4
1347449.837965, 4
1347449.858428, 4
1347449.878888, 4
1347449.899349, 4
1347449.919810, 4
1347449.940278, 4
1347449.960739, 4
1347449.981205, 4
1347450.001692, 4
1347450.022163, 4
1347450.042775, 4
1347450.063237, 4
1347450.083702, 4
1347450.104211, 4
1347450.124688, 4
1347450.145157, 4
1347450.165621, 4
1347450.186083, 4
1347450.206543, 4
1347450.227003, 4
1347450.247463, 4
1347450.267924, 4
1347450.288384, 4
1347450.308844, 4
1347450.329305, 4
1347450.349765, 4
1347450.370225, 4
1347450.390690, 4
1347450.411150, 4
1347450.431611, 4
1347450.452079, 4
1347450.472543, 4
1347450.493004, 4
1347450.513732, 4
1347450.534192, 4
1347450.554651, 4
1347450.575114, 4
1347450.595574, 4
1347450.616006, 4
1347450.636467, 4
1347450.656928, 4
1347450.677391, 4
1347450.697851, 4
1347450.718311, 4
1347450.738771, 4
1347450.759237, 4
1347450.779721, 4
1347450.800205, 4
1347450.820669, 4
1347450.841132, 4
1347450.861595, 4
1347450.882059, 4
1347450.902520, 4
1347450.922982, 4
1347450.943444, 4
1347450.963904, 4
1347450.984370, 4
1347451.004836, 4
1347451.025321, 4
1347451.045903, 4
1347451.066368, 4
1347451.086834, 4
1347451.107296, 4
1347451.127757, 4
1347451.148219, 4
1347451.168680, 4
1347451.189143, 4
1347451.209603, 4
1347451.230063, 4
1347451.250523, 4
1347451.270984, 4
1347451.291444, 4
1347451.311907, 4
1347451.332367, 4
1347451.352828, 4
1347451.373288, 4
1347451.393750, 4
1347451.414214, 4
1347451.434673, 4
1347451.455150, 4
1347451.475612, 4
1347451.496078, 4
1347451.516544, 4
1347451.537004, 4
1347451.557465, 4
1347451.578072, 4
1347451.598532, 4
1347451.618995, 4
1347451.639469, 4
1347451.659929, 4
1347451.680391, 4
1347451.700856, 4
1347451.721339, 4
1347451.741811, 4
1347451.762276, 4
1347451.782742, 4
1347451.803244, 4
1347451.823715, 4
1347451.844187, 4
1347451.864648, 4
1347451.885109, 4
1347451.905570, 4
1347451.926036, 4
1347451.946497, 4
1347451.966962, 4
1347451.987425, 4
1347452.007890, 4
1347452.028383, 4
1347452.049025, 4
1347452.069487, 4
1347452.089948, 4
1347452.110409, 4
1347452.130873, 4
1347452.151334, 4
1347452.171794, 4
1347452.192265, 4
1347452.212726, 4
1347452.233190, 4
1347452.253651, 4
1347452.274112, 4
1347452.294572, 4
1347452.315032, 4
1347452.335494, 4
1347452.355955, 4
1347452.376416, 4
1347452.396878, 4
1347452.417339, 4
1347452.437801, 4
1347452.458263, 4
1347452.478724, 4
1347452.499184, 4
1347452.519942, 4
1347452.540406, 4
1347452.560867, 4
1347452.581327, 4
1347452.601787, 4
1347452.622248, 4
1347452.642708, 4
1347452.663171, 4
1347452.683631, 4
1347452.704092, 4
1347452.724553, 4
1347452.745013, 4
1347452.765476, 4
1347452.785938, 4
1347452.806399, 4
1347452.826859, 4
1347452.847320, 4
1347452.867785, 4
1347452.888252, 4
1347452.908730, 4
1347452.929231, 4
1347452.949703, 4
1347452.970169, 4
1347452.990882, 4
1347453.011344, 4
1347453.031805, 4
1347453.052273, 4
1347453.072738, 4
1347453.093200, 4
1347453.113663, 4
1347453.134123, 4
1347453.154584, 4
1347453.175047, 4
1347453.195508, 4
1347453.215973, 4
1347453.236435, 4
1347453.256895, 4
1347453.277359, 4
1347453.297819, 4
1347453.318279, 4
1347453.338740, 4
1347453.359201, 4
1347453.379664, 4
1347453.400128, 4
1347453.420588, 4
1347453.441048, 4
1347453.461510, 4
1347453.481972, 4
1347453.502433, 4
1347453.523088, 4
1347453.543548, 4
1347453.564007, 4
1347453.584469, 4
1347453.604929, 4
1347453.625389, 4
1347453.645849, 4
1347453.666309, 4
1347453.686772, 4
1347453.707232, 4
1347453.727692, 4
1347453.748151, 4
1347453.768616, 4
1347453.789103, 4
1347453.809573, 4
1347453.830040, 4
1347453.850539, 4
1347453.871070, 4
1347453.891545, 4
1347453.912006, 4
1347453.932470, 4
1347453.952932, 4
1347453.973392, 4
1347453.994012, 4
1347454.014475, 4
1347454.034934, 4
1347454.055395, 4
1347454.075854, 4
1347454.096316, 4
1347454.116777, 4
1347454.137237, 4
1347454.157699, 4
1347454.178159, 4
1347454.198619, 4
1347454.219080, 4
1347454.239542, 4
1347454.260004, 4
1347454.280464, 4
1347454.300924, 4
1347454.321400, 4
1347454.341863, 4
1347454.362322, 4
1347454.382780, 4
1347454.403241, 4
1347454.423702, 4
1347454.444163, 4
1347454.464821, 4
1347454.485279, 4
1347454.505738, 4
1347454.526200, 4
1347454.546659, 4
1347454.567118, 4
1347454.587576, 4
1347454.608004, 4
1347454.628463, 4
1347454.648922, 4
1347454.669380, 4
1347454.689838, 4
1347454.710296, 4
1347454.730754, 4
1347454.751212, 4
1347454.771671, 4
1347454.792130, 4
1347454.812592, 4
1347454.833051, 4
1347454.853512, 4
1347454.874013, 4
1347454.894509, 4
1347454.914976, 4
1347454.935675, 4
1347454.956140, 4
1347454.976601, 4
1347454.997062, 4
1347455.017524, 4
1347455.037984, 4
1347455.058445, 4
1347455.078904, 4
1347455.099364, 4
1347455.119824, 4
1347455.140289, 4
1347455.160755, 4
1347455.181217, 4
1347455.201678, 4
1347455.222137, 4
1347455.242602, 4
1347455.263067, 4
1347455.283531, 4
1347455.303992, 4
1347455.324460, 4
1347455.344922, 4
1347455.365384, 4
1347455.385849, 4
1347455.406499, 4
1347455.426960, 4
1347455.447422, 4
1347455.467883, 4
1347455.488348, 4
1347455.508809, 4
1347455.529270, 4
1347455.549730, 4
1347455.570191, 4
1347455.590652, 4
1347455.611112, 4
1347455.631573, 4
1347455.652014, 4
1347455.672502, 4
1347455.693006, 4
1347455.713473, 4
1347455.733940, 4
1347455.754403, 4
1347455.774866, 4
1347455.795331, 4
1347455.815827, 4
1347455.836302, 4
1347455.856765, 4
1347455.877335, 4
1347455.897835, 4
1347455.918337, 4
1347455.938813, 4
1347455.959277, 4
1347455.979740, 4
1347456.000208, 4
1347456.020669, 4
1347456.041134, 4
1347456.061595, 4
1347456.082056, 4
1347456.102516, 4
1347456.122977, 4
1347456.143436, 4
1347456.163897, 4
1347456.184362, 4
1347456.204821, 4
1347456.225283, 4
1347456.245753, 4
1347456.266214, 4
1347456.286973, 4
1347456.307434, 4
1347456.327894, 4
1347456.348359, 4
1347456.368819, 4
1347456.389280, 4
1347456.409742, 4
1347456.430203, 4
1347456.450667, 4
1347456.471128, 4
1347456.491590, 4
1347456.512004, 4
1347456.532464, 4
1347456.552924, 4
1347456.573384, 4
1347456.593844, 4
1347456.614303, 4
1347456.634764, 4
1347456.655224, 4
1347456.675683, 4
1347456.696152, 4
1347456.716611, 4
1347456.737071, 4
1347456.757540, 4
1347456.778002, 4
1347456.798461, 4
1347456.819067, 4
1347456.839527, 4
1347456.859991, 4
1347456.880455, 4
1347456.900915, 4
1347456.921420, 4
1347456.941926, 4
1347456.962399, 4
1347456.982863, 4
1347457.003325, 4
1347457.023785, 4
1347457.044247, 4
1347457.064709, 4
1347457.085170, 4
1347457.105632, 4
1347457.126092, 4
1347457.146554, 4
1347457.167027, 4
1347457.187490, 4
1347457.207956, 4
1347457.228419, 4
1347457.248886, 4
1347457.269351, 4
1347457.289931, 4
1347457.310393, 4
1347457.330854, 4
1347457.351314, 4
1347457.371783, 4
1347457.392245, 4
1347457.412706, 4
1347457.433167, 4
1347457.453626, 4
1347457.474091, 4
1347457.494553, 4
1347457.515012, 4
1347457.535471, 4
1347457.555930, 4
1347457.576390, 4
1347457.596849, 4
1347457.617308, 4
1347457.637777, 4
1347457.658237, 4
1347457.678696, 4
1347457.699156, 4
1347457.719616, 4
1347457.740087, 4
1347457.760829, 4
1347457.781298, 4
1347457.801762, 4
1347457.822223, 4
1347457.842683, 4
1347457.863147, 4
1347457.883608, 4
1347457.904081, 4
1347457.924588, 4
1347457.945083, 4
1347457.965560, 4
1347457.986028, 4
1347458.006492, 4
1347458.026956, 4
1347458.047421, 4
1347458.067886, 4
1347458.088358, 4
1347458.108821, 4
1347458.129281, 4
1347458.149743, 4
1347458.170380, 4
1347458.190842, 4
1347458.211302, 4
1347458.231764, 4
1347458.252227, 4
1347458.272691, 4
1347458.293152, 4
1347458.313612, 4
1347458.334076, 4
1347458.354538, 4
1347458.375002, 4
1347458.395465, 4
1347458.415928, 4
1347458.436389, 4
1347458.456850, 4
1347458.477315, 4
1347458.497775, 4
1347458.518238, 4
1347458.538699, 4
1347458.559160, 4
1347458.579624, 4
1347458.600109, 4
1347458.620578, 4
1347458.641174, 4
1347458.661633, 4
1347458.682108, 4
1347458.702571, 4
1347458.723028, 4
1347458.743481, 4
1347458.763935, 4
1347458.784391, 4
1347458.804845, 4
1347458.825299, 4
1347458.845752, 4
1347458.866205, 4
1347458.886659, 4
1347458.907113, 4
1347458.927569, 4
1347458.948019, 4
1347458.968509, 4
1347458.988994, 4
1347459.009459, 4
1347459.029924, 4
1347459.050394, 4
1347459.070853, 4
1347459.091309, 4
1347459.112004, 4
1347459.132462, 4
1347459.152919, 4
1347459.173373, 4
1347459.193828, 4
1347459.214284, 4
1347459.234741, 4
1347459.255199, 4
1347459.275652, 4
1347459.296108, 4
1347459.316564, 4
1347459.337020, 4
1347459.357477, 4
1347459.377931, 4
1347459.398389, 4
1347459.418844, 4
1347459.439301, 4
1347459.459757, 4
1347459.480212, 4
1347459.500673, 4
1347459.521143, 4
1347459.541605, 4
1347459.562070, 4
1347459.582562, 4
1347459.603028, 4
1347459.623490, 4
1347459.644066, 4
1347459.664528, 4
1347459.684991, 4
1347459.705456, 4
1347459.725917, 4
1347459.746379, 4
1347459.766840, 4
1347459.787304, 4
1347459.807764, 4
1347459.828227, 4
1347459.848690, 4
1347459.869150, 4
1347459.889612, 4
1347459.910073, 4
1347459.930534, 4
1347459.951000, 4
1347459.971461, 4
1347459.991980, 4
1347460.012452, 4
1347460.032936, 4
1347460.053661, 4
1347460.074126, 4
1347460.094588, 4
1347460.115049, 4
1347460.135516, 4
1347460.156009, 4
1347460.176477, 4
1347460.196940, 4
1347460.217401, 4
1347460.237865, 4
1347460.258326, 4
1347460.278786, 4
1347460.299246, 4
1347460.319706, 4
1347460.340170, 4
1347460.360632, 4
1347460.381100, 4
1347460.401599, 4
1347460.422067, 4
1347460.442531, 4
1347460.463264, 4
1347460.483727, 4
1347460.504194, 4
1347460.524655, 4
1347460.545116, 4
1347460.565578, 4
1347460.586038, 4
1347460.606498, 4
1347460.626962, 4
1347460.647455, 4
1347460.667924, 4
1347460.688390, 4
1347460.708851, 4
1347460.729313, 4
1347460.749775, 4
1347460.770237, 4
1347460.790699, 4
1347460.811168, 4
1347460.831629, 4
1347460.852092, 4
1347460.872571, 4
1347460.893073, 4
1347460.913549, 4
1347460.934093, 4
1347460.954588, 4
1347460.975055, 4
1347460.995518, 4
1347461.015984, 4
1347461.036504, 4
1347461.056977, 4
1347461.077441, 4
1347461.097902, 4
1347461.118367, 4
1347461.138853, 4
1347461.159323, 4
1347461.179789, 4
1347461.200254, 4
1347461.220717, 4
1347461.241177, 4
1347461.261639, 4
1347461.282101, 4
1347461.302561, 4
1347461.323020, 4
1347461.343664, 4
1347461.364128, 4
1347461.384625, 4
1347461.405098, 4
1347461.425562, 4
1347461.446030, 4
1347461.466524, 4
1347461.486990, 4
1347461.507458, 4
1347461.527920, 4
1347461.548382, 4
1347461.568842, 4
1347461.589302, 4
1347461.609769, 4
1347461.630274, 4
1347461.650747, 4
1347461.671209, 4
1347461.691672, 4
1347461.712137, 4
1347461.732598, 4
1347461.753278, 4
1347461.773738, 4
1347461.794198, 4
1347461.814661, 4
1347461.835121, 4
1347461.855585, 4
1347461.876098, 4
1347461.896570, 4
1347461.917040, 4
1347461.937546, 4
1347461.958048, 4
1347461.978518, 4
1347461.998981, 4
1347462.019422, 4
1347462.039933, 4
1347462.060399, 4
1347462.080859, 4
1347462.101317, 4
1347462.121772, 4
1347462.142226, 4
1347462.162902, 4
1347462.183357, 4
1347462.203811, 4
1347462.224271, 4
1347462.244726, 4
1347462.265180, 4
1347462.285633, 4
1347462.306088, 4
1347462.326543, 4
1347462.346998, 4
1347462.367452, 4
1347462.387953, 4
1347462.408436, 4
1347462.428906, 4
1347462.449369, 4
1347462.469830, 4
1347462.490292, 4
1347462.510755, 4
1347462.531215, 4
1347462.551679, 4
1347462.572141, 4
1347462.592607, 4
1347462.613099, 4
1347462.633699, 4
1347462.654168, 4
1347462.674630, 4
1347462.695091, 4
1347462.715553, 4
1347462.736006, 4
1347462.756470, 4
1347462.776934, 4
1347462.797394, 4
1347462.817856, 4
1347462.838318, 4
1347462.858802, 4
1347462.879268, 4
1347462.899737, 4
1347462.920228, 4
1347462.940729, 4
1347462.961199, 4
1347462.981664, 4
1347463.002127, 4
1347463.022588, 4
1347463.043324, 4
1347463.063813, 4
1347463.084288, 4
1347463.104747, 4
1347463.125206, 4
1347463.145662, 4
1347463.166117, 4
1347463.186573, 4
1347463.207029, 4
1347463.227484, 4
1347463.247943, 4
1347463.268399, 4
1347463.288855, 4
1347463.309310, 4
1347463.329764, 4
1347463.350222, 4
1347463.370677, 4
1347463.391144, 4
1347463.411600, 4
1347463.432064, 4
1347463.452535, 4
1347463.472998, 4
1347463.493461, 4
1347463.514181, 4
1347463.534643, 4
1347463.555108, 4
1347463.575598, 4
1347463.596077, 4
1347463.616542, 4
1347463.637020, 4
1347463.657485, 4
1347463.677947, 4
1347463.698407, 4
1347463.718868, 4
1347463.739329, 4
1347463.759789, 4
1347463.780252, 4
1347463.800712, 4
1347463.821173, 4
1347463.841633, 4
1347463.862100, 4
1347463.882560, 4
1347463.903022, 4
1347463.923487, 4
1347463.943950, 4
1347463.964416, 4
1347463.985185, 4
1347464.005683, 4
1347464.026155, 4
1347464.046621, 4
1347464.067091, 4
1347464.087598, 4
1347464.108089, 4
1347464.128567, 4
1347464.149036, 4
1347464.169501, 4
1347464.189965, 4
1347464.210431, 4
1347464.230895, 4
1347464.251357, 4
1347464.271819, 4
1347464.292283, 4
1347464.312746, 4
1347464.333210, 4
1347464.353672, 4
1347464.374138, 4
1347464.394830, 4
1347464.415303, 4
1347464.435770, 4
1347464.456238, 4
1347464.476702, 4
1347464.497167, 4
1347464.517630, 4
1347464.538092, 4
1347464.558559, 4
1347464.579052, 4
1347464.599524, 4
1347464.619993, 4
1347464.640463, 4
1347464.660925, 4
1347464.681396, 4
1347464.701857, 4
1347464.722319, 4
1347464.742782, 4
1347464.763244, 4
1347464.783706, 4
1347464.804378, 4
1347464.824839, 4
1347464.845301, 4
1347464.865762, 4
1347464.886223, 4
1347464.906684, 4
1347464.927145, 4
1347464.947606, 4
1347464.968073, 4
1347464.988535, 4
1347465.008996, 4
1347465.029457, 4
1347465.049919, 4
1347465.070380, 4
1347465.090850, 4
1347465.111345, 4
1347465.131818, 4
1347465.152291, 4
1347465.172756, 4
1347465.193218, 4
1347465.213968, 4
1347465.234429, 4
1347465.254890, 4
1347465.275351, 4
1347465.295812, 4
1347465.316283, 4
1347465.336745, 4
1347465.357206, 4
1347465.377669, 4
1347465.398134, 4
1347465.418597, 4
1347465.439062, 4
1347465.459523, 4
1347465.479988, 4
1347465.500457, 4
1347465.520921, 4
1347465.541383, 4
1347465.561858, 4
1347465.582352, 4
1347465.602819, 4
1347465.623545, 4
1347465.644006, 4
1347465.664467, 4
1347465.684928, 4
1347465.705388, 4
1347465.725849, 4
1347465.746310, 4
1347465.766770, 4
1347465.787231, 4
1347465.807692, 4
1347465.828155, 4
1347465.848618, 4
1347465.869079, 4
1347465.889539, 4
1347465.910011, 4
1347465.930474, 4
1347465.950939, 4
1347465.971432, 4
1347465.991935, 4
1347466.012410, 4
1347466.033107, 4
1347466.053569, 4
1347466.074030, 4
1347466.094491, 4
1347466.114958, 4
1347466.135464, 4
1347466.155934, 4
1347466.176403, 4
1347466.196867, 4
1347466.217328, 4
1347466.237790, 4
1347466.258257, 4
1347466.278734, 4
1347466.299214, 4
1347466.319686, 4
1347466.340151, 4
1347466.360612, 4
1347466.381076, 4
1347466.401538, 4
1347466.421999, 4
1347466.442670, 4
1347466.463130, 4
1347466.483590, 4
1347466.504020, 4
1347466.524522, 4
1347466.545021, 4
1347466.565494, 4
1347466.585962, 4
1347466.606428, 4
1347466.626891, 4
1347466.647352, 4
1347466.667814, 4
1347466.688325, 4
1347466.708802, 4
1347466.729274, 4
1347466.749736, 4
1347466.770198, 4
1347466.790660, 4
1347466.811122, 4
1347466.831583, 4
1347466.852263, 4
1347466.872724, 4
1347466.893185, 4
1347466.913645, 4
1347466.934106, 4
1347466.954568, 4
1347466.975030, 4
1347466.995493, 4
1347467.015957, 4
1347467.036464, 4
1347467.056933, 4
1347467.077396, 4
1347467.097858, 4
1347467.118320, 4
1347467.138788, 4
1347467.159284, 4
1347467.179762, 4
1347467.200242, 4
1347467.220708, 4
1347467.241170, 4
1347467.261878, 4
1347467.282340, 4
1347467.302803, 4
1347467.323266, 4
1347467.343732, 4
1347467.364234, 4
1347467.384731, 4
1347467.405227, 4
1347467.425725, 4
1347467.446227, 4
1347467.466713, 4
1347467.487219, 4
1347467.507704, 4
1347467.528207, 4
1347467.548680, 4
1347467.569143, 4
1347467.589604, 4
1347467.610248, 4
1347467.630708, 4
1347467.651168, 4
1347467.671628, 4
1347467.692089, 4
1347467.712549, 4
1347467.733014, 4
1347467.753502, 4
1347467.773991, 4
1347467.794463, 4
1347467.814925, 4
1347467.835387, 4
1347467.855848, 4
1347467.876310, 4
1347467.896773, 4
1347467.917238, 4
1347467.937737, 4
1347467.958226, 4
1347467.978704, 4
1347467.999204, 4
1347468.019903, 4
1347468.040401, 4
1347468.060873, 4
1347468.081337, 4
1347468.101798, 4
1347468.122260, 4
1347468.142720, 4
1347468.163183, 4
1347468.183650, 4
1347468.204113, 4
1347468.224580, 4
1347468.245068, 4
1347468.265552, 4
1347468.286016, 4
1347468.306497, 4
1347468.326960, 4
1347468.347423, 4
1347468.367885, 4
1347468.388359, 4
1347468.408821, 4
1347468.429493, 4
1347468.449954, 4
1347468.470419, 4
1347468.490900, 4
1347468.511390, 4
1347468.531859, 4
1347468.552324, 4
1347468.572792, 4
1347468.593257, 4
1347468.613718, 4
1347468.634179, 4
1347468.654638, 4
1347468.675098, 4
1347468.695562, 4
1347468.716016, 4
1347468.736494, 4
1347468.756969, 4
1347468.777436, 4
1347468.797902, 4
1347468.818364, 4
1347468.839098, 4
1347468.859560, 4
1347468.880006, 4
1347468.900468, 4
1347468.920932, 4
1347468.941419, 4
1347468.961888, 4
1347468.982365, 4
1347469.002843, 4
1347469.023311, 4
1347469.043776, 4
1347469.064239, 4
1347469.084701, 4
1347469.105160, 4
1347469.125631, 4
1347469.146092, 4
1347469.166552, 4
1347469.187021, 4
1347469.207542, 4
1347469.228004, 4
1347469.248738, 4
1347469.269202, 4
1347469.289665, 4
1347469.310129, 4
1347469.330593, 4
1347469.351056, 4
1347469.371517, 4
1347469.391978, 4
1347469.412442, 4
1347469.432903, 4
1347469.453363, 4
1347469.473827, 4
1347469.494291, 4
1347469.514753, 4
1347469.535218, 4
1347469.555683, 4
1347469.576171, 4
1347469.596643, 4
1347469.617107, 4
1347469.637569, 4
1347469.658030, 4
1347469.678491, 4
1347469.698951, 4
1347469.719578, 4
1347469.740005, 4
1347469.760470, 4
1347469.780933, 4
1347469.801395, 4
1347469.821858, 4
1347469.842320, 4
1347469.862781, 4
1347469.883242, 4
1347469.903705, 4
1347469.924168, 4
1347469.944631, 4
1347469.965096, 4
1347469.985591, 4
1347470.006089, 4
1347470.026558, 4
1347470.047021, 4
1347470.067490, 4
1347470.087952, 4
1347470.108417, 4
1347470.128883, 4
1347470.149346, 4
1347470.169808, 4
1347470.190395, 4
1347470.210862, 4
1347470.231376, 4
1347470.251845, 4
1347470.272313, 4
1347470.292777, 4
1347470.313241, 4
1347470.333702, 4
1347470.354164, 4
1347470.374630, 4
1347470.395116, 4
1347470.415581, 4
1347470.436006, 4
1347470.456470, 4
1347470.476938, 4
1347470.497400, 4
1347470.517863, 4
1347470.538335, 4
1347470.558803, 4
1347470.579284, 4
1347470.600008, 4
1347470.620474, 4
1347470.640937, 4
1347470.661401, 4
1347470.681867, 4
1347470.702329, 4
1347470.722795, 4
1347470.743256, 4
1347470.763719, 4
1347470.784188, 4
1347470.804651, 4
1347470.825119, 4
1347470.845582, 4
1347470.866045, 4
1347470.886507, 4
1347470.906972, 4
1347470.927434, 4
1347470.947899, 4
1347470.968386, 4
1347470.988851, 4
1347471.009324, 4
1347471.029821, 4
1347471.050292, 4
1347471.070893, 4
1347471.091354, 4
1347471.111819, 4
1347471.132284, 4
1347471.152746, 4
1347471.173207, 4
1347471.193669, 4
1347471.214129, 4
1347471.234595, 4
1347471.255085, 4
1347471.275552, 4
1347471.296006, 4
1347471.316469, 4
1347471.336931, 4
1347471.357392, 4
1347471.377854, 4
1347471.398316, 4
1347471.418782, 4
1347471.439245, 4
1347471.459708, 4
1347471.480177, 4
1347471.500640, 4
1347471.521103, 4
1347471.541786, 4
1347471.562252, 4
1347471.582749, 4
1347471.603220, 4
1347471.623689, 4
1347471.644152, 4
1347471.664618, 4
1347471.685079, 4
1347471.705540, 4
1347471.726001, 4
1347471.746462, 4
1347471.766923, 4
1347471.787384, 4
1347471.807846, 4
1347471.828311, 4
1347471.848772, 4
1347471.869232, 4
1347471.889700, 4
1347471.910163, 4
1347471.930626, 4
1347471.951097, 4
1347471.971584, 4
1347471.992009, 4
1347472.012640, 4
1347472.033106, 4
1347472.053569, 4
1347472.074031, 4
1347472.094493, 4
1347472.114954, 4
1347472.135415, 4
1347472.155877, 4
1347472.176353, 4
1347472.196816, 4
1347472.217277, 4
1347472.237738, 4
1347472.258208, 4
1347472.278697, 4
1347472.299200, 4
1347472.319677, 4
1347472.340150, 4
1347472.360617, 4
1347472.381084, 4
1347472.401571, 4
1347472.422285, 4
1347472.442755, 4
1347472.463218, 4
1347472.483679, 4
1347472.504140, 4
1347472.524602, 4
1347472.545066, 4
1347472.565526, 4
1347472.585987, 4
1347472.606447, 4
1347472.626908, 4
1347472.647375, 4
1347472.667859, 4
1347472.688332, 4
1347472.708796, 4
1347472.729258, 4
1347472.749720, 4
1347472.770188, 4
1347472.790648, 4
1347472.811108, 4
1347472.831570, 4
1347472.852007, 4
1347472.872470, 4
1347472.893102, 4
1347472.913591, 4
1347472.934093, 4
1347472.954608, 4
1347472.975078, 4
1347472.995541, 4
1347473.016006, 4
1347473.036473, 4
1347473.056934, 4
1347473.077398, 4
1347473.097858, 4
1347473.118318, 4
1347473.138782, 4
1347473.159279, 4
1347473.179748, 4
1347473.200212, 4
1347473.220673, 4
1347473.241135, 4
1347473.261596, 4
1347473.282059, 4
1347473.302789, 4
1347473.323255, 4
1347473.343719, 4
1347473.364188, 4
1347473.384657, 4
1347473.405140, 4
1347473.425612, 4
1347473.446074, 4
1347473.466539, 4
1347473.487024, 4
1347473.507491, 4
1347473.527955, 4
1347473.548418, 4
1347473.568878, 4
1347473.589343, 4
1347473.609804, 4
1347473.630269, 4
1347473.650765, 4
1347473.671230, 4
1347473.691699, 4
1347473.712358, 4
1347473.732819, 4
1347473.753280, 4
1347473.773740, 4
1347473.794203, 4
1347473.814663, 4
1347473.835122, 4
1347473.855582, 4
1347473.876013, 4
1347473.896498, 4
1347473.916970, 4
1347473.937464, 4
1347473.957959, 4
1347473.978426, 4
1347473.998894, 4
1347474.019355, 4
1347474.039817, 4
1347474.060283, 4
1347474.080744, 4
1347474.101207, 4
1347474.121968, 4
1347474.142465, 4
1347474.162936, 4
1347474.183402, 4
1347474.203864, 4
1347474.224329, 4
1347474.244790, 4
1347474.265250, 4
1347474.285711, 4
1347474.306214, 4
1347474.326736, 4
1347474.347207, 4
1347474.367675, 4
1347474.388165, 4
1347474.408633, 4
1347474.429099, 4
1347474.449561, 4
1347474.470023, 4
1347474.490484, 4
1347474.510945, 4
1347474.531609, 4
1347474.552076, 4
1347474.572537, 4
1347474.592997, 4
1347474.613459, 4
1347474.633942, 4
1347474.654409, 4
1347474.674873, 4
1347474.695335, 4
1347474.715798, 4
1347474.736271, 4
1347474.756732, 4
1347474.777192, 4
1347474.797652, 4
1347474.818112, 4
1347474.838576, 4
1347474.859040, 4
1347474.879531, 4
1347474.899997, 4
1347474.920475, 4
1347474.940960, 4
1347474.961424, 4
1347474.981887, 4
1347475.002444, 4
1347475.022905, 4
1347475.043369, 4
1347475.063829, 4
1347475.084291, 4
1347475.104755, 4
1347475.125230, 4
1347475.145697, 4
1347475.166160, 4
1347475.186620, 4
1347475.207081, 4
1347475.227542, 4
1347475.248007, 4
1347475.268467, 4
1347475.288927, 4
1347475.309387, 4
1347475.329852, 4
1347475.350345, 4
1347475.370843, 4
1347475.391313, 4
1347475.412078, 4
1347475.432539, 4
1347475.453006, 4
1347475.473482, 4
1347475.493949, 4
1347475.514413, 4
1347475.534874, 4
1347475.555335, 4
1347475.575799, 4
1347475.596274, 4
1347475.616767, 4
1347475.637236, 4
1347475.657699, 4
1347475.678163, 4
1347475.698626, 4
1347475.719087, 4
1347475.739553, 4
1347475.760007, 4
1347475.780471, 4
1347475.800933, 4
1347475.821394, 4
1347475.841861, 4
1347475.862358, 4
1347475.882923, 4
1347475.903386, 4
1347475.923851, 4
1347475.944329, 4
1347475.964795, 4
1347475.985262, 4
1347476.005729, 4
1347476.026221, 4
1347476.046688, 4
1347476.067151, 4
1347476.087621, 4
1347476.108121, 4
1347476.128591, 4
1347476.149054, 4
1347476.169517, 4
1347476.189982, 4
1347476.210443, 4
1347476.230913, 4
1347476.251374, 4
1347476.271835, 4
1347476.292565, 4
1347476.313025, 4
1347476.333489, 4
1347476.353990, 4
1347476.374544, 4
1347476.395034, 4
1347476.415509, 4
1347476.435976, 4
1347476.456443, 4
1347476.476907, 4
1347476.497371, 4
1347476.517834, 4
1347476.538297, 4
1347476.558764, 4
1347476.579260, 4
1347476.599730, 4
1347476.620201, 4
1347476.640666, 4
1347476.661129, 4
1347476.681591, 4
1347476.702203, 4
1347476.722664, 4
1347476.743128, 4
1347476.763592, 4
1347476.784005, 4
1347476.804466, 4
1347476.824927, 4
1347476.845388, 4
1347476.865849, 4
1347476.886310, 4
1347476.906771, 4
1347476.927232, 4
1347476.947692, 4
1347476.968156, 4
1347476.988620, 4
1347477.009081, 4
1347477.029542, 4
1347477.050004, 4
1347477.070469, 4
1347477.090930, 4
1347477.111396, 4
1347477.131857, 4
1347477.152323, 4
1347477.173078, 4
1347477.193541, 4
1347477.214002, 4
1347477.234462, 4
1347477.254927, 4
1347477.275388, 4
1347477.295849, 4
1347477.316313, 4
1347477.336774, 4
1347477.357235, 4
1347477.377704, 4
1347477.398220, 4
1347477.418707, 4
1347477.439176, 4
1347477.459644, 4
1347477.480109, 4
1347477.500581, 4
1347477.521049, 4
1347477.541518, 4
1347477.561988, 4
1347477.582466, 4
1347477.602933, 4
1347477.623413, 4
1347477.644065, 4
1347477.664529, 4
1347477.684993, 4
1347477.705456, 4
1347477.725919, 4
1347477.746380, 4
1347477.766840, 4
1347477.787302, 4
1347477.807763, 4
1347477.828227, 4
1347477.848690, 4
1347477.869153, 4
1347477.889614, 4
1347477.910077, 4
1347477.930539, 4
1347477.951032, 4
1347477.971504, 4
1347477.991998, 4
1347478.012484, 4
1347478.032961, 4
1347478.053428, 4
1347478.073890, 4
1347478.094352, 4
1347478.115052, 4
1347478.135513, 4
1347478.155973, 4
1347478.176437, 4
1347478.196899, 4
1347478.217361, 4
1347478.237822, 4
1347478.258281, 4
1347478.278742, 4
1347478.299204, 4
1347478.319668, 4
1347478.340129, 4
1347478.360591, 4
1347478.381055, 4
1347478.401544, 4
1347478.422084, 4
1347478.442572, 4
1347478.463046, 4
1347478.483514, 4
1347478.503977, 4
1347478.524449, 4
1347478.544913, 4
1347478.565396, 4
1347478.586073, 4
1347478.606536, 4
1347478.626999, 4
1347478.647462, 4
1347478.667924, 4
1347478.688389, 4
1347478.708850, 4
1347478.729309, 4
1347478.749772, 4
1347478.770234, 4
1347478.790699, 4
1347478.811163, 4
1347478.831624, 4
1347478.852084, 4
1347478.872546, 4
1347478.893009, 4
1347478.913470, 4
1347478.933939, 4
1347478.954399, 4
1347478.974859, 4
1347478.995323, 4
1347479.015783, 4
1347479.036247, 4
1347479.056933, 4
1347479.077393, 4
1347479.097855, 4
1347479.118316, 4
1347479.138775, 4
1347479.159235, 4
1347479.179694, 4
1347479.200155, 4
1347479.220615, 4
1347479.241075, 4
1347479.261534, 4
1347479.281994, 4
1347479.302453, 4
1347479.322913, 4
1347479.343372, 4
1347479.363832, 4
1347479.384293, 4
1347479.404753, 4
1347479.425219, 4
1347479.445752, 4
1347479.466240, 4
1347479.486713, 4
1347479.507184, 4
1347479.527825, 4
1347479.548309, 4
1347479.568784, 4
1347479.589271, 4
1347479.609739, 4
1347479.630202, 4
1347479.650663, 4
1347479.671124, 4
1347479.691587, 4
1347479.712006, 4
1347479.732470, 4
1347479.752937, 4
1347479.773430, 4
1347479.793907, 4
1347479.814379, 4
1347479.834847, 4
1347479.855311, 4
1347479.875776, 4
1347479.896240, 4
1347479.916706, 4
1347479.937451, 4
1347479.957930, 4
1347479.978417, 4
1347479.998892, 4
1347480.019381, 4
1347480.039855, 4
1347480.060326, 4
1347480.080792, 4
1347480.101254, 4
1347480.121716, 4
1347480.142178, 4
1347480.162641, 4
1347480.183103, 4
1347480.203566, 4
1347480.224006, 4
1347480.244472, 4
1347480.264947, 4
1347480.285422, 4
1347480.305887, 4
1347480.326352, 4
1347480.347082, 4
1347480.367544, 4
1347480.388005, 4
1347480.408471, 4
1347480.428936, 4
1347480.449404, 4
1347480.469973, 4
1347480.490464, 4
1347480.510939, 4
1347480.531410, 4
1347480.551873, 4
1347480.572335, 4
1347480.592795, 4
1347480.613254, 4
1347480.633719, 4
1347480.654179, 4
1347480.674638, 4
1347480.695099, 4
1347480.715558, 4
1347480.736004, 4
1347480.756712, 4
1347480.777171, 4
1347480.797632, 4
1347480.818092, 4
1347480.838556, 4
1347480.859019, 4
1347480.879479, 4
1347480.899939, 4
1347480.920403, 4
1347480.940862, 4
1347480.961321, 4
1347480.981782, 4
1347481.002242, 4
1347481.022701, 4
1347481.043162, 4
1347481.063622, 4
1347481.084084, 4
1347481.104543, 4
1347481.125003, 4
1347481.145463, 4
1347481.165925, 4
1347481.186384, 4
1347481.206847, 4
1347481.227569, 4
1347481.248004, 4
1347481.268464, 4
1347481.288924, 4
1347481.309383, 4
1347481.329842, 4
1347481.350308, 4
1347481.370770, 4
1347481.391228, 4
1347481.411687, 4
1347481.432148, 4
1347481.452608, 4
1347481.473070, 4
1347481.493530, 4
1347481.513988, 4
1347481.534447, 4
1347481.554907, 4
1347481.575369, 4
1347481.595830, 4
1347481.616291, 4
1347481.636750, 4
1347481.657211, 4
1347481.677670, 4
1347481.698419, 4
1347481.718877, 4
1347481.739336, 4
1347481.759794, 4
1347481.780257, 4
1347481.800716, 4
1347481.821174, 4
1347481.841633, 4
1347481.862094, 4
1347481.882557, 4
1347481.903016, 4
1347481.923475, 4
1347481.943933, 4
1347481.964395, 4
1347481.984855, 4
1347482.005315, 4
1347482.025776, 4
1347482.046237, 4
1347482.066696, 4
1347482.087155, 4
1347482.107614, 4
1347482.128077, 4
1347482.148536, 4
1347482.169273, 4
1347482.189737, 4
1347482.210196, 4
1347482.230656, 4
1347482.251114, 4
1347482.271592, 4
1347482.292060, 4
1347482.312521, 4
1347482.332981, 4
1347482.353442, 4
1347482.373902, 4
1347482.394362, 4
1347482.414822, 4
1347482.435286, 4
1347482.455745, 4
1347482.476205, 4
1347482.496671, 4
1347482.517229, 4
1347482.537716, 4
1347482.558183, 4
1347482.578937, 4
1347482.599404, 4
1347482.619898, 4
1347482.640396, 4
1347482.660898, 4
1347482.681395, 4
1347482.701892, 4
1347482.722389, 4
1347482.742875, 4
1347482.763373, 4
1347482.783876, 4
1347482.804402, 4
1347482.824905, 4
1347482.845393, 4
1347482.866178, 4
1347482.886638, 4
1347482.907095, 4
1347482.927548, 4
1347482.948005, 4
1347482.968459, 4
1347482.988912, 4
1347483.009365, 4
1347483.029816, 4
1347483.050268, 4
1347483.070720, 4
1347483.091172, 4
1347483.111623, 4
1347483.132080, 4
1347483.152531, 4
1347483.172987, 4
1347483.193439, 4
1347483.213899, 4
1347483.234351, 4
1347483.254803, 4
1347483.275257, 4
1347483.295709, 4
1347483.316162, 4
1347483.336615, 4
1347483.357067, 4
1347483.377521, 4
1347483.398227, 4
1347483.418678, 4
1347483.439136, 4
1347483.459599, 4
1347483.480069, 4
1347483.500530, 4
1347483.521001, 4
1347483.541507, 4
1347483.561998, 4
1347483.582471, 4
1347483.602935, 4
1347483.623398, 4
1347483.643861, 4
1347483.664323, 4
1347483.684786, 4
1347483.705250, 4
1347483.725712, 4
1347483.746175, 4
1347483.766636, 4
1347483.787097, 4
1347483.807561, 4
1347483.828007, 4
1347483.848468, 4
1347483.869105, 4
1347483.889565, 4
1347483.910026, 4
1347483.930490, 4
1347483.950951, 4
1347483.971412, 4
1347483.991875, 4
1347484.012348, 4
1347484.032842, 4
1347484.053310, 4
1347484.073774, 4
1347484.094235, 4
1347484.114696, 4
1347484.135156, 4
1347484.155627, 4
1347484.176088, 4
1347484.196549, 4
1347484.217010, 4
1347484.237470, 4
1347484.257930, 4
1347484.278392, 4
1347484.298852, 4
1347484.319312, 4
1347484.339954, 4
1347484.360415, 4
1347484.380875, 4
1347484.401336, 4
1347484.421796, 4
1347484.442256, 4
1347484.462716, 4
1347484.483175, 4
1347484.503635, 4
1347484.524100, 4
1347484.544560, 4
1347484.565124, 4
1347484.585608, 4
1347484.606108, 4
1347484.626607, 4
1347484.647077, 4
1347484.667544, 4
1347484.688006, 4
1347484.708467, 4
1347484.728932, 4
1347484.749600, 4
1347484.770060, 4
1347484.790521, 4
1347484.810982, 4
1347484.831446, 4
1347484.851907, 4
1347484.872368, 4
1347484.892828, 4
1347484.913289, 4
1347484.933753, 4
1347484.954217, 4
1347484.974678, 4
1347484.995138, 4
1347485.015598, 4
1347485.036068, 4
1347485.056529, 4
1347485.076989, 4
1347485.097458, 4
1347485.117918, 4
1347485.138382, 4
1347485.158847, 4
1347485.179307, 4
1347485.199767, 4
1347485.220465, 4
1347485.240929, 4
1347485.261390, 4
1347485.281850, 4
1347485.302310, 4
1347485.322770, 4
1347485.343232, 4
1347485.363694, 4
1347485.384155, 4
1347485.404615, 4
1347485.425076, 4
1347485.445539, 4
1347485.466005, 4
1347485.486499, 4
1347485.506965, 4
1347485.527427, 4
1347485.547887, 4
1347485.568362, 4
1347485.588825, 4
1347485.609316, 4
1347485.629792, 4
1347485.650255, 4
1347485.670722, 4
1347485.691328, 4
1347485.711788, 4
1347485.732251, 4
1347485.752711, 4
1347485.773175, 4
1347485.793641, 4
1347485.814127, 4
1347485.834596, 4
1347485.855059, 4
1347485.875519, 4
1347485.895979, 4
1347485.916445, 4
1347485.936905, 4
1347485.957366, 4
1347485.977829, 4
1347485.998291, 4
1347486.018755, 4
1347486.039217, 4
1347486.059677, 4
1347486.080138, 4
1347486.100600, 4
1347486.121063, 4
1347486.141525, 4
1347486.162177, 4
1347486.182637, 4
1347486.203097, 4
1347486.223561, 4
1347486.244007, 4
1347486.264466, 4
1347486.284926, 4
1347486.305386, 4
1347486.325847, 4
1347486.346309, 4
1347486.366768, 4
1347486.387228, 4
1347486.407688, 4
1347486.428152, 4
1347486.448613, 4
1347486.469079, 4
1347486.489540, 4
1347486.510002, 4
1347486.530464, 4
1347486.550924, 4
1347486.571386, 4
1347486.591846, 4
1347486.612309, 4
1347486.632791, 4
1347486.653256, 4
1347486.673720, 4
1347486.694324, 4
1347486.714786, 4
1347486.735249, 4
1347486.755713, 4
1347486.776182, 4
1347486.796643, 4
1347486.817104, 4
1347486.837564, 4
1347486.858027, 4
1347486.878488, 4
1347486.898948, 4
1347486.919408, 4
1347486.939885, 4
1347486.960357, 4
1347486.980818, 4
1347487.001279, 4
1347487.021740, 4
1347487.042202, 4
1347487.062665, 4
1347487.083126, 4
1347487.103588, 4
1347487.124006, 4
1347487.144466, 4
1347487.164929, 4
1347487.185390, 4
1347487.205850, 4
1347487.226525, 4
1347487.246986, 4
1347487.267449, 4
1347487.287909, 4
1347487.308370, 4
1347487.328830, 4
1347487.349290, 4
1347487.369753, 4
1347487.390214, 4
1347487.410674, 4
1347487.431134, 4
1347487.451593, 4
1347487.472067, 4
1347487.492566, 4
1347487.513036, 4
1347487.533500, 4
1347487.553962, 4
1347487.574427, 4
1347487.594888, 4
1347487.615348, 4
1347487.635812, 4
1347487.656317, 4
1347487.676789, 4
1347487.697493, 4
1347487.717954, 4
1347487.738415, 4
1347487.758876, 4
1347487.779339, 4
1347487.799801, 4
1347487.820268, 4
1347487.840729, 4
1347487.861190, 4
1347487.881653, 4
1347487.902114, 4
1347487.922579, 4
1347487.943061, 4
1347487.963537, 4
1347487.984006, 4
1347488.004476, 4
1347488.024951, 4
1347488.045421, 4
1347488.065883, 4
1347488.086350, 4
1347488.106815, 4
1347488.127276, 4
1347488.147736, 4
1347488.168329, 4
1347488.188789, 4
1347488.209254, 4
1347488.229714, 4
1347488.250175, 4
1347488.270636, 4
1347488.291096, 4
1347488.311560, 4
1347488.332006, 4
1347488.352467, 4
1347488.372928, 4
1347488.393390, 4
1347488.413853, 4
1347488.434314, 4
1347488.454775, 4
1347488.475237, 4
1347488.495697, 4
1347488.516162, 4
1347488.536623, 4
1347488.557082, 4
1347488.577543, 4
1347488.598005, 4
1347488.618467, 4
1347488.639188, 4
1347488.659651, 4
1347488.680151, 4
1347488.700629, 4
1347488.721099, 4
1347488.741563, 4
1347488.762024, 4
1347488.782485, 4
1347488.802945, 4
1347488.823410, 4
1347488.843871, 4
1347488.864334, 4
1347488.884795, 4
1347488.905255, 4
1347488.925718, 4
1347488.946179, 4
1347488.966638, 4
1347488.987101, 4
1347489.007561, 4
1347489.028007, 4
1347489.048472, 4
1347489.068932, 4
1347489.089392, 4
1347489.110066, 4
1347489.130529, 4
1347489.150990, 4
1347489.171450, 4
1347489.191910, 4
1347489.212371, 4
1347489.232834, 4
1347489.253295, 4
1347489.273755, 4
1347489.294215, 4
1347489.314675, 4
1347489.335134, 4
1347489.355597, 4
1347489.376063, 4
1347489.396524, 4
1347489.416984, 4
1347489.437444, 4
1347489.457908, 4
1347489.478374, 4
1347489.498874, 4
1347489.519345, 4
1347489.539808, 4
1347489.560277, 4
1347489.580925, 4
1347489.601385, 4
1347489.621846, 4
1347489.642307, 4
1347489.662771, 4
1347489.683234, 4
1347489.703736, 4
1347489.724210, 4
1347489.744678, 4
1347489.765145, 4
1347489.785607, 4
1347489.806068, 4
1347489.826528, 4
1347489.846989, 4
1347489.867454, 4
1347489.887915, 4
1347489.908376, 4
1347489.928837, 4
1347489.949298, 4
1347489.969760, 4
1347489.990223, 4
1347490.010683, 4
1347490.031144, 4
1347490.051766, 4
1347490.072232, 4
1347490.092693, 4
1347490.113153, 4
1347490.133614, 4
1347490.154075, 4
1347490.174539, 4
1347490.194999, 4
1347490.215459, 4
1347490.235919, 4
1347490.256379, 4
1347490.276841, 4
1347490.297301, 4
1347490.317761, 4
1347490.338222, 4
1347490.358682, 4
1347490.379145, 4
1347490.399615, 4
1347490.420078, 4
1347490.440539, 4
1347490.461000, 4
1347490.481462, 4
1347490.501922, 4
1347490.522590, 4
1347490.543049, 4
1347490.563509, 4
1347490.583969, 4
1347490.604432, 4
1347490.624897, 4
1347490.645401, 4
1347490.665874, 4
1347490.686336, 4
1347490.706803, 4
1347490.727292, 4
1347490.747764, 4
1347490.768227, 4
1347490.788687, 4
1347490.809153, 4
1347490.829614, 4
1347490.850074, 4
1347490.870536, 4
1347490.890995, 4
1347490.911459, 4
1347490.931921, 4
1347490.952382, 4
1347490.972842, 4
1347490.993437, 4
1347491.013901, 4
1347491.034362, 4
1347491.054821, 4
1347491.075281, 4
1347491.095743, 4
1347491.116207, 4
1347491.136667, 4
1347491.157127, 4
1347491.177586, 4
1347491.198045, 4
1347491.218508, 4
1347491.238968, 4
1347491.259428, 4
1347491.279887, 4
1347491.300356, 4
1347491.320818, 4
1347491.341281, 4
1347491.361740, 4
1347491.382200, 4
1347491.402661, 4
1347491.423122, 4
1347491.443582, 4
1347491.464314, 4
1347491.484782, 4
1347491.505242, 4
1347491.525704, 4
1347491.546164, 4
1347491.566623, 4
1347491.587105, 4
1347491.607569, 4
1347491.628007, 4
1347491.648467, 4
1347491.668927, 4
1347491.689387, 4
1347491.709847, 4
1347491.730311, 4
1347491.750808, 4
1347491.771277, 4
1347491.791741, 4
1347491.812202, 4
1347491.832666, 4
1347491.853127, 4
1347491.873589, 4
1347491.894050, 4
1347491.914510, 4
1347491.935177, 4
1347491.955641, 4
1347491.976102, 4
1347491.996564, 4
1347492.017028, 4
1347492.037525, 4
1347492.057993, 4
1347492.078455, 4
1347492.098916, 4
1347492.119378, 4
1347492.139841, 4
1347492.160307, 4
1347492.180769, 4
1347492.201232, 4
1347492.221694, 4
1347492.242156, 4
1347492.262620, 4
1347492.283085, 4
1347492.303546, 4
1347492.324005, 4
1347492.344467, 4
1347492.364928, 4
1347492.385390, 4
1347492.406015, 4
1347492.426475, 4
1347492.446936, 4
1347492.467397, 4
1347492.487858, 4
1347492.508320, 4
1347492.528781, 4
1347492.549241, 4
1347492.569701, 4
1347492.590162, 4
1347492.610624, 4
1347492.631084, 4
1347492.651546, 4
1347492.672006, 4
1347492.692468, 4
1347492.712929, 4
1347492.733389, 4
1347492.753867, 4
1347492.774372, 4
1347492.794869, 4
1347492.815355, 4
1347492.835826, 4
1347492.856300, 4
1347492.876854, 4
1347492.897319, 4
1347492.917780, 4
1347492.938247, 4
1347492.958747, 4
1347492.979214, 4
1347492.999679, 4
1347493.020167, 4
1347493.040648, 4
1347493.061115, 4
1347493.081578, 4
1347493.102041, 4
1347493.122504, 4
1347493.142968, 4
1347493.163432, 4
1347493.183893, 4
1347493.204361, 4
1347493.224823, 4
1347493.245284, 4
1347493.265747, 4
1347493.286522, 4
1347493.306996, 4
1347493.327480, 4
1347493.347952, 4
1347493.368416, 4
1347493.388878, 4
1347493.409339, 4
1347493.429799, 4
1347493.450259, 4
1347493.470719, 4
1347493.491184, 4
1347493.511646, 4
1347493.532107, 4
1347493.552568, 4
1347493.573038, 4
1347493.593499, 4
1347493.613960, 4
1347493.634423, 4
1347493.654884, 4
1347493.675344, 4
1347493.695805, 4
1347493.716273, 4
1347493.736733, 4
1347493.757363, 4
1347493.777827, 4
1347493.798314, 4
1347493.818812, 4
1347493.839312, 4
1347493.859810, 4
1347493.880313, 4
1347493.900800, 4
1347493.921286, 4
1347493.941784, 4
1347493.962282, 4
1347493.982781, 4
1347494.003252, 4
1347494.023718, 4
1347494.044199, 4
1347494.064662, 4
1347494.085124, 4
1347494.105807, 4
1347494.126268, 4
1347494.146732, 4
1347494.167196, 4
1347494.187657, 4
1347494.208119, 4
1347494.228580, 4
1347494.249043, 4
1347494.269503, 4
1347494.289964, 4
1347494.310424, 4
1347494.330887, 4
1347494.351351, 4
1347494.371812, 4
1347494.392276, 4
1347494.412738, 4
1347494.433199, 4
1347494.453663, 4
1347494.474124, 4
1347494.494584, 4
1347494.515045, 4
1347494.535506, 4
1347494.555970, 4
1347494.576687, 4
1347494.597147, 4
1347494.617608, 4
1347494.638068, 4
1347494.658531, 4
1347494.678992, 4
1347494.699452, 4
1347494.719911, 4
1347494.740373, 4
1347494.760836, 4
1347494.781297, 4
1347494.801763, 4
1347494.822252, 4
1347494.842719, 4
1347494.863188, 4
1347494.883651, 4
1347494.904113, 4
1347494.924577, 4
1347494.945039, 4
1347494.965503, 4
1347494.985965, 4
1347495.006425, 4
1347495.026885, 4
1347495.047542, 4
1347495.068007, 4
1347495.088468, 4
1347495.108929, 4
1347495.129389, 4
1347495.149850, 4
1347495.170313, 4
1347495.190776, 4
1347495.211237, 4
1347495.231699, 4
1347495.252165, 4
1347495.272628, 4
1347495.293090, 4
1347495.313552, 4
1347495.334012, 4
1347495.354473, 4
1347495.374933, 4
1347495.395397, 4
1347495.415859, 4
1347495.436321, 4
1347495.456783, 4
1347495.477244, 4
1347495.497705, 4
1347495.518378, 4
1347495.538839, 4
1347495.559303, 4
1347495.579766, 4
1347495.600229, 4
1347495.620689, 4
1347495.641150, 4
1347495.661610, 4
1347495.682071, 4
1347495.702532, 4
1347495.722992, 4
1347495.743453, 4
1347495.763915, 4
1347495.784375, 4
1347495.804838, 4
1347495.825303, 4
1347495.845791, 4
1347495.866303, 4
1347495.886786, 4
1347495.907253, 4
1347495.927718, 4
1347495.948189, 4
1347495.968650, 4
1347495.989240, 4
1347496.009709, 4
1347496.030195, 4
1347496.050664, 4
1347496.071130, 4
1347496.091594, 4
1347496.112066, 4
1347496.132528, 4
1347496.152989, 4
1347496.173450, 4
1347496.193912, 4
1347496.214373, 4
1347496.234834, 4
1347496.255312, 4
1347496.275776, 4
1347496.296239, 4
1347496.316700, 4
1347496.337161, 4
1347496.357622, 4
1347496.378084, 4
1347496.398545, 4
1347496.419012, 4
1347496.439531, 4
1347496.460113, 4
1347496.480578, 4
1347496.501041, 4
1347496.521502, 4
1347496.541962, 4
1347496.562422, 4
1347496.582882, 4
1347496.603341, 4
1347496.623800, 4
1347496.644267, 4
1347496.664726, 4
1347496.685185, 4
1347496.705651, 4
1347496.726112, 4
1347496.746572, 4
1347496.767032, 4
1347496.787491, 4
1347496.807952, 4
1347496.828412, 4
1347496.848871, 4
1347496.869335, 4
1347496.889796, 4
1347496.910256, 4
1347496.930959, 4
1347496.951419, 4
1347496.971881, 4
1347496.992348, 4
1347497.012807, 4
1347497.033269, 4
1347497.053730, 4
1347497.074190, 4
1347497.094651, 4
1347497.115111, 4
1347497.135570, 4
1347497.156006, 4
1347497.176468, 4
1347497.196928, 4
1347497.217387, 4
1347497.237846, 4
1347497.258304, 4
1347497.278764, 4
1347497.299224, 4
1347497.319683, 4
1347497.340146, 4
1347497.360605, 4
1347497.381064, 4
1347497.401792, 4
1347497.422252, 4
1347497.442712, 4
1347497.463171, 4
1347497.483630, 4
1347497.504091, 4
1347497.524550, 4
1347497.545010, 4
1347497.565469, 4
1347497.585928, 4
1347497.606390, 4
1347497.626848, 4
1347497.647307, 4
1347497.667767, 4
1347497.688227, 4
1347497.708686, 4
1347497.729145, 4
1347497.749605, 4
1347497.770064, 4
1347497.790523, 4
1347497.810984, 4
1347497.831444, 4
1347497.851904, 4
1347497.872614, 4
1347497.893114, 4
1347497.913611, 4
1347497.934111, 4
1347497.954618, 4
1347497.975121, 4
1347497.995619, 4
1347498.016119, 4
1347498.036618, 4
1347498.057116, 4
1347498.077615, 4
1347498.098120, 4
1347498.118595, 4
1347498.139062, 4
1347498.159524, 4
1347498.179985, 4
1347498.200446, 4
1347498.221044, 4
1347498.241504, 4
1347498.261964, 4
1347498.282424, 4
1347498.302884, 4
1347498.323345, 4
1347498.343805, 4
1347498.364272, 4
1347498.384731, 4
1347498.405196, 4
1347498.425680, 4
1347498.446147, 4
1347498.466611, 4
1347498.487073, 4
1347498.507539, 4
1347498.528015, 4
1347498.548507, 4
1347498.568978, 4
1347498.589444, 4
1347498.609909, 4
1347498.630391, 4
1347498.650854, 4
1347498.671320, 4
1347498.691912, 4
1347498.712378, 4
1347498.732854, 4
1347498.753320, 4
1347498.773782, 4
1347498.794243, 4
1347498.814703, 4
1347498.835165, 4
1347498.855625, 4
1347498.876086, 4
1347498.896549, 4
1347498.917043, 4
1347498.937528, 4
1347498.957995, 4
1347498.978462, 4
1347498.998923, 4
1347499.019384, 4
1347499.039848, 4
1347499.060311, 4
1347499.080771, 4
1347499.101232, 4
1347499.121696, 4
1347499.142186, 4
1347499.162769, 4
1347499.183234, 4
1347499.203695, 4
1347499.224157, 4
1347499.244616, 4
1347499.265077, 4
1347499.285537, 4
1347499.305997, 4
1347499.326458, 4
1347499.346927, 4
1347499.367415, 4
1347499.387887, 4
1347499.408358, 4
1347499.428819, 4
1347499.449289, 4
1347499.469750, 4
1347499.490210, 4
1347499.510673, 4
1347499.531133, 4
1347499.551598, 4
1347499.572067, 4
1347499.592527, 4
1347499.612987, 4
1347499.633612, 4
1347499.654073, 4
1347499.674533, 4
1347499.694992, 4
1347499.715452, 4
1347499.735912, 4
1347499.756414, 4
1347499.776884, 4
1347499.797349, 4
1347499.817814, 4
1347499.838277, 4
1347499.858742, 4
1347499.879208, 4
1347499.899699, 4
1347499.920186, 4
1347499.940664, 4
1347499.961130, 4
1347499.981600, 4
1347500.002092, 4
1347500.022567, 4
1347500.043298, 4
1347500.063768, 4
1347500.084234, 4
1347500.104697, 4
1347500.125163, 4
1347500.145657, 4
1347500.166136, 4
1347500.186605, 4
1347500.207070, 4
1347500.227535, 4
1347500.248000, 4
1347500.268469, 4
1347500.288934, 4
1347500.309398, 4
1347500.329864, 4
1347500.350328, 4
1347500.370795, 4
1347500.391293, 4
1347500.411766, 4
1347500.432235, 4
1347500.452906, 4
1347500.473369, 4
1347500.493833, 4
1347500.514296, 4
1347500.534759, 4
1347500.555222, 4
1347500.575689, 4
1347500.596190, 4
1347500.616662, 4
1347500.637155, 4
1347500.657626, 4
1347500.678092, 4
1347500.698555, 4
1347500.719015, 4
1347500.739479, 4
1347500.759939, 4
1347500.780404, 4
1347500.800874, 4
1347500.821339, 4
1347500.841802, 4
1347500.862269, 4
1347500.882747, 4
1347500.903214, 4
1347500.923825, 4
1347500.944320, 4
1347500.964797, 4
1347500.985262, 4
1347501.005724, 4
1347501.026188, 4
1347501.046651, 4
1347501.067114, 4
1347501.087576, 4
1347501.108009, 4
1347501.128506, 4
1347501.148979, 4
1347501.169442, 4
1347501.189905, 4
1347501.210369, 4
1347501.230835, 4
1347501.251298, 4
1347501.271763, 4
1347501.292228, 4
1347501.312697, 4
1347501.333499, 4
1347501.353968, 4
1347501.374434, 4
1347501.394897, 4
1347501.415357, 4
1347501.435822, 4
1347501.456284, 4
1347501.476744, 4
1347501.497210, 4
1347501.517670, 4
1347501.538134, 4
1347501.558594, 4
1347501.579054, 4
1347501.599514, 4
1347501.619977, 4
1347501.640471, 4
1347501.660969, 4
1347501.681481, 4
1347501.701964, 4
1347501.722428, 4
1347501.743118, 4
1347501.763579, 4
1347501.784007, 4
1347501.804466, 4
1347501.824932, 4
1347501.845397, 4
1347501.865857, 4
1347501.886316, 4
1347501.906776, 4
1347501.927236, 4
1347501.947699, 4
1347501.968166, 4
1347501.988658, 4
1347502.009126, 4
1347502.029591, 4
1347502.050056, 4
1347502.070517, 4
1347502.090988, 4
1347502.111449, 4
1347502.131910, 4
1347502.152375, 4
1347502.172837, 4
1347502.193299, 4
1347502.213973, 4
1347502.234434, 4
1347502.254896, 4
1347502.275358, 4
1347502.295818, 4
1347502.316282, 4
1347502.336742, 4
1347502.357205, 4
1347502.377666, 4
1347502.398126, 4
1347502.418588, 4
1347502.439048, 4
1347502.459509, 4
1347502.479973, 4
1347502.500433, 4
1347502.520893, 4
1347502.541353, 4
1347502.561816, 4
1347502.582280, 4
1347502.602740, 4
1347502.623202, 4
1347502.643662, 4
1347502.664122, 4
1347502.684801, 4
1347502.705261, 4
1347502.725720, 4
1347502.746180, 4
1347502.766640, 4
1347502.787102, 4
1347502.807561, 4
1347502.828005, 4
1347502.848466, 4
1347502.868926, 4
1347502.889388, 4
1347502.909848, 4
1347502.930314, 4
1347502.950810, 4
1347502.971305, 4
1347502.991777, 4
1347503.012243, 4
1347503.032714, 4
1347503.053176, 4
1347503.073637, 4
1347503.094101, 4
1347503.114562, 4
1347503.135023, 4
1347503.155639, 4
1347503.176100, 4
1347503.196562, 4
1347503.217024, 4
1347503.237484, 4
1347503.257944, 4
1347503.278404, 4
1347503.298866, 4
1347503.319326, 4
1347503.339787, 4
1347503.360250, 4
1347503.380711, 4
1347503.401173, 4
1347503.421634, 4
1347503.442094, 4
1347503.462554, 4
1347503.483014, 4
1347503.503482, 4
1347503.523942, 4
1347503.544402, 4
1347503.564862, 4
1347503.585322, 4
1347503.605785, 4
1347503.626509, 4
1347503.646970, 4
1347503.667430, 4
1347503.687889, 4
1347503.708358, 4
1347503.728817, 4
1347503.749277, 4
1347503.769736, 4
1347503.790195, 4
1347503.810654, 4
1347503.831116, 4
1347503.851576, 4
1347503.872006, 4
1347503.892466, 4
1347503.912927, 4
1347503.933389, 4
1347503.953850, 4
1347503.974311, 4
1347503.994772, 4
1347504.015238, 4
1347504.035732, 4
1347504.056205, 4
1347504.076669, 4
1347504.097353, 4
1347504.117813, 4
1347504.138276, 4
1347504.158738, 4
1347504.179198, 4
1347504.199658, 4
1347504.220120, 4
1347504.240583, 4
1347504.261044, 4
1347504.281504, 4
1347504.301965, 4
1347504.322425, 4
1347504.342890, 4
1347504.363352, 4
1347504.383813, 4
1347504.404280, 4
1347504.424742, 4
1347504.445208, 4
1347504.465668, 4
1347504.486129, 4
1347504.506591, 4
1347504.527051, 4
1347504.547514, 4
1347504.568226, 4
1347504.588686, 4
1347504.609146, 4
1347504.629606, 4
1347504.650069, 4
1347504.670529, 4
1347504.690990, 4
1347504.711450, 4
1347504.731909, 4
1347504.752372, 4
1347504.772833, 4
1347504.793292, 4
1347504.813753, 4
1347504.834213, 4
1347504.854676, 4
1347504.875137, 4
1347504.895596, 4
1347504.916063, 4
1347504.936523, 4
1347504.956985, 4
1347504.977455, 4
1347504.997915, 4
1347505.018375, 4
1347505.039082, 4
1347505.059583, 4
1347505.080006, 4
1347505.100469, 4
1347505.120931, 4
1347505.141393, 4
1347505.161853, 4
1347505.182317, 4
1347505.202778, 4
1347505.223238, 4
1347505.243698, 4
1347505.264160, 4
1347505.284628, 4
1347505.305126, 4
1347505.325595, 4
1347505.346058, 4
1347505.366519, 4
1347505.386986, 4
1347505.407447, 4
1347505.427908, 4
1347505.448370, 4
1347505.468831, 4
1347505.489295, 4
1347505.509947, 4
1347505.530410, 4
1347505.550911, 4
1347505.571400, 4
1347505.591866, 4
1347505.612329, 4
1347505.632789, 4
1347505.653249, 4
1347505.673709, 4
1347505.694173, 4
1347505.714633, 4
1347505.735096, 4
1347505.755595, 4
1347505.776106, 4
1347505.796593, 4
1347505.817062, 4
1347505.837524, 4
1347505.857987, 4
1347505.878447, 4
1347505.898910, 4
1347505.919623, 4
1347505.940105, 4
1347505.960574, 4
1347505.981037, 4
1347506.001502, 4
1347506.021968, 4
1347506.042460, 4
1347506.062930, 4
1347506.083392, 4
1347506.103857, 4
1347506.124319, 4
1347506.144779, 4
1347506.165239, 4
1347506.185699, 4
1347506.206162, 4
1347506.226622, 4
1347506.247082, 4
1347506.267547, 4
1347506.288011, 4
1347506.308480, 4
1347506.328949, 4
1347506.349411, 4
1347506.369871, 4
1347506.390483, 4
1347506.410944, 4
1347506.431404, 4
1347506.451867, 4
1347506.472328, 4
1347506.492789, 4
1347506.513250, 4
1347506.533742, 4
1347506.554209, 4
1347506.574671, 4
1347506.595131, 4
1347506.615590, 4
1347506.636006, 4
1347506.656466, 4
1347506.676927, 4
1347506.697388, 4
1347506.717849, 4
1347506.738311, 4
1347506.758774, 4
1347506.779259, 4
1347506.799740, 4
1347506.820203, 4
1347506.840665, 4
1347506.861348, 4
1347506.881807, 4
1347506.902267, 4
1347506.922730, 4
1347506.943225, 4
1347506.963694, 4
1347506.984163, 4
1347507.004630, 4
1347507.025127, 4
1347507.045597, 4
1347507.066062, 4
1347507.086526, 4
1347507.106986, 4
1347507.127447, 4
1347507.147910, 4
1347507.168371, 4
1347507.189348, 4
1347507.209811, 4
1347507.230270, 4
1347507.250734, 4
1347507.271194, 4
1347507.291653, 4
1347507.312114, 4
1347507.332574, 4
1347507.353033, 4
1347507.373493, 4
1347507.393952, 4
1347507.414411, 4
1347507.434871, 4
1347507.455329, 4
1347507.475789, 4
1347507.496250, 4
1347507.516711, 4
1347507.537171, 4
1347507.557632, 4
1347507.578092, 4
1347507.598552, 4
1347507.619012, 4
1347507.639472, 4
1347507.659931, 4
1347507.680656, 4
1347507.701115, 4
1347507.721574, 4
1347507.742034, 4
1347507.762493, 4
1347507.782952, 4
1347507.803413, 4
1347507.823875, 4
1347507.844341, 4
1347507.864800, 4
1347507.885260, 4
1347507.905719, 4
1347507.926178, 4
1347507.946640, 4
1347507.967114, 4
1347507.987576, 4
1347508.008022, 4
1347508.028501, 4
1347508.048969, 4
1347508.069431, 4
1347508.089900, 4
1347508.110362, 4
1347508.130823, 4
1347508.151517, 4
1347508.171977, 4
1347508.192437, 4
1347508.212898, 4
1347508.233358, 4
1347508.253818, 4
1347508.274278, 4
1347508.294744, 4
1347508.315228, 4
1347508.335694, 4
1347508.356156, 4
1347508.376616, 4
1347508.397076, 4
1347508.417536, 4
1347508.437995, 4
1347508.458455, 4
1347508.478915, 4
1347508.499377, 4
1347508.519836, 4
1347508.540298, 4
1347508.560758, 4
1347508.581218, 4
1347508.601678, 4
1347508.622401, 4
1347508.642860, 4
1347508.663321, 4
1347508.683781, 4
1347508.704241, 4
1347508.724701, 4
1347508.745160, 4
1347508.765619, 4
1347508.786078, 4
1347508.806537, 4
1347508.826996, 4
1347508.847455, 4
1347508.867915, 4
1347508.888375, 4
1347508.908836, 4
1347508.929295, 4
1347508.949754, 4
1347508.970215, 4
1347508.990675, 4
1347509.011134, 4
1347509.031601, 4
1347509.052067, 4
1347509.072528, 4
1347509.092988, 4
1347509.113448, 4
1347509.133909, 4
1347509.154523, 4
1347509.174983, 4
1347509.195443, 4
1347509.215902, 4
1347509.236368, 4
1347509.256832, 4
1347509.277317, 4
1347509.297784, 4
1347509.318246, 4
1347509.338708, 4
1347509.359174, 4
1347509.379666, 4
1347509.400137, 4
1347509.420604, 4
1347509.441065, 4
1347509.461526, 4
1347509.481988, 4
1347509.502456, 4
1347509.522917, 4
1347509.543377, 4
1347509.563838, 4
1347509.584299, 4
1347509.604760, 4
1347509.625415, 4
1347509.645875, 4
1347509.666339, 4
1347509.686817, 4
1347509.707283, 4
1347509.727744, 4
1347509.748207, 4
1347509.768666, 4
1347509.789126, 4
1347509.809586, 4
1347509.830046, 4
1347509.850506, 4
1347509.870966, 4
1347509.891426, 4
1347509.911887, 4
1347509.932353, 4
1347509.952812, 4
1347509.973274, 4
1347509.993734, 4
1347510.014195, 4
1347510.034657, 4
1347510.055121, 4
1347510.075597, 4
1347510.096311, 4
1347510.116771, 4
1347510.137233, 4
1347510.157694, 4
1347510.178155, 4
1347510.198616, 4
1347510.219076, 4
1347510.239560, 4
1347510.260007, 4
1347510.280471, 4
1347510.300963, 4
1347510.321428, 4
1347510.341894, 4
1347510.362358, 4
1347510.382820, 4
1347510.403281, 4
1347510.423742, 4
1347510.444206, 4
1347510.464666, 4
1347510.485125, 4
1347510.505588, 4
1347510.526050, 4
1347510.546510, 4
1347510.567181, 4
1347510.587642, 4
1347510.608102, 4
1347510.628562, 4
1347510.649027, 4
1347510.669522, 4
1347510.689990, 4
1347510.710455, 4
1347510.730916, 4
1347510.751377, 4
1347510.771837, 4
1347510.792299, 4
1347510.812760, 4
1347510.833220, 4
1347510.853680, 4
1347510.874141, 4
1347510.894600, 4
1347510.915065, 4
1347510.935525, 4
1347510.955985, 4
1347510.976448, 4
1347510.996914, 4
1347511.017415, 4
1347511.038063, 4
1347511.058526, 4
1347511.078988, 4
1347511.099449, 4
1347511.119910, 4
1347511.140371, 4
1347511.160832, 4
1347511.181293, 4
1347511.201755, 4
1347511.222215, 4
1347511.242675, 4
1347511.263135, 4
1347511.283594, 4
1347511.304006, 4
1347511.324466, 4
1347511.344926, 4
1347511.365386, 4
1347511.385847, 4
1347511.406306, 4
1347511.426765, 4
1347511.447227, 4
1347511.467686, 4
1347511.488147, 4
1347511.508613, 4
1347511.529074, 4
1347511.549533, 4
1347511.570151, 4
1347511.590614, 4
1347511.611075, 4
1347511.631535, 4
1347511.651995, 4
1347511.672463, 4
1347511.692922, 4
1347511.713382, 4
1347511.733843, 4
1347511.754302, 4
1347511.774762, 4
1347511.795223, 4
1347511.815693, 4
1347511.836157, 4
1347511.856616, 4
1347511.877078, 4
1347511.897539, 4
1347511.918001, 4
1347511.938462, 4
1347511.958923, 4
1347511.979384, 4
1347511.999845, 4
1347512.020311, 4
1347512.041100, 4
1347512.061573, 4
1347512.082036, 4
1347512.102500, 4
1347512.122962, 4
1347512.143424, 4
1347512.163885, 4
1347512.184353, 4
1347512.204819, 4
1347512.225313, 4
1347512.245782, 4
1347512.266247, 4
1347512.286708, 4
1347512.307168, 4
1347512.327638, 4
1347512.348098, 4
1347512.368559, 4
1347512.389021, 4
1347512.409484, 4
1347512.429945, 4
1347512.450407, 4
1347512.470870, 4
1347512.491337, 4
1347512.512009, 4
1347512.532472, 4
1347512.552934, 4
1347512.573395, 4
1347512.593855, 4
1347512.614318, 4
1347512.634779, 4
1347512.655240, 4
1347512.675700, 4
1347512.696161, 4
1347512.716622, 4
1347512.737082, 4
1347512.757541, 4
1347512.778001, 4
1347512.798463, 4
1347512.818924, 4
1347512.839385, 4
1347512.859845, 4
1347512.880306, 4
1347512.900768, 4
1347512.921229, 4
1347512.941692, 4
1347512.962196, 4
1347512.982692, 4
1347513.003161, 4
1347513.023625, 4
1347513.044333, 4
1347513.064793, 4
1347513.085253, 4
1347513.105712, 4
1347513.126172, 4
1347513.146631, 4
1347513.167091, 4
1347513.187550, 4
1347513.208006, 4
1347513.228470, 4
1347513.248969, 4
1347513.269440, 4
1347513.289905, 4
1347513.310367, 4
1347513.330829, 4
1347513.351290, 4
1347513.371752, 4
1347513.392217, 4
1347513.412677, 4
1347513.433136, 4
1347513.453598, 4
1347513.474057, 4
1347513.494517, 4
1347513.514981, 4
1347513.535441, 4
1347513.555901, 4
1347513.576492, 4
1347513.596951, 4
1347513.617411, 4
1347513.637873, 4
1347513.658330, 4
1347513.678790, 4
1347513.699252, 4
1347513.719712, 4
1347513.740179, 4
1347513.760640, 4
1347513.781101, 4
1347513.801560, 4
1347513.822020, 4
1347513.842479, 4
1347513.862939, 4
1347513.883400, 4
1347513.903859, 4
1347513.924322, 4
1347513.944781, 4
1347513.965240, 4
1347513.985702, 4
1347514.006163, 4
1347514.026623, 4
1347514.047363, 4
1347514.067823, 4
1347514.088286, 4
1347514.108746, 4
1347514.129205, 4
1347514.149665, 4
1347514.170124, 4
1347514.190584, 4
1347514.211043, 4
1347514.231503, 4
1347514.251964, 4
1347514.272427, 4
1347514.292889, 4
1347514.313349, 4
1347514.333808, 4
1347514.354268, 4
1347514.374727, 4
1347514.395190, 4
1347514.415650, 4
1347514.436110, 4
1347514.456570, 4
1347514.477030, 4
1347514.497491, 4
1347514.518224, 4
1347514.538683, 4
1347514.559143, 4
1347514.579603, 4
1347514.600070, 4
1347514.620530, 4
1347514.640989, 4
1347514.661451, 4
1347514.681911, 4
1347514.702374, 4
1347514.722835, 4
1347514.743296, 4
1347514.763755, 4
1347514.784217, 4
1347514.804677, 4
1347514.825137, 4
1347514.845596, 4
1347514.866058, 4
1347514.886533, 4
1347514.906995, 4
1347514.927463, 4
1347514.947922, 4
1347514.968382, 4
1347514.989085, 4
1347515.009551, 4
1347515.030052, 4
1347515.050521, 4
1347515.070986, 4
1347515.091448, 4
1347515.111908, 4
1347515.132370, 4
1347515.152830, 4
1347515.173290, 4
1347515.193750, 4
1347515.214211, 4
1347515.234671, 4
1347515.255131, 4
1347515.275598, 4
1347515.296096, 4
1347515.316567, 4
1347515.337033, 4
1347515.357494, 4
1347515.377954, 4
1347515.398415, 4
1347515.418877, 4
1347515.439337, 4
1347515.459954, 4
1347515.480415, 4
1347515.500875, 4
1347515.521338, 4
1347515.541798, 4
1347515.562258, 4
1347515.582718, 4
1347515.603179, 4
1347515.623639, 4
1347515.644099, 4
1347515.664559, 4
1347515.685020, 4
1347515.705480, 4
1347515.725941, 4
1347515.746401, 4
1347515.766861, 4
1347515.787321, 4
1347515.807787, 4
1347515.828293, 4
1347515.848778, 4
1347515.869246, 4
1347515.889710, 4
1347515.910176, 4
1347515.930913, 4
1347515.951378, 4
1347515.971844, 4
1347515.992308, 4
1347516.012774, 4
1347516.033284, 4
1347516.053769, 4
1347516.074236, 4
1347516.094700, 4
1347516.115162, 4
1347516.135623, 4
1347516.156085, 4
1347516.176547, 4
1347516.197008, 4
1347516.217478, 4
1347516.237937, 4
1347516.258397, 4
1347516.278859, 4
1347516.299324, 4
1347516.319821, 4
1347516.340497, 4
1347516.360964, 4
1347516.381426, 4
1347516.401887, 4
1347516.422348, 4
1347516.442809, 4
1347516.463268, 4
1347516.483731, 4
1347516.504198, 4
1347516.524658, 4
1347516.545173, 4
1347516.565633, 4
1347516.586092, 4
1347516.606551, 4
1347516.627021, 4
1347516.647483, 4
1347516.667943, 4
1347516.688405, 4
1347516.708868, 4
1347516.729333, 4
1347516.749839, 4
1347516.770340, 4
1347516.790812, 4
1347516.811365, 4
1347516.831832, 4
1347516.852296, 4
1347516.872757, 4
1347516.893217, 4
1347516.913677, 4
1347516.934139, 4
1347516.954598, 4
1347516.975057, 4
1347516.995516, 4
1347517.015976, 4
1347517.036437, 4
1347517.056896, 4
1347517.077356, 4
1347517.097816, 4
1347517.118275, 4
1347517.138735, 4
1347517.159195, 4
1347517.179661, 4
1347517.203160, 4
1347517.223622, 4
1347517.244087, 4
1347517.264547, 4
1347517.285006, 4
1347517.305467, 4
1347517.325930, 4
1347517.346428, 4
1347517.367031, 4
1347517.387501, 4
1347517.407965, 4
1347517.428428, 4
1347517.448898, 4
1347517.469402, 4
1347517.489872, 4
1347517.510340, 4
1347517.530803, 4
1347517.551264, 4
1347517.571727, 4
1347517.592191, 4
1347517.612651, 4
1347517.633111, 4
1347517.653573, 4
1347517.674033, 4
1347517.694494, 4
1347517.714964, 4
1347517.735427, 4
1347517.755887, 4
1347517.776354, 4
1347517.796814, 4
1347517.817274, 4
1347517.837882, 4
1347517.858342, 4
1347517.878802, 4
1347517.899261, 4
1347517.919720, 4
1347517.940207, 4
1347517.960709, 4
1347517.981208, 4
1347518.001681, 4
1347518.022146, 4
1347518.042607, 4
1347518.063068, 4
1347518.083528, 4
1347518.103989, 4
1347518.124451, 4
1347518.144912, 4
1347518.165371, 4
1347518.185837, 4
1347518.206297, 4
1347518.226756, 4
1347518.247216, 4
1347518.267676, 4
1347518.288137, 4
1347518.308736, 4
1347518.329194, 4
1347518.349659, 4
1347518.370154, 4
1347518.390650, 4
1347518.411118, 4
1347518.431582, 4
1347518.452007, 4
1347518.472470, 4
1347518.492930, 4
1347518.513391, 4
1347518.533854, 4
1347518.554317, 4
1347518.574777, 4
1347518.595236, 4
1347518.615696, 4
1347518.636157, 4
1347518.656619, 4
1347518.677080, 4
1347518.697539, 4
1347518.718001, 4
1347518.738461, 4
1347518.758925, 4
1347518.779610, 4
1347518.800086, 4
1347518.820547, 4
1347518.841008, 4
1347518.861470, 4
1347518.881931, 4
1347518.902392, 4
1347518.922853, 4
1347518.943312, 4
1347518.963772, 4
1347518.984234, 4
1347519.004694, 4
1347519.025154, 4
1347519.045615, 4
1347519.066074, 4
1347519.086534, 4
1347519.106995, 4
1347519.127457, 4
1347519.147918, 4
1347519.168378, 4
1347519.188840, 4
1347519.209302, 4
1347519.229761, 4
1347519.250446, 4
1347519.270907, 4
1347519.291367, 4
1347519.311827, 4
1347519.332289, 4
1347519.352749, 4
1347519.373212, 4
1347519.393707, 4
1347519.414211, 4
1347519.434685, 4
1347519.455152, 4
1347519.475615, 4
1347519.496085, 4
1347519.516613, 4
1347519.537079, 4
1347519.557562, 4
1347519.578024, 4
1347519.598485, 4
1347519.618945, 4
1347519.639407, 4
1347519.660069, 4
1347519.680529, 4
1347519.700990, 4
1347519.721452, 4
1347519.741912, 4
1347519.762372, 4
1347519.782842, 4
1347519.803328, 4
1347519.823796, 4
1347519.844267, 4
1347519.864729, 4
1347519.885189, 4
1347519.905649, 4
1347519.926109, 4
1347519.946570, 4
1347519.967029, 4
1347519.987489, 4
1347520.007959, 4
1347520.028452, 4
1347520.048919, 4
1347520.069384, 4
1347520.089845, 4
1347520.110305, 4
1347520.131006, 4
1347520.151467, 4
1347520.171927, 4
1347520.192388, 4
1347520.212848, 4
1347520.233309, 4
1347520.253769, 4
1347520.274229, 4
1347520.294690, 4
1347520.315152, 4
1347520.335611, 4
1347520.356076, 4
1347520.376537, 4
1347520.397001, 4
1347520.417484, 4
1347520.437997, 4
1347520.458462, 4
1347520.478925, 4
1347520.499385, 4
1347520.519845, 4
1347520.540307, 4
1347520.560768, 4
1347520.581227, 4
1347520.601688, 4
1347520.622148, 4
1347520.642616, 4
1347520.663243, 4
1347520.683710, 4
1347520.704180, 4
1347520.724642, 4
1347520.745102, 4
1347520.765562, 4
1347520.786022, 4
1347520.806484, 4
1347520.826945, 4
1347520.847405, 4
1347520.867865, 4
1347520.888327, 4
1347520.908787, 4
1347520.929247, 4
1347520.949706, 4
1347520.970166, 4
1347520.990626, 4
1347521.011087, 4
1347521.031549, 4
1347521.052006, 4
1347521.072476, 4
1347521.092936, 4
1347521.113396, 4
1347521.133857, 4
1347521.154317, 4
1347521.174777, 4
1347521.195424, 4
1347521.215883, 4
1347521.236350, 4
1347521.256809, 4
1347521.277268, 4
1347521.297728, 4
1347521.318187, 4
1347521.338647, 4
1347521.359106, 4
1347521.379566, 4
1347521.400006, 4
1347521.420469, 4
1347521.440955, 4
1347521.461449, 4
1347521.481917, 4
1347521.502381, 4
1347521.522846, 4
1347521.543310, 4
1347521.563772, 4
1347521.584233, 4
1347521.604694, 4
1347521.625154, 4
1347521.645614, 4
1347521.666076, 4
1347521.686535, 4
1347521.706994, 4
1347521.727676, 4
1347521.748137, 4
1347521.768598, 4
1347521.789057, 4
1347521.809516, 4
1347521.829978, 4
1347521.850438, 4
1347521.870899, 4
1347521.891359, 4
1347521.911818, 4
1347521.932280, 4
1347521.952739, 4
1347521.973199, 4
1347521.993658, 4
1347522.014120, 4
1347522.034579, 4
1347522.055039, 4
1347522.075501, 4
1347522.095961, 4
1347522.116423, 4
1347522.136883, 4
1347522.157343, 4
1347522.177803, 4
1347522.229397, 4
1347522.249867, 4
1347522.270327, 4
1347522.290787, 4
1347522.311254, 4
1347522.331715, 4
1347522.352183, 4
1347522.372796, 4
1347522.393257, 4
1347522.413717, 4
1347522.434181, 4
1347522.454683, 4
1347522.475163, 4
1347522.495635, 4
1347522.516104, 4
1347522.536567, 4
1347522.557034, 4
1347522.577497, 4
1347522.597963, 4
1347522.618463, 4
1347522.638932, 4
1347522.659398, 4
1347522.679862, 4
1347522.700330, 4
1347522.720824, 4
1347522.741293, 4
1347522.761759, 4
1347522.782495, 4
1347522.802956, 4
1347522.823418, 4
1347522.843881, 4
1347522.864350, 4
1347522.884815, 4
1347522.905277, 4
1347522.925740, 4
1347522.946228, 4
1347522.966714, 4
1347522.987191, 4
1347523.007663, 4
1347523.028163, 4
1347523.048636, 4
1347523.069105, 4
1347523.089570, 4
1347523.110033, 4
1347523.130497, 4
1347523.150962, 4
1347523.171424, 4
1347523.192180, 4
1347523.212672, 4
1347523.233143, 4
1347523.253609, 4
1347523.274071, 4
1347523.294536, 4
1347523.315005, 4
1347523.335467, 4
1347523.355930, 4
1347523.376394, 4
1347523.396858, 4
1347523.417322, 4
1347523.437788, 4
1347523.458287, 4
1347523.478785, 4
1347523.499255, 4
1347523.519727, 4
1347523.540199, 4
1347523.560662, 4
1347523.581130, 4
1347523.601821, 4
1347523.622308, 4
1347523.642775, 4
1347523.663241, 4
1347523.683706, 4
1347523.704196, 4
1347523.724662, 4
1347523.745127, 4
1347523.765593, 4
1347523.786057, 4
1347523.806521, 4
1347523.826982, 4
1347523.847446, 4
1347523.867910, 4
1347523.888377, 4
1347523.908823, 4
1347523.929310, 4
1347523.949786, 4
1347523.970250, 4
1347523.990711, 4
1347524.011178, 4
1347524.031672, 4
1347524.052141, 4
1347524.072700, 4
1347524.093161, 4
1347524.113621, 4
1347524.134082, 4
1347524.154542, 4
1347524.175002, 4
1347524.195462, 4
1347524.215922, 4
1347524.236399, 4
1347524.256861, 4
1347524.277323, 4
1347524.297785, 4
1347524.318245, 4
1347524.338706, 4
1347524.359166, 4
1347524.379626, 4
1347524.400087, 4
1347524.420560, 4
1347524.441020, 4
1347524.461479, 4
1347524.481930, 4
1347524.502433, 4
1347524.522899, 4
1347524.543571, 4
1347524.564006, 4
1347524.584470, 4
1347524.604934, 4
1347524.625420, 4
1347524.645889, 4
1347524.666353, 4
1347524.686836, 4
1347524.707304, 4
1347524.727769, 4
1347524.748234, 4
1347524.768698, 4
1347524.789160, 4
1347524.809622, 4
1347524.830093, 4
1347524.850552, 4
1347524.871014, 4
1347524.891479, 4
1347524.911942, 4
1347524.932431, 4
1347524.952915, 4
1347524.973380, 4
1347524.993844, 4
1347525.014425, 4
1347525.034889, 4
1347525.055352, 4
1347525.075813, 4
1347525.096279, 4
1347525.116742, 4
1347525.137204, 4
1347525.157669, 4
1347525.178147, 4
1347525.198617, 4
1347525.219079, 4
1347525.239541, 4
1347525.260006, 4
1347525.280467, 4
1347525.300933, 4
1347525.321397, 4
1347525.341860, 4
1347525.362324, 4
1347525.382787, 4
1347525.403249, 4
1347525.423726, 4
1347525.444198, 4
1347525.464661, 4
1347525.485279, 4
1347525.505747, 4
1347525.526234, 4
1347525.546700, 4
1347525.567166, 4
1347525.587629, 4
1347525.608094, 4
1347525.628577, 4
1347525.649045, 4
1347525.669523, 4
1347525.689989, 4
1347525.710453, 4
1347525.730916, 4
1347525.751377, 4
1347525.771839, 4
1347525.792303, 4
1347525.812767, 4
1347525.833236, 4
1347525.853699, 4
1347525.874160, 4
1347525.894627, 4
1347525.915113, 4
1347525.935593, 4
1347525.956157, 4
1347525.976624, 4
1347525.997092, 4
1347526.017581, 4
1347526.038052, 4
1347526.058527, 4
1347526.078992, 4
1347526.099457, 4
1347526.119919, 4
1347526.140383, 4
1347526.160861, 4
1347526.181329, 4
1347526.201791, 4
1347526.222253, 4
1347526.242718, 4
1347526.263179, 4
1347526.283640, 4
1347526.304106, 4
1347526.324569, 4
1347526.345031, 4
1347526.365495, 4
1347526.385962, 4
1347526.406449, 4
1347526.427060, 4
1347526.447527, 4
1347526.467992, 4
1347526.488461, 4
1347526.508925, 4
1347526.529395, 4
1347526.550033, 4
1347526.570520, 4
1347526.590997, 4
1347526.611486, 4
1347526.631969, 4
1347526.652461, 4
1347526.672929, 4
1347526.693394, 4
1347526.713864, 4
1347526.734325, 4
1347526.754786, 4
1347526.775491, 4
1347526.795954, 4
1347526.816417, 4
1347526.836879, 4
1347526.857341, 4
1347526.877804, 4
1347526.898302, 4
1347526.918777, 4
1347526.939276, 4
1347526.959748, 4
1347526.980214, 4
1347527.000680, 4
1347527.021145, 4
1347527.041651, 4
1347527.062125, 4
1347527.082592, 4
1347527.103055, 4
1347527.123531, 4
1347527.144007, 4
1347527.164485, 4
1347527.185268, 4
1347527.229801, 4
1347527.250263, 4
1347527.270724, 4
1347527.291184, 4
1347527.311644, 4
1347527.332105, 4
1347527.352565, 4
1347527.373028, 4
1347527.393488, 4
1347527.413954, 4
1347527.434417, 4
1347527.454878, 4
1347527.475338, 4
1347527.495798, 4
1347527.516265, 4
1347527.536728, 4
1347527.557335, 4
1347527.577820, 4
1347527.598287, 4
1347527.618753, 4
1347527.639215, 4
1347527.659676, 4
1347527.680140, 4
1347527.700601, 4
1347527.721062, 4
1347527.741522, 4
1347527.761983, 4
1347527.782443, 4
1347527.802907, 4
1347527.823368, 4
1347527.843828, 4
1347527.864291, 4
1347527.884752, 4
1347527.905216, 4
1347527.925677, 4
1347527.946144, 4
1347527.966666, 4
1347527.987159, 4
1347528.007632, 4
1347528.028394, 4
1347528.048866, 4
1347528.069333, 4
1347528.089795, 4
1347528.110257, 4
1347528.130717, 4
1347528.151178, 4
1347528.171638, 4
1347528.192100, 4
1347528.212560, 4
1347528.233020, 4
1347528.253482, 4
1347528.273942, 4
1347528.294403, 4
1347528.314864, 4
1347528.335324, 4
1347528.355784, 4
1347528.376247, 4
1347528.396709, 4
1347528.417171, 4
1347528.437635, 4
1347528.458095, 4
1347528.478556, 4
1347528.499273, 4
1347528.519733, 4
1347528.540199, 4
1347528.560658, 4
1347528.581122, 4
1347528.601609, 4
1347528.622077, 4
1347528.642539, 4
1347528.663000, 4
1347528.683461, 4
1347528.703922, 4
1347528.724383, 4
1347528.744843, 4
1347528.765302, 4
1347528.785763, 4
1347528.806223, 4
1347528.826683, 4
1347528.847146, 4
1347528.867606, 4
1347528.888075, 4
1347528.908536, 4
1347528.929017, 4
1347528.949480, 4
1347528.970098, 4
1347528.990561, 4
1347529.011021, 4
1347529.031482, 4
1347529.051947, 4
1347529.072409, 4
1347529.092870, 4
1347529.113329, 4
1347529.133789, 4
1347529.154250, 4
1347529.174709, 4
1347529.195169, 4
1347529.215629, 4
1347529.236090, 4
1347529.256549, 4
1347529.277009, 4
1347529.297468, 4
1347529.317929, 4
1347529.338388, 4
1347529.358848, 4
1347529.379309, 4
1347529.399769, 4
1347529.420230, 4
1347529.440964, 4
1347529.461423, 4
1347529.481883, 4
1347529.502350, 4
1347529.522849, 4
1347529.543321, 4
1347529.563813, 4
1347529.584287, 4
1347529.604755, 4
1347529.625236, 4
1347529.645705, 4
1347529.666174, 4
1347529.686639, 4
1347529.707100, 4
1347529.727563, 4
1347529.748007, 4
1347529.768467, 4
1347529.788930, 4
1347529.809393, 4
1347529.829859, 4
1347529.850326, 4
1347529.870814, 4
1347529.891283, 4
1347529.911847, 4
1347529.932310, 4
1347529.952772, 4
1347529.973232, 4
1347529.993693, 4
1347530.014157, 4
1347530.034618, 4
1347530.055078, 4
1347530.075538, 4
1347530.095998, 4
1347530.116465, 4
1347530.136927, 4
1347530.157387, 4
1347530.177848, 4
1347530.198308, 4
1347530.218768, 4
1347530.239228, 4
1347530.259690, 4
1347530.280151, 4
1347530.300612, 4
1347530.321073, 4
1347530.341534, 4
1347530.361993, 4
1347530.382728, 4
1347530.403189, 4
1347530.423651, 4
1347530.444112, 4
1347530.464572, 4
1347530.485032, 4
1347530.505493, 4
1347530.525954, 4
1347530.546415, 4
1347530.566874, 4
1347530.587334, 4
1347530.607794, 4
1347530.628241, 4
1347530.648733, 4
1347530.669206, 4
1347530.689675, 4
1347530.710140, 4
1347530.730612, 4
1347530.751074, 4
1347530.771539, 4
1347530.792012, 4
1347530.812499, 4
1347530.832981, 4
1347530.853630, 4
1347530.874093, 4
1347530.894555, 4
1347530.915023, 4
1347530.935491, 4
1347530.955969, 4
1347530.976441, 4
1347530.996906, 4
1347531.017372, 4
1347531.037862, 4
1347531.058345, 4
1347531.078828, 4
1347531.099297, 4
1347531.119759, 4
1347531.140228, 4
1347531.160692, 4
1347531.181154, 4
1347531.201617, 4
1347531.222081, 4
1347531.242543, 4
1347531.263301, 4
1347531.283767, 4
1347531.304250, 4
1347531.324726, 4
1347531.345193, 4
1347531.365658, 4
1347531.386120, 4
1347531.406584, 4
1347531.427046, 4
1347531.447509, 4
1347531.467972, 4
1347531.488436, 4
1347531.508898, 4
1347531.529365, 4
1347531.549870, 4
1347531.570343, 4
1347531.590805, 4
1347531.611269, 4
1347531.631730, 4
1347531.652166, 4
1347531.672651, 4
1347531.693118, 4
1347531.713583, 4
1347531.734175, 4
1347531.754640, 4
1347531.775107, 4
1347531.795601, 4
1347531.816084, 4
1347531.836552, 4
1347531.857016, 4
1347531.877479, 4
1347531.897941, 4
1347531.918409, 4
1347531.938895, 4
1347531.959373, 4
1347531.979841, 4
1347532.000312, 4
1347532.020827, 4
1347532.041307, 4
1347532.061808, 4
1347532.082280, 4
1347532.102745, 4
1347532.123208, 4
1347532.143839, 4
1347532.164303, 4
1347532.184768, 4
1347532.235651, 4
1347532.256117, 4
1347532.276581, 4
1347532.297064, 4
1347532.317535, 4
1347532.337996, 4
1347532.358459, 4
1347532.378926, 4
1347532.399415, 4
1347532.419997, 4
1347532.440484, 4
1347532.460950, 4
1347532.481414, 4
1347532.501879, 4
1347532.522353, 4
1347532.542843, 4
1347532.563313, 4
1347532.583780, 4
1347532.604248, 4
1347532.624733, 4
1347532.645197, 4
1347532.665662, 4
1347532.686129, 4
1347532.706618, 4
1347532.727090, 4
1347532.747562, 4
1347532.768010, 4
1347532.788508, 4
1347532.808976, 4
1347532.829441, 4
1347532.850129, 4
1347532.870594, 4
1347532.891058, 4
1347532.911525, 4
1347532.932011, 4
1347532.952502, 4
1347532.972986, 4
1347532.993461, 4
1347533.013942, 4
1347533.034421, 4
1347533.054885, 4
1347533.075350, 4
1347533.095816, 4
1347533.116284, 4
1347533.136749, 4
1347533.157212, 4
1347533.177675, 4
1347533.198144, 4
1347533.218609, 4
1347533.239076, 4
1347533.259808, 4
1347533.280302, 4
1347533.300766, 4
1347533.321232, 4
1347533.341697, 4
1347533.362159, 4
1347533.382620, 4
1347533.403082, 4
1347533.423545, 4
1347533.444006, 4
1347533.464470, 4
1347533.484938, 4
1347533.505418, 4
1347533.525901, 4
1347533.546375, 4
1347533.566842, 4
1347533.587305, 4
1347533.607790, 4
1347533.628293, 4
1347533.648761, 4
1347533.669423, 4
1347533.689886, 4
1347533.710351, 4
1347533.730843, 4
1347533.751331, 4
1347533.771803, 4
1347533.792274, 4
1347533.812739, 4
1347533.833202, 4
1347533.853668, 4
1347533.874129, 4
1347533.894592, 4
1347533.915058, 4
1347533.935530, 4
1347533.956004, 4
1347533.976473, 4
1347533.996946, 4
1347534.017441, 4
1347534.037911, 4
1347534.058377, 4
1347534.079062, 4
1347534.099524, 4
1347534.119985, 4
1347534.140450, 4
1347534.160913, 4
1347534.181376, 4
1347534.201840, 4
1347534.222307, 4
1347534.242786, 4
1347534.263267, 4
1347534.283736, 4
1347534.304204, 4
1347534.324669, 4
1347534.345134, 4
1347534.365608, 4
1347534.386072, 4
1347534.406559, 4
1347534.427029, 4
1347534.447498, 4
1347534.468015, 4
1347534.488769, 4
1347534.509253, 4
1347534.529730, 4
1347534.550198, 4
1347534.570663, 4
1347534.591127, 4
1347534.611592, 4
1347534.632095, 4
1347534.652566, 4
1347534.673030, 4
1347534.693493, 4
1347534.713962, 4
1347534.734445, 4
1347534.754932, 4
1347534.775403, 4
1347534.795867, 4
1347534.816334, 4
1347534.836798, 4
1347534.857262, 4
1347534.877736, 4
1347534.898465, 4
1347534.918939, 4
1347534.939440, 4
1347534.959917, 4
1347534.980405, 4
1347535.000896, 4
1347535.021367, 4
1347535.041855, 4
1347535.062330, 4
1347535.082830, 4
1347535.103302, 4
1347535.123791, 4
1347535.144260, 4
1347535.164725, 4
1347535.185259, 4
1347535.205739, 4
1347535.226203, 4
1347535.246814, 4
1347535.267278, 4
1347535.287740, 4
1347535.308206, 4
1347535.328671, 4
1347535.349159, 4
1347535.369622, 4
1347535.390084, 4
1347535.410544, 4
1347535.431008, 4
1347535.451468, 4
1347535.471928, 4
1347535.492388, 4
1347535.512846, 4
1347535.533309, 4
1347535.553769, 4
1347535.574229, 4
1347535.594701, 4
1347535.615203, 4
1347535.635672, 4
1347535.656141, 4
1347535.676604, 4
1347535.697065, 4
1347535.717693, 4
1347535.738155, 4
1347535.758617, 4
1347535.779119, 4
1347535.799620, 4
1347535.820091, 4
1347535.840557, 4
1347535.861018, 4
1347535.881483, 4
1347535.901942, 4
1347535.922402, 4
1347535.942863, 4
1347535.963322, 4
1347535.983781, 4
1347536.004246, 4
1347536.024707, 4
1347536.045167, 4
1347536.065628, 4
1347536.086087, 4
1347536.106547, 4
1347536.127008, 4
1347536.147467, 4
1347536.167928, 4
1347536.188569, 4
1347536.209028, 4
1347536.229487, 4
1347536.249946, 4
1347536.270405, 4
1347536.290863, 4
1347536.311321, 4
1347536.331780, 4
1347536.352239, 4
1347536.372698, 4
1347536.393159, 4
1347536.413618, 4
1347536.434077, 4
1347536.454538, 4
1347536.474997, 4
1347536.495457, 4
1347536.515916, 4
1347536.536378, 4
1347536.556840, 4
1347536.577300, 4
1347536.597760, 4
1347536.618223, 4
1347536.638681, 4
1347536.659141, 4
1347536.679599, 4
1347536.700062, 4
1347536.720663, 4
1347536.741121, 4
1347536.761579, 4
1347536.782042, 4
1347536.802526, 4
1347536.823017, 4
1347536.843496, 4
1347536.863986, 4
1347536.884489, 4
1347536.904987, 4
1347536.925484, 4
1347536.945980, 4
1347536.966451, 4
1347536.986915, 4
1347537.007377, 4
1347537.027838, 4
1347537.048298, 4
1347537.068759, 4
1347537.089219, 4
1347537.109679, 4
1347537.130327, 4
1347537.150789, 4
1347537.171249, 4
1347537.191712, 4
1347537.212181, 4
1347537.232642, 4
1347537.253102, 4
1347537.273561, 4
1347537.294019, 4
1347537.314478, 4
1347537.334937, 4
1347537.355396, 4
1347537.375855, 4
1347537.396317, 4
1347537.416776, 4
1347537.437235, 4
1347537.457696, 4
1347537.478156, 4
1347537.498616, 4
1347537.519075, 4
1347537.539536, 4
1347537.559996, 4
1347537.580459, 4
1347537.601172, 4
1347537.621633, 4
1347537.642093, 4
1347537.662558, 4
1347537.683019, 4
1347537.703478, 4
1347537.723937, 4
1347537.744396, 4
1347537.764854, 4
1347537.785313, 4
1347537.805777, 4
1347537.826268, 4
1347537.846769, 4
1347537.867240, 4
1347537.887707, 4
1347537.908175, 4
1347537.928640, 4
1347537.949103, 4
1347537.969568, 4
1347537.990028, 4
1347538.010488, 4
1347538.030948, 4
1347538.051408, 4
1347538.072005, 4
1347538.092466, 4
1347538.112929, 4
1347538.133388, 4
1347538.153847, 4
1347538.174309, 4
1347538.194769, 4
1347538.215232, 4
1347538.235692, 4
1347538.256151, 4
1347538.276630, 4
1347538.297092, 4
1347538.317558, 4
1347538.338019, 4
1347538.358480, 4
1347538.378940, 4
1347538.399400, 4
1347538.419868, 4
1347538.440330, 4
1347538.460789, 4
1347538.481258, 4
1347538.501718, 4
1347538.522176, 4
1347538.542877, 4
1347538.563336, 4
1347538.583794, 4
1347538.604253, 4
1347538.624713, 4
1347538.645171, 4
1347538.665629, 4
1347538.686088, 4
1347538.706547, 4
1347538.727007, 4
1347538.747466, 4
1347538.767925, 4
1347538.788384, 4
1347538.808844, 4
1347538.829311, 4
1347538.849797, 4
1347538.870270, 4
1347538.890737, 4
1347538.911197, 4
1347538.931657, 4
1347538.952126, 4
1347538.972585, 4
1347538.993046, 4
1347539.013750, 4
1347539.034211, 4
1347539.054672, 4
1347539.075131, 4
1347539.095590, 4
1347539.116005, 4
1347539.136464, 4
1347539.156922, 4
1347539.177381, 4
1347539.197839, 4
1347539.218298, 4
1347539.238761, 4
1347539.259221, 4
1347539.279681, 4
1347539.300141, 4
1347539.320605, 4
1347539.341064, 4
1347539.361525, 4
1347539.381987, 4
1347539.402445, 4
1347539.422908, 4
1347539.443368, 4
1347539.463828, 4
1347539.484292, 4
1347539.504751, 4
1347539.525212, 4
1347539.545816, 4
1347539.566276, 4
1347539.586738, 4
1347539.607197, 4
1347539.627657, 4
1347539.648116, 4
1347539.668576, 4
1347539.689036, 4
1347539.709497, 4
1347539.729957, 4
1347539.750416, 4
1347539.770876, 4
1347539.791335, 4
1347539.811794, 4
1347539.832255, 4
1347539.852721, 4
1347539.873209, 4
1347539.893688, 4
1347539.914152, 4
1347539.934614, 4
1347539.955076, 4
1347539.975537, 4
1347539.995999, 4
1347540.016686, 4
1347540.037147, 4
1347540.057607, 4
1347540.078068, 4
1347540.098528, 4
1347540.118990, 4
1347540.139452, 4
1347540.159911, 4
1347540.180372, 4
1347540.200831, 4
1347540.221294, 4
1347540.241754, 4
1347540.262215, 4
1347540.282676, 4
1347540.303138, 4
1347540.323597, 4
1347540.344062, 4
1347540.364523, 4
1347540.384983, 4
1347540.405444, 4
1347540.425903, 4
1347540.446363, 4
1347540.466822, 4
1347540.487513, 4
1347540.507976, 4
1347540.528437, 4
1347540.548897, 4
1347540.569355, 4
1347540.589815, 4
1347540.610275, 4
1347540.630733, 4
1347540.651194, 4
1347540.671652, 4
1347540.692113, 4
1347540.712575, 4
1347540.733034, 4
1347540.753494, 4
1347540.773954, 4
1347540.794413, 4
1347540.814876, 4
1347540.835336, 4
1347540.855797, 4
1347540.876269, 4
1347540.896759, 4
1347540.917226, 4
1347540.937688, 4
1347540.958387, 4
1347540.978846, 4
1347540.999307, 4
1347541.019767, 4
1347541.040226, 4
1347541.060686, 4
1347541.081145, 4
1347541.101603, 4
1347541.122062, 4
1347541.142520, 4
1347541.162980, 4
1347541.183439, 4
1347541.203897, 4
1347541.224408, 4
1347541.244867, 4
1347541.265326, 4
1347541.285786, 4
1347541.306246, 4
1347541.326707, 4
1347541.347166, 4
1347541.367625, 4
1347541.388085, 4
1347541.408545, 4
1347541.429259, 4
1347541.449717, 4
1347541.470176, 4
1347541.490634, 4
1347541.511093, 4
1347541.531553, 4
1347541.552004, 4
1347541.572462, 4
1347541.592921, 4
1347541.613379, 4
1347541.633838, 4
1347541.654296, 4
1347541.674756, 4
1347541.695214, 4
1347541.715672, 4
1347541.736132, 4
1347541.756592, 4
1347541.777055, 4
1347541.797517, 4
1347541.817977, 4
1347541.838440, 4
1347541.858900, 4
1347541.879358, 4
1347541.899824, 4
1347541.920311, 4
1347541.940778, 4
1347541.961343, 4
1347541.981803, 4
1347542.002263, 4
1347542.022723, 4
1347542.043183, 4
1347542.063642, 4
1347542.084102, 4
1347542.104561, 4
1347542.125023, 4
1347542.145536, 4
1347542.165995, 4
1347542.186457, 4
1347542.206916, 4
1347542.227375, 4
1347542.247835, 4
1347542.268296, 4
1347542.288756, 4
1347542.309219, 4
1347542.329678, 4
1347542.350136, 4
1347542.370596, 4
1347542.391056, 4
1347542.411515, 4
1347542.432199, 4
1347542.452658, 4
1347542.473116, 4
1347542.493575, 4
1347542.514033, 4
1347542.534491, 4
1347542.554951, 4
1347542.575411, 4
1347542.595870, 4
1347542.616330, 4
1347542.636789, 4
1347542.657252, 4
1347542.677711, 4
1347542.698171, 4
1347542.718630, 4
1347542.739089, 4
1347542.759552, 4
1347542.780004, 4
1347542.800466, 4
1347542.820924, 4
1347542.841385, 4
1347542.861844, 4
1347542.882303, 4
1347542.903040, 4
1347542.923503, 4
1347542.944007, 4
1347542.964488, 4
1347542.984952, 4
1347543.005414, 4
1347543.025874, 4
1347543.046337, 4
1347543.066797, 4
1347543.087256, 4
1347543.107716, 4
1347543.128188, 4
1347543.148651, 4
1347543.169111, 4
1347543.189579, 4
1347543.210041, 4
1347543.230500, 4
1347543.250961, 4
1347543.271421, 4
1347543.291879, 4
1347543.312344, 4
1347543.332805, 4
1347543.353266, 4
1347543.373962, 4
1347543.394421, 4
1347543.414880, 4
1347543.435339, 4
1347543.455798, 4
1347543.476276, 4
1347543.496736, 4
1347543.517194, 4
1347543.537655, 4
1347543.558115, 4
1347543.578587, 4
1347543.599046, 4
1347543.619504, 4
1347543.639963, 4
1347543.660432, 4
1347543.680893, 4
1347543.701353, 4
1347543.721812, 4
1347543.742271, 4
1347543.762731, 4
1347543.783190, 4
1347543.803649, 4
1347543.824108, 4
1347543.844765, 4
1347543.865226, 4
1347543.885684, 4
1347543.906143, 4
1347543.926602, 4
1347543.947069, 4
1347543.967560, 4
1347543.988005, 4
1347544.008469, 4
1347544.028931, 4
1347544.049394, 4
1347544.069874, 4
1347544.090371, 4
1347544.110852, 4
1347544.131353, 4
1347544.151828, 4
1347544.172297, 4
1347544.192761, 4
1347544.213221, 4
1347544.233680, 4
1347544.254413, 4
1347544.274872, 4
1347544.295331, 4
1347544.315790, 4
1347544.336250, 4
1347544.356711, 4
1347544.377171, 4
1347544.397683, 4
1347544.418145, 4
1347544.438606, 4
1347544.459065, 4
1347544.479524, 4
1347544.499983, 4
1347544.520444, 4
1347544.540902, 4
1347544.561361, 4
1347544.581821, 4
1347544.602290, 4
1347544.622749, 4
1347544.643208, 4
1347544.663675, 4
1347544.684135, 4
1347544.704597, 4
1347544.725295, 4
1347544.745754, 4
1347544.766216, 4
1347544.786675, 4
1347544.807135, 4
1347544.827594, 4
1347544.848004, 4
1347544.868467, 4
1347544.888927, 4
1347544.909386, 4
1347544.929848, 4
1347544.950309, 4
1347544.970772, 4
1347544.991259, 4
1347545.011725, 4
1347545.032197, 4
1347545.052659, 4
1347545.073121, 4
1347545.093582, 4
1347545.114041, 4
1347545.134503, 4
1347545.154963, 4
1347545.175423, 4
1347545.195883, 4
1347545.216348, 4
1347545.236807, 4
1347545.257397, 4
1347545.277856, 4
1347545.298316, 4
1347545.318831, 4
1347545.339290, 4
1347545.359750, 4
1347545.380211, 4
1347545.400670, 4
1347545.421139, 4
1347545.441634, 4
1347545.462132, 4
1347545.482628, 4
1347545.503124, 4
1347545.523621, 4
1347545.544123, 4
1347545.564601, 4
1347545.585063, 4
1347545.605530, 4
1347545.626021, 4
1347545.646488, 4
1347545.667080, 4
1347545.687544, 4
1347545.708005, 4
1347545.728467, 4
1347545.748929, 4
1347545.769392, 4
1347545.789856, 4
1347545.810360, 4
1347545.830865, 4
1347545.851363, 4
1347545.871864, 4
1347545.892375, 4
1347545.912871, 4
1347545.933367, 4
1347545.953880, 4
1347545.974363, 4
1347545.994832, 4
1347546.015328, 4
1347546.035803, 4
1347546.056272, 4
1347546.076885, 4
1347546.097345, 4
1347546.117807, 4
1347546.138267, 4
1347546.158728, 4
1347546.179190, 4
1347546.199649, 4
1347546.220110, 4
1347546.240570, 4
1347546.261032, 4
1347546.281492, 4
1347546.301951, 4
1347546.322411, 4
1347546.342871, 4
1347546.363330, 4
1347546.383790, 4
1347546.404255, 4
1347546.424715, 4
1347546.445173, 4
1347546.465632, 4
1347546.486091, 4
1347546.506549, 4
1347546.527008, 4
1347546.547466, 4
1347546.567925, 4
1347546.588387, 4
1347546.609026, 4
1347546.629485, 4
1347546.649946, 4
1347546.670404, 4
1347546.690862, 4
1347546.711321, 4
1347546.731777, 4
1347546.752239, 4
1347546.772696, 4
1347546.793155, 4
1347546.813613, 4
1347546.834071, 4
1347546.854531, 4
1347546.874992, 4
1347546.895450, 4
1347546.915910, 4
1347546.936370, 4
1347546.956833, 4
1347546.977292, 4
1347546.997752, 4
1347547.018218, 4
1347547.038716, 4
1347547.059212, 4
1347547.079942, 4
1347547.100412, 4
1347547.120872, 4
1347547.141330, 4
1347547.161787, 4
1347547.182241, 4
1347547.202697, 4
1347547.247278, 4
1347547.267756, 4
1347547.288216, 4
1347547.308674, 4
1347547.329132, 4
1347547.349588, 4
1347547.370043, 4
1347547.390661, 4
1347547.411117, 4
1347547.431574, 4
1347547.452007, 4
1347547.472468, 4
1347547.492936, 4
1347547.513405, 4
1347547.533862, 4
1347547.554318, 4
1347547.574774, 4
1347547.595229, 4
1347547.615704, 4
1347547.636172, 4
1347547.656629, 4
1347547.677097, 4
1347547.697559, 4
1347547.718025, 4
1347547.738500, 4
1347547.758973, 4
1347547.779441, 4
1347547.799909, 4
1347547.820374, 4
1347547.840837, 4
1347547.861540, 4
1347547.882001, 4
1347547.902469, 4
1347547.922935, 4
1347547.943417, 4
1347547.963890, 4
1347547.984401, 4
1347548.004887, 4
1347548.025372, 4
1347548.045844, 4
1347548.066340, 4
1347548.086813, 4
1347548.107277, 4
1347548.127742, 4
1347548.148221, 4
1347548.168687, 4
1347548.189150, 4
1347548.209618, 4
1347548.230112, 4
1347548.250595, 4
1347548.271200, 4
1347548.291666, 4
1347548.312132, 4
1347548.332595, 4
1347548.353059, 4
1347548.373526, 4
1347548.394016, 4
1347548.414487, 4
1347548.434953, 4
1347548.455423, 4
1347548.475916, 4
1347548.496394, 4
1347548.516861, 4
1347548.537326, 4
1347548.557800, 4
1347548.578266, 4
1347548.598730, 4
1347548.619198, 4
1347548.639682, 4
1347548.660152, 4
1347548.680862, 4
1347548.701330, 4
1347548.721830, 4
1347548.742323, 4
1347548.762789, 4
1347548.783251, 4
1347548.803712, 4
1347548.824180, 4
1347548.844642, 4
1347548.865105, 4
1347548.885568, 4
1347548.906033, 4
1347548.926497, 4
1347548.946993, 4
1347548.967476, 4
1347548.987970, 4
1347549.008445, 4
1347549.028941, 4
1347549.049410, 4
1347549.069877, 4
1347549.090540, 4
1347549.111011, 4
1347549.131477, 4
1347549.151942, 4
1347549.172405, 4
1347549.192874, 4
1347549.213371, 4
1347549.233845, 4
1347549.254317, 4
1347549.274780, 4
1347549.295242, 4
1347549.315705, 4
1347549.336175, 4
1347549.356639, 4
1347549.377108, 4
1347549.397571, 4
1347549.418034, 4
1347549.438510, 4
1347549.459006, 4
1347549.479483, 4
1347549.500123, 4
1347549.520586, 4
1347549.541047, 4
1347549.561510, 4
1347549.581973, 4
1347549.602436, 4
1347549.622902, 4
1347549.643397, 4
1347549.663865, 4
1347549.684333, 4
1347549.704813, 4
1347549.725311, 4
1347549.745797, 4
1347549.766263, 4
1347549.786728, 4
1347549.807190, 4
1347549.827654, 4
1347549.848123, 4
1347549.868585, 4
1347549.889047, 4
1347549.909748, 4
1347549.930242, 4
1347549.950737, 4
1347549.971225, 4
1347549.991690, 4
1347550.012156, 4
1347550.032646, 4
1347550.053117, 4
1347550.073581, 4
1347550.094049, 4
1347550.114535, 4
1347550.135004, 4
1347550.155468, 4
1347550.175936, 4
1347550.196418, 4
1347550.216911, 4
1347550.237381, 4
1347550.257845, 4
1347550.278308, 4
1347550.298772, 4
1347550.319397, 4
1347550.339863, 4
1347550.360328, 4
1347550.380793, 4
1347550.401280, 4
1347550.421752, 4
1347550.442255, 4
1347550.462744, 4
1347550.483214, 4
1347550.503683, 4
1347550.524148, 4
1347550.544614, 4
1347550.565077, 4
1347550.585539, 4
1347550.606005, 4
1347550.626470, 4
1347550.646971, 4
1347550.667453, 4
1347550.687948, 4
1347550.708455, 4
1347550.729059, 4
1347550.749524, 4
1347550.769985, 4
1347550.790446, 4
1347550.810907, 4
1347550.831374, 4
1347550.851859, 4
1347550.872326, 4
1347550.892792, 4
1347550.913258, 4
1347550.933755, 4
1347550.954230, 4
1347550.974697, 4
1347550.995160, 4
1347551.015629, 4
1347551.036115, 4
1347551.056586, 4
1347551.077058, 4
1347551.097522, 4
1347551.117988, 4
1347551.138728, 4
1347551.159201, 4
1347551.179698, 4
1347551.200172, 4
1347551.220638, 4
1347551.241104, 4
1347551.261567, 4
1347551.282029, 4
1347551.302493, 4
1347551.322956, 4
1347551.343420, 4
1347551.363887, 4
1347551.384357, 4
1347551.404824, 4
1347551.425329, 4
1347551.445798, 4
1347551.466263, 4
1347551.486727, 4
1347551.507192, 4
1347551.527653, 4
1347551.548314, 4
1347551.568777, 4
1347551.589240, 4
1347551.609708, 4
1347551.630197, 4
1347551.650669, 4
1347551.671165, 4
1347551.691635, 4
1347551.712103, 4
1347551.732568, 4
1347551.753032, 4
1347551.773496, 4
1347551.793957, 4
1347551.814420, 4
1347551.834884, 4
1347551.855348, 4
1347551.875812, 4
1347551.896285, 4
1347551.916776, 4
1347551.937252, 4
1347551.957951, 4
1347551.978422, 4
1347551.998895, 4
1347552.019380, 4
1347552.039847, 4
1347552.060313, 4
1347552.080777, 4
1347552.101239, 4
1347552.121703, 4
1347552.142172, 4
1347552.162658, 4
1347552.183124, 4
1347552.203589, 4
1347552.224566, 4
1347552.245158, 4
1347552.265622, 4
1347552.286104, 4
1347552.306568, 4
1347552.327033, 4
1347552.347496, 4
1347552.367965, 4
1347552.388448, 4
1347552.408928, 4
1347552.429425, 4
1347552.449922, 4
1347552.470419, 4
1347552.490916, 4
1347552.511412, 4
1347552.531910, 4
1347552.552384, 4
1347552.572850, 4
1347552.593313, 4
1347552.613771, 4
1347552.634232, 4
1347552.654876, 4
1347552.675343, 4
1347552.695807, 4
1347552.716277, 4
1347552.736741, 4
1347552.757204, 4
1347552.777668, 4
1347552.798131, 4
1347552.818592, 4
1347552.839055, 4
1347552.859517, 4
1347552.879984, 4
1347552.900466, 4
1347552.920935, 4
1347552.941413, 4
1347552.961886, 4
1347552.982368, 4
1347553.002840, 4
1347553.023310, 4
1347553.043795, 4
1347553.064526, 4
1347553.084990, 4
1347553.105453, 4
1347553.125919, 4
1347553.146394, 4
1347553.166865, 4
1347553.187351, 4
1347553.207818, 4
1347553.228285, 4
1347553.248752, 4
1347553.269242, 4
1347553.289710, 4
1347553.310174, 4
1347553.330637, 4
1347553.351105, 4
1347553.371571, 4
1347553.392075, 4
1347553.412545, 4
1347553.433010, 4
1347553.453473, 4
1347553.474207, 4
1347553.494671, 4
1347553.515135, 4
1347553.535598, 4
1347553.556068, 4
1347553.576531, 4
1347553.596993, 4
1347553.617458, 4
1347553.637942, 4
1347553.658408, 4
1347553.678872, 4
1347553.699337, 4
1347553.719803, 4
1347553.740275, 4
1347553.760751, 4
1347553.781212, 4
1347553.801674, 4
1347553.822140, 4
1347553.842601, 4
1347553.863065, 4
1347553.883545, 4
1347553.904006, 4
1347553.924470, 4
1347553.945116, 4
1347553.965585, 4
1347553.986049, 4
1347554.006515, 4
1347554.027001, 4
1347554.047469, 4
1347554.067934, 4
1347554.088399, 4
1347554.108864, 4
1347554.129358, 4
1347554.149827, 4
1347554.170291, 4
1347554.190752, 4
1347554.211214, 4
1347554.231677, 4
1347554.252140, 4
1347554.272603, 4
1347554.293068, 4
1347554.313531, 4
1347554.333994, 4
1347554.354727, 4
1347554.375225, 4
1347554.395709, 4
1347554.416185, 4
1347554.436650, 4
1347554.457115, 4
1347554.477579, 4
1347554.498043, 4
1347554.518507, 4
1347554.538970, 4
1347554.559432, 4
1347554.579896, 4
1347554.600365, 4
1347554.620860, 4
1347554.641345, 4
1347554.661812, 4
1347554.682276, 4
1347554.702744, 4
1347554.723205, 4
1347554.743667, 4
1347554.764377, 4
1347554.784839, 4
1347554.805302, 4
1347554.825765, 4
1347554.846228, 4
1347554.866717, 4
1347554.887187, 4
1347554.907652, 4
1347554.928118, 4
1347554.948611, 4
1347554.969080, 4
1347554.989548, 4
1347555.010017, 4
1347555.030509, 4
1347555.050981, 4
1347555.071448, 4
1347555.091913, 4
1347555.112422, 4
1347555.132894, 4
1347555.153361, 4
1347555.174024, 4
1347555.194485, 4
1347555.214947, 4
1347555.235413, 4
1347555.255878, 4
1347555.276349, 4
1347555.296811, 4
1347555.317275, 4
1347555.337741, 4
1347555.358229, 4
1347555.378695, 4
1347555.399159, 4
1347555.419622, 4
1347555.440087, 4
1347555.460551, 4
1347555.481014, 4
1347555.501477, 4
1347555.521940, 4
1347555.542405, 4
1347555.562868, 4
1347555.583334, 4
1347555.603812, 4
1347555.624288, 4
1347555.644948, 4
1347555.665416, 4
1347555.685881, 4
1347555.706343, 4
1347555.726805, 4
1347555.747267, 4
1347555.767731, 4
1347555.788198, 4
1347555.808661, 4
1347555.829124, 4
1347555.849606, 4
1347555.870077, 4
1347555.890540, 4
1347555.911005, 4
1347555.931476, 4
1347555.951951, 4
1347555.972423, 4
1347555.992889, 4
1347556.013355, 4
1347556.033842, 4
1347556.054579, 4
1347556.075044, 4
1347556.095538, 4
1347556.116006, 4
1347556.136470, 4
1347556.156936, 4
1347556.177493, 4
1347556.197959, 4
1347556.218424, 4
1347556.238893, 4
1347556.259387, 4
1347556.279857, 4
1347556.300324, 4
1347556.320789, 4
1347556.341271, 4
1347556.361736, 4
1347556.382202, 4
1347556.402688, 4
1347556.423159, 4
1347556.443658, 4
1347556.464259, 4
1347556.484725, 4
1347556.505191, 4
1347556.525654, 4
1347556.546117, 4
1347556.566580, 4
1347556.587075, 4
1347556.607543, 4
1347556.628009, 4
1347556.648505, 4
1347556.668973, 4
1347556.689436, 4
1347556.709898, 4
1347556.730360, 4
1347556.750826, 4
1347556.771290, 4
1347556.791752, 4
1347556.812219, 4
1347556.832706, 4
1347556.853178, 4
1347556.873919, 4
1347556.894383, 4
1347556.914849, 4
1347556.935350, 4
1347556.955842, 4
1347556.976310, 4
1347556.996773, 4
1347557.017239, 4
1347557.037730, 4
1347557.058228, 4
1347557.078701, 4
1347557.099171, 4
1347557.119635, 4
1347557.140100, 4
1347557.160616, 4
1347557.181091, 4
1347557.201556, 4
1347557.222023, 4
1347557.252928, 4
1347557.273417, 4
1347557.293896, 4
1347557.314393, 4
1347557.334891, 4
1347557.355359, 4
1347557.375821, 4
1347557.396283, 4
1347557.416743, 4
1347557.437202, 4
1347557.457816, 4
1347557.478276, 4
1347557.498735, 4
1347557.519194, 4
1347557.539658, 4
1347557.560154, 4
1347557.580622, 4
1347557.601086, 4
1347557.621547, 4
1347557.642007, 4
1347557.662470, 4
1347557.682931, 4
1347557.703391, 4
1347557.723851, 4
1347557.744313, 4
1347557.764775, 4
1347557.785234, 4
1347557.805697, 4
1347557.826156, 4
1347557.846615, 4
1347557.867077, 4
1347557.887537, 4
1347557.907996, 4
1347557.928691, 4
1347557.949150, 4
1347557.969613, 4
1347557.990112, 4
1347558.010602, 4
1347558.031071, 4
1347558.051535, 4
1347558.072012, 4
1347558.092508, 4
1347558.112975, 4
1347558.133440, 4
1347558.153908, 4
1347558.174370, 4
1347558.194831, 4
1347558.215293, 4
1347558.235754, 4
1347558.256216, 4
1347558.276683, 4
1347558.297178, 4
1347558.317645, 4
1347558.338375, 4
1347558.358835, 4
1347558.379296, 4
1347558.399758, 4
1347558.420222, 4
1347558.440682, 4
1347558.461142, 4
1347558.481601, 4
1347558.502061, 4
1347558.522521, 4
1347558.542982, 4
1347558.563443, 4
1347558.583902, 4
1347558.604367, 4
1347558.624827, 4
1347558.645286, 4
1347558.665746, 4
1347558.686210, 4
1347558.706671, 4
1347558.727131, 4
1347558.747592, 4
1347558.768006, 4
1347558.788466, 4
1347558.808927, 4
1347558.829386, 4
1347558.849846, 4
1347558.870473, 4
1347558.890933, 4
1347558.911393, 4
1347558.931852, 4
1347558.952310, 4
1347558.972770, 4
1347558.993229, 4
1347559.013688, 4
1347559.034148, 4
1347559.054608, 4
1347559.075067, 4
1347559.095527, 4
1347559.115986, 4
1347559.136446, 4
1347559.156905, 4
1347559.177365, 4
1347559.197824, 4
1347559.218285, 4
1347559.238745, 4
1347559.259204, 4
1347559.279665, 4
1347559.300131, 4
1347559.320616, 4
1347559.341384, 4
1347559.361859, 4
1347559.382328, 4
1347559.402794, 4
1347559.423260, 4
1347559.443724, 4
1347559.464195, 4
1347559.484658, 4
1347559.505124, 4
1347559.525624, 4
1347559.546097, 4
1347559.566565, 4
1347559.587030, 4
1347559.607494, 4
1347559.627967, 4
1347559.648451, 4
1347559.668916, 4
1347559.689382, 4
1347559.709845, 4
1347559.730307, 4
1347559.750980, 4
1347559.771477, 4
1347559.791944, 4
1347559.812412, 4
1347559.832875, 4
1347559.853337, 4
1347559.873799, 4
1347559.894261, 4
1347559.914728, 4
1347559.935225, 4
1347559.955713, 4
1347559.976185, 4
1347559.996651, 4
1347560.017145, 4
1347560.037635, 4
1347560.058101, 4
1347560.078565, 4
1347560.099029, 4
1347560.119491, 4
1347560.139952, 4
1347560.160606, 4
1347560.181069, 4
1347560.201532, 4
1347560.221995, 4
1347560.242459, 4
1347560.262957, 4
1347560.283425, 4
1347560.303891, 4
1347560.324364, 4
1347560.344851, 4
1347560.365319, 4
1347560.385789, 4
1347560.406275, 4
1347560.426742, 4
1347560.447210, 4
1347560.467675, 4
1347560.488143, 4
1347560.508636, 4
1347560.529103, 4
1347560.549568, 4
1347560.570264, 4
1347560.590727, 4
1347560.611191, 4
1347560.631657, 4
1347560.652157, 4
1347560.672625, 4
1347560.693089, 4
1347560.713554, 4
1347560.734017, 4
1347560.754498, 4
1347560.774966, 4
1347560.795433, 4
1347560.815900, 4
1347560.836369, 4
1347560.856836, 4
1347560.877300, 4
1347560.897763, 4
1347560.918238, 4
1347560.938738, 4
1347560.959229, 4
1347560.979942, 4
1347561.000429, 4
1347561.020904, 4
1347561.041400, 4
1347561.061870, 4
1347561.082337, 4
1347561.102800, 4
1347561.123261, 4
1347561.143724, 4
1347561.164192, 4
1347561.184654, 4
1347561.205118, 4
1347561.225581, 4
1347561.246079, 4
1347561.266557, 4
1347561.287026, 4
1347561.307492, 4
1347561.327962, 4
1347561.348431, 4
1347561.368928, 4
1347561.389609, 4
1347561.410075, 4
1347561.430540, 4
1347561.451004, 4
1347561.471469, 4
1347561.491953, 4
1347561.512424, 4
1347561.532888, 4
1347561.553352, 4
1347561.573817, 4
1347561.594281, 4
1347561.614768, 4
1347561.635259, 4
1347561.655758, 4
1347561.676295, 4
1347561.696781, 4
1347561.717248, 4
1347561.737709, 4
1347561.758171, 4
1347561.778630, 4
1347561.799254, 4
1347561.819715, 4
1347561.840180, 4
1347561.860639, 4
1347561.881098, 4
1347561.901557, 4
1347561.922015, 4
1347561.942474, 4
1347561.962933, 4
1347561.983391, 4
1347562.003851, 4
1347562.024313, 4
1347562.044772, 4
1347562.065231, 4
1347562.085690, 4
1347562.106148, 4
1347562.126608, 4
1347562.147068, 4
1347562.167526, 4
1347562.187985, 4
1347562.208444, 4
1347562.253495, 4
1347562.273958, 4
1347562.294425, 4
1347562.314924, 4
1347562.335395, 4
1347562.355859, 4
1347562.376325, 4
1347562.396813, 4
1347562.417302, 4
1347562.437775, 4
1347562.458514, 4
1347562.478987, 4
1347562.499453, 4
1347562.519913, 4
1347562.540373, 4
1347562.560833, 4
1347562.581295, 4
1347562.601755, 4
1347562.622213, 4
1347562.642674, 4
1347562.663133, 4
1347562.683597, 4
1347562.704083, 4
1347562.724555, 4
1347562.745019, 4
1347562.765480, 4
1347562.785941, 4
1347562.806401, 4
1347562.826860, 4
1347562.847319, 4
1347562.867779, 4
1347562.888239, 4
1347562.908704, 4
1347562.929194, 4
1347562.949693, 4
1347562.970166, 4
1347562.990786, 4
1347563.011249, 4
1347563.031709, 4
1347563.052178, 4
1347563.072639, 4
1347563.093101, 4
1347563.113561, 4
1347563.134020, 4
1347563.154478, 4
1347563.174945, 4
1347563.195433, 4
1347563.215899, 4
1347563.236368, 4
1347563.256835, 4
1347563.277298, 4
1347563.297758, 4
1347563.318219, 4
1347563.338681, 4
1347563.359140, 4
1347563.379599, 4
1347563.400067, 4
1347563.420555, 4
1347563.441033, 4
1347563.461743, 4
1347563.482205, 4
1347563.502664, 4
1347563.523123, 4
1347563.543583, 4
1347563.564004, 4
1347563.584462, 4
1347563.604921, 4
1347563.625379, 4
1347563.645837, 4
1347563.666302, 4
1347563.686768, 4
1347563.707234, 4
1347563.727694, 4
1347563.748154, 4
1347563.768613, 4
1347563.789072, 4
1347563.809533, 4
1347563.829993, 4
1347563.850451, 4
1347563.870910, 4
1347563.891369, 4
1347563.911832, 4
1347563.932603, 4
1347563.953075, 4
1347563.973537, 4
1347563.993999, 4
1347564.014457, 4
1347564.034916, 4
1347564.055375, 4
1347564.075834, 4
1347564.096295, 4
1347564.116755, 4
1347564.137213, 4
1347564.157680, 4
1347564.178179, 4
1347564.198673, 4
1347564.219169, 4
1347564.239640, 4
1347564.260106, 4
1347564.280569, 4
1347564.301032, 4
1347564.321492, 4
1347564.342243, 4
1347564.362705, 4
1347564.383164, 4
1347564.403628, 4
1347564.424102, 4
1347564.444590, 4
1347564.465088, 4
1347564.485586, 4
1347564.506084, 4
1347564.526582, 4
1347564.547063, 4
1347564.567569, 4
1347564.588073, 4
1347564.608571, 4
1347564.629053, 4
1347564.649525, 4
1347564.670014, 4
1347564.690679, 4
1347564.711143, 4
1347564.731602, 4
1347564.752068, 4
1347564.772527, 4
1347564.792990, 4
1347564.813448, 4
1347564.833909, 4
1347564.854367, 4
1347564.874826, 4
1347564.895289, 4
1347564.915781, 4
1347564.936251, 4
1347564.956719, 4
1347564.977180, 4
1347564.997641, 4
1347565.018101, 4
1347565.038561, 4
1347565.059021, 4
1347565.079480, 4
1347565.099940, 4
1347565.120400, 4
1347565.140859, 4
1347565.161574, 4
1347565.182033, 4
1347565.202490, 4
1347565.222951, 4
1347565.243410, 4
1347565.263868, 4
1347565.284328, 4
1347565.304787, 4
1347565.325245, 4
1347565.345704, 4
1347565.366163, 4
1347565.386621, 4
1347565.407079, 4
1347565.427538, 4
1347565.448011, 4
1347565.468492, 4
1347565.488959, 4
1347565.509425, 4
1347565.529884, 4
1347565.550344, 4
1347565.570803, 4
1347565.591262, 4
1347565.611721, 4
1347565.632191, 4
1347565.652651, 4
1347565.673110, 4
1347565.693802, 4
1347565.714261, 4
1347565.734719, 4
1347565.755178, 4
1347565.775637, 4
1347565.796096, 4
1347565.816555, 4
1347565.837013, 4
1347565.857473, 4
1347565.877932, 4
1347565.898393, 4
1347565.918851, 4
1347565.939310, 4
1347565.959770, 4
1347565.980229, 4
1347566.000688, 4
1347566.021150, 4
1347566.041610, 4
1347566.062069, 4
1347566.082530, 4
1347566.102992, 4
1347566.123450, 4
1347566.143909, 4
1347566.164376, 4
1347566.184835, 4
1347566.205294, 4
1347566.226009, 4
1347566.246468, 4
1347566.266927, 4
1347566.287404, 4
1347566.307865, 4
1347566.328325, 4
1347566.348784, 4
1347566.369246, 4
1347566.389704, 4
1347566.410164, 4
1347566.430625, 4
1347566.451083, 4
1347566.471546, 4
1347566.492009, 4
1347566.512474, 4
1347566.532941, 4
1347566.553402, 4
1347566.573865, 4
1347566.594327, 4
1347566.614785, 4
1347566.635245, 4
1347566.655704, 4
1347566.676165, 4
1347566.696856, 4
1347566.717316, 4
1347566.737775, 4
1347566.758233, 4
1347566.778692, 4
1347566.799150, 4
1347566.819610, 4
1347566.840074, 4
1347566.860533, 4
1347566.880994, 4
1347566.901453, 4
1347566.921912, 4
1347566.942370, 4
1347566.962828, 4
1347566.983286, 4
1347567.003745, 4
1347567.024206, 4
1347567.044666, 4
1347567.065125, 4
1347567.085586, 4
1347567.106047, 4
1347567.126506, 4
1347567.146967, 4
1347567.167685, 4
1347567.188145, 4
1347567.208604, 4
1347567.231723, 4
1347567.252425, 4
1347567.272883, 4
1347567.293344, 4
1347567.313803, 4
1347567.334261, 4
1347567.354720, 4
1347567.375178, 4
1347567.395637, 4
1347567.416097, 4
1347567.436555, 4
1347567.457013, 4
1347567.477473, 4
1347567.497931, 4
1347567.518389, 4
1347567.538848, 4
1347567.559307, 4
1347567.579767, 4
1347567.600228, 4
1347567.620687, 4
1347567.641147, 4
1347567.661607, 4
1347567.682065, 4
1347567.702525, 4
1347567.723259, 4
1347567.743717, 4
1347567.764181, 4
1347567.784639, 4
1347567.805101, 4
1347567.825560, 4
1347567.846019, 4
1347567.866480, 4
1347567.886939, 4
1347567.907398, 4
1347567.927857, 4
1347567.948317, 4
1347567.968776, 4
1347567.989233, 4
1347568.009694, 4
1347568.030154, 4
1347568.050614, 4
1347568.071075, 4
1347568.091535, 4
1347568.111994, 4
1347568.132460, 4
1347568.152919, 4
1347568.173379, 4
1347568.194113, 4
1347568.214571, 4
1347568.235030, 4
1347568.255490, 4
1347568.275949, 4
1347568.296409, 4
1347568.316870, 4
1347568.337330, 4
1347568.357791, 4
1347568.378258, 4
1347568.398719, 4
1347568.419178, 4
1347568.439637, 4
1347568.460097, 4
1347568.480556, 4
1347568.501015, 4
1347568.521478, 4
1347568.541950, 4
1347568.562410, 4
1347568.582868, 4
1347568.603329, 4
1347568.623788, 4
1347568.644250, 4
1347568.664928, 4
1347568.685387, 4
1347568.705845, 4
1347568.726304, 4
1347568.746762, 4
1347568.767221, 4
1347568.787679, 4
1347568.808138, 4
1347568.828598, 4
1347568.849057, 4
1347568.869515, 4
1347568.889974, 4
1347568.910432, 4
1347568.930893, 4
1347568.951351, 4
1347568.971811, 4
1347568.992271, 4
1347569.012732, 4
1347569.033191, 4
1347569.053649, 4
1347569.074108, 4
1347569.094568, 4
1347569.115027, 4
1347569.135758, 4
1347569.156217, 4
1347569.176675, 4
1347569.197134, 4
1347569.217596, 4
1347569.238055, 4
1347569.258514, 4
1347569.278974, 4
1347569.299432, 4
1347569.319891, 4
1347569.340355, 4
1347569.360814, 4
1347569.381275, 4
1347569.401734, 4
1347569.422192, 4
1347569.442655, 4
1347569.463113, 4
1347569.483571, 4
1347569.504004, 4
1347569.524462, 4
1347569.544937, 4
1347569.565438, 4
1347569.585932, 4
1347569.606431, 4
1347569.626901, 4
1347569.647363, 4
1347569.667922, 4
1347569.688382, 4
1347569.708840, 4
1347569.729299, 4
1347569.749762, 4
1347569.770221, 4
1347569.790680, 4
1347569.811138, 4
1347569.831599, 4
1347569.852063, 4
1347569.872522, 4
1347569.892981, 4
1347569.913443, 4
1347569.933902, 4
1347569.954363, 4
1347569.974823, 4
1347569.995281, 4
1347570.015742, 4
1347570.036206, 4
1347570.056665, 4
1347570.077128, 4
1347570.097586, 4
1347570.118044, 4
1347570.138782, 4
1347570.159241, 4
1347570.179699, 4
1347570.200161, 4
1347570.220643, 4
1347570.241139, 4
1347570.261637, 4
1347570.282134, 4
1347570.302631, 4
1347570.323129, 4
1347570.343625, 4
1347570.364125, 4
1347570.384600, 4
1347570.405066, 4
1347570.425533, 4
1347570.445994, 4
1347570.466453, 4
1347570.487199, 4
1347570.507658, 4
1347570.528117, 4
1347570.548576, 4
1347570.569036, 4
1347570.589493, 4
1347570.609953, 4
1347570.630413, 4
1347570.650871, 4
1347570.671332, 4
1347570.691792, 4
1347570.712253, 4
1347570.732713, 4
1347570.753171, 4
1347570.773633, 4
1347570.794093, 4
1347570.814551, 4
1347570.835014, 4
1347570.855473, 4
1347570.875931, 4
1347570.896393, 4
1347570.916852, 4
1347570.937313, 4
1347570.958075, 4
1347570.978537, 4
1347570.998998, 4
1347571.019457, 4
1347571.039916, 4
1347571.060375, 4
1347571.080833, 4
1347571.101292, 4
1347571.121751, 4
1347571.142210, 4
1347571.162668, 4
1347571.183127, 4
1347571.203585, 4
1347571.224004, 4
1347571.244466, 4
1347571.264924, 4
1347571.285383, 4
1347571.305846, 4
1347571.326305, 4
1347571.346762, 4
1347571.367226, 4
1347571.387684, 4
1347571.408143, 4
1347571.428603, 4
1347571.449061, 4
1347571.469519, 4
1347571.490138, 4
1347571.510597, 4
1347571.531062, 4
1347571.551558, 4
1347571.572011, 4
1347571.592479, 4
1347571.612942, 4
1347571.633402, 4
1347571.653862, 4
1347571.674324, 4
1347571.694783, 4
1347571.715242, 4
1347571.735700, 4
1347571.756161, 4
1347571.776625, 4
1347571.797113, 4
1347571.817590, 4
1347571.838057, 4
1347571.858519, 4
1347571.878978, 4
1347571.899439, 4
1347571.919902, 4
1347571.940390, 4
1347571.961002, 4
1347571.981465, 4
1347572.001926, 4
1347572.022389, 4
1347572.042866, 4
1347572.063331, 4
1347572.083793, 4
1347572.104256, 4
1347572.124716, 4
1347572.145175, 4
1347572.165634, 4
1347572.186094, 4
1347572.206553, 4
1347572.227013, 4
1347572.247472, 4
1347572.267937, 4
1347572.288417, 4
1347572.308891, 4
1347572.329356, 4
1347572.349815, 4
1347572.370276, 4
1347572.390740, 4
1347572.411215, 4
1347572.431891, 4
1347572.452357, 4
1347572.472818, 4
1347572.493277, 4
1347572.513738, 4
1347572.534196, 4
1347572.554655, 4
1347572.575113, 4
1347572.595571, 4
1347572.616013, 4
1347572.636517, 4
1347572.656993, 4
1347572.677458, 4
1347572.697919, 4
1347572.718380, 4
1347572.738845, 4
1347572.759308, 4
1347572.779771, 4
1347572.800232, 4
1347572.820692, 4
1347572.841157, 4
1347572.861617, 4
1347572.882076, 4
1347572.902763, 4
1347572.923223, 4
1347572.943683, 4
1347572.964150, 4
1347572.984676, 4
1347573.005165, 4
1347573.025664, 4
1347573.046162, 4
1347573.066648, 4
1347573.087146, 4
1347573.107644, 4
1347573.128148, 4
1347573.148626, 4
1347573.169092, 4
1347573.189555, 4
1347573.210016, 4
1347573.230476, 4
1347573.251247, 4
1347573.271713, 4
1347573.292182, 4
1347573.312644, 4
1347573.333104, 4
1347573.353564, 4
1347573.374024, 4
1347573.394485, 4
1347573.414945, 4
1347573.435405, 4
1347573.455865, 4
1347573.476332, 4
1347573.496836, 4
1347573.517302, 4
1347573.537766, 4
1347573.558227, 4
1347573.578687, 4
1347573.599149, 4
1347573.619611, 4
1347573.640080, 4
1347573.660542, 4
1347573.681002, 4
1347573.701462, 4
1347573.722065, 4
1347573.742559, 4
1347573.763027, 4
1347573.783493, 4
1347573.803955, 4
1347573.824423, 4
1347573.844885, 4
1347573.865345, 4
1347573.885806, 4
1347573.906266, 4
1347573.926734, 4
1347573.947234, 4
1347573.967710, 4
1347573.988218, 4
1347574.008700, 4
1347574.029167, 4
1347574.049631, 4
1347574.070102, 4
1347574.090568, 4
1347574.111040, 4
1347574.131722, 4
1347574.152192, 4
1347574.172653, 4
1347574.193113, 4
1347574.213574, 4
1347574.234037, 4
1347574.254498, 4
1347574.274959, 4
1347574.295419, 4
1347574.315880, 4
1347574.336350, 4
1347574.356810, 4
1347574.377269, 4
1347574.397730, 4
1347574.418190, 4
1347574.438651, 4
1347574.459111, 4
1347574.479571, 4
1347574.500006, 4
1347574.520467, 4
1347574.540932, 4
1347574.561393, 4
1347574.581854, 4
1347574.602563, 4
1347574.623023, 4
1347574.643482, 4
1347574.663942, 4
1347574.684402, 4
1347574.704862, 4
1347574.725321, 4
1347574.745781, 4
1347574.766240, 4
1347574.786701, 4
1347574.807160, 4
1347574.827619, 4
1347574.848083, 4
1347574.868543, 4
1347574.889003, 4
1347574.909462, 4
1347574.929922, 4
1347574.950384, 4
1347574.970844, 4
1347574.991303, 4
1347575.011763, 4
1347575.032224, 4
1347575.052684, 4
1347575.073406, 4
1347575.093867, 4
1347575.114327, 4
1347575.134786, 4
1347575.155247, 4
1347575.175706, 4
1347575.196167, 4
1347575.216627, 4
1347575.237087, 4
1347575.257546, 4
1347575.278006, 4
1347575.298466, 4
1347575.318925, 4
1347575.339384, 4
1347575.359845, 4
1347575.380306, 4
1347575.400766, 4
1347575.421226, 4
1347575.441685, 4
1347575.462145, 4
1347575.482605, 4
1347575.503065, 4
1347575.523525, 4
1347575.544234, 4
1347575.564694, 4
1347575.585155, 4
1347575.605632, 4
1347575.626096, 4
1347575.646556, 4
1347575.667016, 4
1347575.687476, 4
1347575.707937, 4
1347575.728398, 4
1347575.748858, 4
1347575.769317, 4
1347575.789776, 4
1347575.810241, 4
1347575.830734, 4
1347575.851199, 4
1347575.871660, 4
1347575.892124, 4
1347575.912584, 4
1347575.933044, 4
1347575.953504, 4
1347575.973964, 4
1347575.994424, 4
1347576.015096, 4
1347576.035580, 4
1347576.056005, 4
1347576.076469, 4
1347576.096933, 4
1347576.117395, 4
1347576.137854, 4
1347576.158316, 4
1347576.178775, 4
1347576.199236, 4
1347576.219697, 4
1347576.240159, 4
1347576.260620, 4
1347576.281081, 4
1347576.301541, 4
1347576.322001, 4
1347576.342462, 4
1347576.362933, 4
1347576.383395, 4
1347576.403856, 4
1347576.424319, 4
1347576.444780, 4
1347576.465241, 4
1347576.485917, 4
1347576.506377, 4
1347576.526837, 4
1347576.547298, 4
1347576.567759, 4
1347576.588219, 4
1347576.608679, 4
1347576.629139, 4
1347576.649599, 4
1347576.670060, 4
1347576.690520, 4
1347576.710981, 4
1347576.731443, 4
1347576.751903, 4
1347576.772367, 4
1347576.792827, 4
1347576.813287, 4
1347576.833754, 4
1347576.854220, 4
1347576.874681, 4
1347576.895143, 4
1347576.915603, 4
1347576.936071, 4
1347576.956780, 4
1347576.977241, 4
1347576.997704, 4
1347577.018164, 4
1347577.038624, 4
1347577.059084, 4
1347577.079546, 4
1347577.100006, 4
1347577.120468, 4
1347577.140928, 4
1347577.161387, 4
1347577.181848, 4
1347577.202307, 4
1347577.222768, 4
1347577.265415, 4
1347577.285878, 4
1347577.306339, 4
1347577.326799, 4
1347577.347261, 4
1347577.367721, 4
1347577.388188, 4
1347577.408852, 4
1347577.429312, 4
1347577.449771, 4
1347577.470232, 4
1347577.490692, 4
1347577.511155, 4
1347577.531617, 4
1347577.552082, 4
1347577.572548, 4
1347577.593009, 4
1347577.613468, 4
1347577.633929, 4
1347577.654390, 4
1347577.674850, 4
1347577.695311, 4
1347577.715771, 4
1347577.736240, 4
1347577.756743, 4
1347577.777212, 4
1347577.797682, 4
1347577.818146, 4
1347577.838607, 4
1347577.859069, 4
1347577.879695, 4
1347577.900157, 4
1347577.920618, 4
1347577.941079, 4
1347577.961539, 4
1347577.982003, 4
1347578.002493, 4
1347578.022977, 4
1347578.043459, 4
1347578.063924, 4
1347578.084387, 4
1347578.104862, 4
1347578.125355, 4
1347578.145856, 4
1347578.166387, 4
1347578.186875, 4
1347578.207342, 4
1347578.227808, 4
1347578.248275, 4
1347578.268735, 4
1347578.289346, 4
1347578.309804, 4
1347578.330262, 4
1347578.350721, 4
1347578.371180, 4
1347578.391640, 4
1347578.412100, 4
1347578.432560, 4
1347578.453023, 4
1347578.473482, 4
1347578.493941, 4
1347578.514402, 4
1347578.534861, 4
1347578.555320, 4
1347578.575780, 4
1347578.596241, 4
1347578.616709, 4
1347578.637170, 4
1347578.657630, 4
1347578.678090, 4
1347578.698551, 4
1347578.719010, 4
1347578.739468, 4
1347578.760200, 4
1347578.780659, 4
1347578.801118, 4
1347578.821578, 4
1347578.842036, 4
1347578.862494, 4
1347578.882955, 4
1347578.903414, 4
1347578.923873, 4
1347578.944336, 4
1347578.964795, 4
1347578.985254, 4
1347579.005716, 4
1347579.026174, 4
1347579.046633, 4
1347579.067092, 4
1347579.087550, 4
1347579.108004, 4
1347579.128463, 4
1347579.148921, 4
1347579.169383, 4
1347579.189846, 4
1347579.210304, 4
1347579.231046, 4
1347579.251506, 4
1347579.271964, 4
1347579.292423, 4
1347579.312884, 4
1347579.333344, 4
1347579.353805, 4
1347579.374267, 4
1347579.394726, 4
1347579.415185, 4
1347579.435644, 4
1347579.456104, 4
1347579.476566, 4
1347579.497025, 4
1347579.517485, 4
1347579.537947, 4
1347579.558407, 4
1347579.578872, 4
1347579.599331, 4
1347579.619789, 4
1347579.640250, 4
1347579.660709, 4
1347579.681167, 4
1347579.701883, 4
1347579.722342, 4
1347579.742801, 4
1347579.763259, 4
1347579.783719, 4
1347579.804182, 4
1347579.824641, 4
1347579.845100, 4
1347579.865561, 4
1347579.886019, 4
1347579.906479, 4
1347579.926937, 4
1347579.947395, 4
1347579.967853, 4
1347579.988312, 4
1347580.008772, 4
1347580.029229, 4
1347580.049688, 4
1347580.070148, 4
1347580.090608, 4
1347580.111067, 4
1347580.131527, 4
1347580.151985, 4
1347580.172717, 4
1347580.193176, 4
1347580.213635, 4
1347580.234094, 4
1347580.254556, 4
1347580.275015, 4
1347580.295489, 4
1347580.315951, 4
1347580.336409, 4
1347580.356868, 4
1347580.377329, 4
1347580.397786, 4
1347580.418246, 4
1347580.438706, 4
1347580.459164, 4
1347580.479624, 4
1347580.500084, 4
1347580.520543, 4
1347580.541002, 4
1347580.561460, 4
1347580.581919, 4
1347580.602378, 4
1347580.622837, 4
1347580.643581, 4
1347580.664005, 4
1347580.684464, 4
1347580.704922, 4
1347580.725379, 4
1347580.745837, 4
1347580.766295, 4
1347580.786754, 4
1347580.807212, 4
1347580.827670, 4
1347580.848130, 4
1347580.868589, 4
1347580.889046, 4
1347580.909505, 4
1347580.929962, 4
1347580.950420, 4
1347580.970879, 4
1347580.991338, 4
1347581.011797, 4
1347581.032262, 4
1347581.052728, 4
1347581.073187, 4
1347581.093645, 4
1347581.114104, 4
1347581.134564, 4
1347581.155022, 4
1347581.175654, 4
1347581.196113, 4
1347581.216572, 4
1347581.237030, 4
1347581.257488, 4
1347581.277947, 4
1347581.298405, 4
1347581.318863, 4
1347581.339321, 4
1347581.359780, 4
1347581.380240, 4
1347581.400699, 4
1347581.421157, 4
1347581.441616, 4
1347581.462074, 4
1347581.482533, 4
1347581.502993, 4
1347581.523451, 4
1347581.543910, 4
1347581.564369, 4
1347581.584833, 4
1347581.605291, 4
1347581.625750, 4
1347581.646210, 4
1347581.666671, 4
1347581.687129, 4
1347581.707587, 4
1347581.728005, 4
1347581.748463, 4
1347581.769121, 4
1347581.789579, 4
1347581.810037, 4
1347581.830498, 4
1347581.850958, 4
1347581.871416, 4
1347581.891874, 4
1347581.912337, 4
1347581.932796, 4
1347581.953254, 4
1347581.973713, 4
1347581.994173, 4
1347582.014630, 4
1347582.035088, 4
1347582.055546, 4
1347582.076006, 4
1347582.096465, 4
1347582.116924, 4
1347582.137382, 4
1347582.157844, 4
1347582.178311, 4
1347582.198770, 4
1347582.219229, 4
1347582.239693, 4
1347582.270846, 4
1347582.291309, 4
1347582.311768, 4
1347582.332229, 4
1347582.352688, 4
1347582.373146, 4
1347582.393608, 4
1347582.414070, 4
1347582.434530, 4
1347582.454993, 4
1347582.475635, 4
1347582.496095, 4
1347582.516553, 4
1347582.537011, 4
1347582.557473, 4
1347582.577931, 4
1347582.598389, 4
1347582.618847, 4
1347582.639306, 4
1347582.659764, 4
1347582.680223, 4
1347582.700681, 4
1347582.721139, 4
1347582.741597, 4
1347582.762055, 4
1347582.782513, 4
1347582.802971, 4
1347582.823430, 4
1347582.843888, 4
1347582.864353, 4
1347582.884813, 4
1347582.905272, 4
1347582.925730, 4
1347582.946190, 4
1347582.966648, 4
1347582.987107, 4
1347583.007569, 4
1347583.028004, 4
1347583.048462, 4
1347583.069127, 4
1347583.089585, 4
1347583.110043, 4
1347583.130500, 4
1347583.150959, 4
1347583.171417, 4
1347583.191875, 4
1347583.212338, 4
1347583.232798, 4
1347583.253258, 4
1347583.273717, 4
1347583.294175, 4
1347583.314635, 4
1347583.335095, 4
1347583.355554, 4
1347583.376005, 4
1347583.396463, 4
1347583.416921, 4
1347583.437379, 4
1347583.457836, 4
1347583.478296, 4
1347583.498754, 4
1347583.519212, 4
1347583.539671, 4
1347583.560129, 4
1347583.580594, 4
1347583.601348, 4
1347583.621807, 4
1347583.642265, 4
1347583.662724, 4
1347583.683183, 4
1347583.703641, 4
1347583.724100, 4
1347583.744562, 4
1347583.765024, 4
1347583.785482, 4
1347583.805943, 4
1347583.826404, 4
1347583.846862, 4
1347583.867321, 4
1347583.887785, 4
1347583.908265, 4
1347583.928740, 4
1347583.949203, 4
1347583.969663, 4
1347583.990125, 4
1347584.010586, 4
1347584.031044, 4
1347584.051503, 4
1347584.072233, 4
1347584.092691, 4
1347584.113150, 4
1347584.133609, 4
1347584.154070, 4
1347584.174529, 4
1347584.194987, 4
1347584.215445, 4
1347584.235904, 4
1347584.256367, 4
1347584.276826, 4
1347584.297284, 4
1347584.317742, 4
1347584.338202, 4
1347584.358663, 4
1347584.379122, 4
1347584.399580, 4
1347584.420004, 4
1347584.440462, 4
1347584.460920, 4
1347584.481387, 4
1347584.501846, 4
1347584.522304, 4
1347584.542765, 4
1347584.563223, 4
1347584.583682, 4
1347584.604290, 4
1347584.624748, 4
1347584.645207, 4
1347584.665666, 4
1347584.686125, 4
1347584.706584, 4
1347584.727042, 4
1347584.747501, 4
1347584.767959, 4
1347584.788421, 4
1347584.808879, 4
1347584.829338, 4
1347584.849799, 4
1347584.870258, 4
1347584.890716, 4
1347584.911177, 4
1347584.931675, 4
1347584.952171, 4
1347584.972652, 4
1347584.993121, 4
1347585.013584, 4
1347585.034044, 4
1347585.054504, 4
1347585.075103, 4
1347585.095561, 4
1347585.116005, 4
1347585.136464, 4
1347585.156924, 4
1347585.177383, 4
1347585.197842, 4
1347585.218300, 4
1347585.238759, 4
1347585.259218, 4
1347585.279677, 4
1347585.300138, 4
1347585.320601, 4
1347585.341059, 4
1347585.361520, 4
1347585.381978, 4
1347585.402437, 4
1347585.422897, 4
1347585.443356, 4
1347585.463815, 4
1347585.484280, 4
1347585.504738, 4
1347585.525200, 4
1347585.545956, 4
1347585.566414, 4
1347585.586878, 4
1347585.607337, 4
1347585.627795, 4
1347585.648259, 4
1347585.668718, 4
1347585.689179, 4
1347585.709638, 4
1347585.730097, 4
1347585.750555, 4
1347585.771015, 4
1347585.791474, 4
1347585.811933, 4
1347585.832393, 4
1347585.852853, 4
1347585.873311, 4
1347585.893773, 4
1347585.914231, 4
1347585.934693, 4
1347585.955195, 4
1347585.975683, 4
1347585.996146, 4
1347586.016805, 4
1347586.037264, 4
1347586.057723, 4
1347586.078182, 4
1347586.098641, 4
1347586.119102, 4
1347586.139561, 4
1347586.160004, 4
1347586.180465, 4
1347586.200923, 4
1347586.221380, 4
1347586.241840, 4
1347586.262300, 4
1347586.282759, 4
1347586.303217, 4
1347586.323676, 4
1347586.344136, 4
1347586.364596, 4
1347586.385054, 4
1347586.405513, 4
1347586.425973, 4
1347586.446431, 4
1347586.466890, 4
1347586.487349, 4
1347586.507808, 4
1347586.528272, 4
1347586.548858, 4
1347586.569316, 4
1347586.589775, 4
1347586.610233, 4
1347586.630691, 4
1347586.651149, 4
1347586.671607, 4
1347586.692070, 4
1347586.712528, 4
1347586.732987, 4
1347586.753445, 4
1347586.773904, 4
1347586.794362, 4
1347586.814820, 4
1347586.835279, 4
1347586.855738, 4
1347586.876194, 4
1347586.896657, 4
1347586.917118, 4
1347586.937577, 4
1347586.958042, 4
1347586.978541, 4
1347586.999021, 4
1347587.019681, 4
1347587.040146, 4
1347587.060606, 4
1347587.081069, 4
1347587.101529, 4
1347587.121988, 4
1347587.142452, 4
1347587.162912, 4
1347587.183371, 4
1347587.203833, 4
1347587.224294, 4
1347587.271584, 4
1347587.292005, 4
1347587.312466, 4
1347587.332925, 4
1347587.353387, 4
1347587.373847, 4
1347587.394306, 4
1347587.414768, 4
1347587.435228, 4
1347587.455687, 4
1347587.476148, 4
1347587.496609, 4
1347587.517072, 4
1347587.537732, 4
1347587.558191, 4
1347587.578660, 4
1347587.599120, 4
1347587.619580, 4
1347587.640015, 4
1347587.660502, 4
1347587.681000, 4
1347587.701499, 4
1347587.721996, 4
1347587.742481, 4
1347587.762972, 4
1347587.783465, 4
1347587.803963, 4
1347587.824459, 4
1347587.844928, 4
1347587.865393, 4
1347587.886152, 4
1347587.906613, 4
1347587.927076, 4
1347587.947570, 4
1347587.968016, 4
1347587.988521, 4
1347588.009022, 4
1347588.029509, 4
1347588.049977, 4
1347588.070442, 4
1347588.090904, 4
1347588.111364, 4
1347588.131824, 4
1347588.152287, 4
1347588.172748, 4
1347588.193209, 4
1347588.213673, 4
1347588.234176, 4
1347588.254644, 4
1347588.275107, 4
1347588.295754, 4
1347588.316215, 4
1347588.336676, 4
1347588.357141, 4
1347588.377605, 4
1347588.398068, 4
1347588.418530, 4
1347588.438991, 4
1347588.459457, 4
1347588.479932, 4
1347588.500403, 4
1347588.520866, 4
1347588.541326, 4
1347588.561787, 4
1347588.582248, 4
1347588.602708, 4
1347588.623169, 4
1347588.643631, 4
1347588.664093, 4
1347588.684555, 4
1347588.705019, 4
1347588.725516, 4
1347588.745983, 4
1347588.766580, 4
1347588.787042, 4
1347588.807502, 4
1347588.827963, 4
1347588.848426, 4
1347588.868903, 4
1347588.889365, 4
1347588.909834, 4
1347588.930328, 4
1347588.950825, 4
1347588.971309, 4
1347588.991776, 4
1347589.012251, 4
1347589.032741, 4
1347589.053209, 4
1347589.073676, 4
1347589.094140, 4
1347589.114607, 4
1347589.135071, 4
1347589.155532, 4
1347589.176221, 4
1347589.196686, 4
1347589.217179, 4
1347589.237649, 4
1347589.258115, 4
1347589.278577, 4
1347589.299038, 4
1347589.319499, 4
1347589.339959, 4
1347589.360420, 4
1347589.380881, 4
1347589.401344, 4
1347589.421804, 4
1347589.442268, 4
1347589.462767, 4
1347589.483236, 4
1347589.503699, 4
1347589.524163, 4
1347589.544623, 4
1347589.565085, 4
1347589.585833, 4
1347589.606293, 4
1347589.626753, 4
1347589.647229, 4
1347589.667696, 4
1347589.688195, 4
1347589.708689, 4
1347589.729186, 4
1347589.749670, 4
1347589.770168, 4
1347589.790667, 4
1347589.811170, 4
1347589.831645, 4
1347589.852113, 4
1347589.872576, 4
1347589.893036, 4
1347589.913501, 4
1347589.934238, 4
1347589.954733, 4
1347589.975202, 4
1347589.995666, 4
1347590.016129, 4
1347590.036608, 4
1347590.057095, 4
1347590.077588, 4
1347590.098085, 4
1347590.118583, 4
1347590.139080, 4
1347590.159563, 4
1347590.180066, 4
1347590.200560, 4
1347590.221065, 4
1347590.241543, 4
1347590.262006, 4
1347590.282611, 4
1347590.303073, 4
1347590.323531, 4
1347590.343990, 4
1347590.364454, 4
1347590.384913, 4
1347590.405376, 4
1347590.425835, 4
1347590.446295, 4
1347590.466754, 4
1347590.487212, 4
1347590.507671, 4
1347590.528131, 4
1347590.548588, 4
1347590.569047, 4
1347590.589505, 4
1347590.609963, 4
1347590.630423, 4
1347590.650882, 4
1347590.671348, 4
1347590.691809, 4
1347590.712272, 4
1347590.732731, 4
1347590.753391, 4
1347590.773851, 4
1347590.794311, 4
1347590.814774, 4
1347590.835233, 4
1347590.855691, 4
1347590.876152, 4
1347590.896611, 4
1347590.917076, 4
1347590.937537, 4
1347590.957996, 4
1347590.978453, 4
1347590.998912, 4
1347591.019371, 4
1347591.039829, 4
1347591.060299, 4
1347591.080789, 4
1347591.101292, 4
1347591.121776, 4
1347591.142242, 4
1347591.163005, 4
1347591.183465, 4
1347591.203924, 4
1347591.224384, 4
1347591.244844, 4
1347591.265306, 4
1347591.285766, 4
1347591.306225, 4
1347591.326684, 4
1347591.347143, 4
1347591.367602, 4
1347591.388067, 4
1347591.408525, 4
1347591.428984, 4
1347591.449445, 4
1347591.469904, 4
1347591.490364, 4
1347591.510832, 4
1347591.531291, 4
1347591.551750, 4
1347591.572212, 4
1347591.592671, 4
1347591.613134, 4
1347591.633815, 4
1347591.654277, 4
1347591.674738, 4
1347591.695197, 4
1347591.715656, 4
1347591.736115, 4
1347591.756573, 4
1347591.777035, 4
1347591.797492, 4
1347591.817951, 4
1347591.838412, 4
1347591.858870, 4
1347591.879329, 4
1347591.899787, 4
1347591.920247, 4
1347591.940708, 4
1347591.961167, 4
1347591.981628, 4
1347592.002087, 4
1347592.022545, 4
1347592.043008, 4
1347592.063467, 4
1347592.083926, 4
1347592.104622, 4
1347592.125081, 4
1347592.145544, 4
1347592.166003, 4
1347592.186462, 4
1347592.206921, 4
1347592.227380, 4
1347592.276368, 4
1347592.296828, 4
1347592.317289, 4
1347592.337747, 4
1347592.358207, 4
1347592.378667, 4
1347592.399126, 4
1347592.419587, 4
1347592.440005, 4
1347592.460464, 4
1347592.480925, 4
1347592.501384, 4
1347592.521842, 4
1347592.542463, 4
1347592.562923, 4
1347592.583381, 4
1347592.603840, 4
1347592.624300, 4
1347592.644761, 4
1347592.665218, 4
1347592.685677, 4
1347592.706134, 4
1347592.726592, 4
1347592.747050, 4
1347592.767508, 4
1347592.787966, 4
1347592.808424, 4
1347592.828882, 4
1347592.849341, 4
1347592.869799, 4
1347592.890259, 4
1347592.910718, 4
1347592.931176, 4
1347592.951637, 4
1347592.972096, 4
1347592.992561, 4
1347593.013332, 4
1347593.033821, 4
1347593.054289, 4
1347593.074752, 4
1347593.095215, 4
1347593.115713, 4
1347593.136211, 4
1347593.156682, 4
1347593.177147, 4
1347593.197608, 4
1347593.218069, 4
1347593.238543, 4
1347593.259005, 4
1347593.279465, 4
1347593.299928, 4
1347593.320388, 4
1347593.340852, 4
1347593.361318, 4
1347593.381811, 4
1347593.402280, 4
1347593.422840, 4
1347593.443306, 4
1347593.463768, 4
1347593.484229, 4
1347593.504693, 4
1347593.525154, 4
1347593.545617, 4
1347593.566078, 4
1347593.586546, 4
1347593.607009, 4
1347593.627496, 4
1347593.647963, 4
1347593.668426, 4
1347593.688887, 4
1347593.709349, 4
1347593.729809, 4
1347593.750272, 4
1347593.770736, 4
1347593.791196, 4
1347593.811656, 4
1347593.832118, 4
1347593.852586, 4
1347593.873081, 4
1347593.893621, 4
1347593.914089, 4
1347593.934583, 4
1347593.955067, 4
1347593.975540, 4
1347593.996008, 4
1347594.016472, 4
1347594.036933, 4
1347594.057396, 4
1347594.077858, 4
1347594.098323, 4
1347594.118817, 4
1347594.139306, 4
1347594.159777, 4
1347594.180249, 4
1347594.200710, 4
1347594.221171, 4
1347594.241633, 4
1347594.262093, 4
1347594.282559, 4
1347594.303182, 4
1347594.323642, 4
1347594.344124, 4
1347594.364616, 4
1347594.385087, 4
1347594.405550, 4
1347594.426011, 4
1347594.446473, 4
1347594.466933, 4
1347594.487397, 4
1347594.507858, 4
1347594.528323, 4
1347594.548783, 4
1347594.569243, 4
1347594.589710, 4
1347594.610193, 4
1347594.630665, 4
1347594.651129, 4
1347594.671590, 4
1347594.692061, 4
1347594.712793, 4
1347594.733253, 4
1347594.753714, 4
1347594.774174, 4
1347594.794636, 4
1347594.815096, 4
1347594.835561, 4
1347594.856010, 4
1347594.876474, 4
1347594.896942, 4
1347594.917407, 4
1347594.937887, 4
1347594.958375, 4
1347594.978842, 4
1347594.999309, 4
1347595.019771, 4
1347595.040233, 4
1347595.060696, 4
1347595.081158, 4
1347595.101643, 4
1347595.122393, 4
1347595.142863, 4
1347595.163348, 4
1347595.183821, 4
1347595.204288, 4
1347595.224750, 4
1347595.245210, 4
1347595.265672, 4
1347595.286132, 4
1347595.306595, 4
1347595.327061, 4
1347595.347557, 4
1347595.368006, 4
1347595.388472, 4
1347595.408938, 4
1347595.429399, 4
1347595.449858, 4
1347595.470319, 4
1347595.490780, 4
1347595.511239, 4
1347595.531976, 4
1347595.552440, 4
1347595.572905, 4
1347595.593403, 4
1347595.613872, 4
1347595.634340, 4
1347595.654802, 4
1347595.675263, 4
1347595.695723, 4
1347595.716192, 4
1347595.736655, 4
1347595.757116, 4
1347595.777576, 4
1347595.798037, 4
1347595.818500, 4
1347595.838977, 4
1347595.859439, 4
1347595.879904, 4
1347595.900367, 4
1347595.920831, 4
1347595.941565, 4
1347595.962031, 4
1347595.982493, 4
1347596.002954, 4
1347596.023419, 4
1347596.043904, 4
1347596.064375, 4
1347596.084872, 4
1347596.105341, 4
1347596.125805, 4
1347596.146270, 4
1347596.166732, 4
1347596.187217, 4
1347596.207694, 4
1347596.228163, 4
1347596.248627, 4
1347596.269088, 4
1347596.289550, 4
1347596.310014, 4
1347596.330507, 4
1347596.351137, 4
1347596.371598, 4
1347596.392068, 4
1347596.412529, 4
1347596.432990, 4
1347596.453454, 4
1347596.473919, 4
1347596.494381, 4
1347596.514841, 4
1347596.535303, 4
1347596.555772, 4
1347596.576257, 4
1347596.596726, 4
1347596.617190, 4
1347596.637654, 4
1347596.658117, 4
1347596.678578, 4
1347596.699039, 4
1347596.719499, 4
1347596.739959, 4
1347596.760712, 4
1347596.781173, 4
1347596.801636, 4
1347596.822128, 4
1347596.842595, 4
1347596.863058, 4
1347596.883523, 4
1347596.903984, 4
1347596.924449, 4
1347596.944948, 4
1347596.965418, 4
1347596.985887, 4
1347597.006349, 4
1347597.026810, 4
1347597.047276, 4
1347597.067770, 4
1347597.088239, 4
1347597.108701, 4
1347597.129162, 4
1347597.149623, 4
1347597.170335, 4
1347597.190796, 4
1347597.211281, 4
1347597.231779, 4
1347597.252277, 4
1347597.272775, 4
1347597.293272, 4
1347597.313754, 4
1347597.334237, 4
1347597.354736, 4
1347597.375232, 4
1347597.395730, 4
1347597.416207, 4
1347597.436681, 4
1347597.457148, 4
1347597.477608, 4
1347597.498071, 4
1347597.518745, 4
1347597.539204, 4
1347597.559664, 4
1347597.580125, 4
1347597.600588, 4
1347597.621048, 4
1347597.641507, 4
1347597.661966, 4
1347597.682425, 4
1347597.702887, 4
1347597.723346, 4
1347597.743805, 4
1347597.764269, 4
1347597.784728, 4
1347597.805186, 4
1347597.825648, 4
1347597.846106, 4
1347597.866567, 4
1347597.887026, 4
1347597.907485, 4
1347597.927946, 4
1347597.948407, 4
1347597.968866, 4
1347597.989536, 4
1347598.010001, 4
1347598.030479, 4
1347598.050941, 4
1347598.071402, 4
1347598.091862, 4
1347598.112324, 4
1347598.132782, 4
1347598.153241, 4
1347598.173700, 4
1347598.194158, 4
1347598.214624, 4
1347598.235115, 4
1347598.255613, 4
1347598.276105, 4
1347598.296584, 4
1347598.317054, 4
1347598.337518, 4
1347598.357979, 4
1347598.378440, 4
1347598.399166, 4
1347598.419626, 4
1347598.440086, 4
1347598.460546, 4
1347598.481009, 4
1347598.501468, 4
1347598.521928, 4
1347598.542389, 4
1347598.562849, 4
1347598.583310, 4
1347598.603770, 4
1347598.624231, 4
1347598.644694, 4
1347598.665152, 4
1347598.685612, 4
1347598.706074, 4
1347598.726533, 4
1347598.746993, 4
1347598.767452, 4
1347598.787911, 4
1347598.808374, 4
1347598.828833, 4
1347598.849292, 4
1347598.870005, 4
1347598.890464, 4
1347598.910923, 4
1347598.931381, 4
1347598.951840, 4
1347598.972299, 4
1347598.992776, 4
1347599.013237, 4
1347599.033696, 4
1347599.054155, 4
1347599.074617, 4
1347599.095079, 4
1347599.115540, 4
1347599.135998, 4
1347599.156464, 4
1347599.176924, 4
1347599.197386, 4
1347599.217845, 4
1347599.238311, 4
1347599.258804, 4
1347599.279280, 4
1347599.299744, 4
1347599.320207, 4
1347599.340824, 4
1347599.361290, 4
1347599.381750, 4
1347599.402209, 4
1347599.422670, 4
1347599.443130, 4
1347599.463590, 4
1347599.484004, 4
1347599.504463, 4
1347599.524923, 4
1347599.545382, 4
1347599.565840, 4
1347599.586304, 4
1347599.606766, 4
1347599.627225, 4
1347599.647686, 4
1347599.668147, 4
1347599.688609, 4
1347599.709068, 4
1347599.729530, 4
1347599.749992, 4
1347599.770451, 4
1347599.790910, 4
1347599.811627, 4
1347599.832087, 4
1347599.852546, 4
1347599.873005, 4
1347599.893464, 4
1347599.913922, 4
1347599.934381, 4
1347599.954841, 4
1347599.975299, 4
1347599.995758, 4
1347600.016219, 4
1347600.036678, 4
1347600.057138, 4
1347600.077599, 4
1347600.098101, 4
1347600.118593, 4
1347600.139089, 4
1347600.159598, 4
1347600.180085, 4
1347600.200548, 4
1347600.221229, 4
1347600.241689, 4
1347600.262153, 4
1347600.282662, 4
1347600.303161, 4
1347600.323657, 4
1347600.344154, 4
1347600.364651, 4
1347600.385137, 4
1347600.405634, 4
1347600.426121, 4
1347600.446623, 4
1347600.467101, 4
1347600.487567, 4
1347600.508004, 4
1347600.528470, 4
1347600.548929, 4
1347600.569642, 4
1347600.590106, 4
1347600.610566, 4
1347600.631029, 4
1347600.651490, 4
1347600.671949, 4
1347600.692409, 4
1347600.712868, 4
1347600.733329, 4
1347600.753789, 4
1347600.774248, 4
1347600.794705, 4
1347600.815164, 4
1347600.835626, 4
1347600.856093, 4
1347600.876552, 4
1347600.897011, 4
1347600.917475, 4
1347600.937934, 4
1347600.958395, 4
1347600.978865, 4
1347600.999325, 4
1347601.019783, 4
1347601.040482, 4
1347601.060944, 4
1347601.081403, 4
1347601.101863, 4
1347601.122322, 4
1347601.142781, 4
1347601.163243, 4
1347601.183702, 4
1347601.204163, 4
1347601.224626, 4
1347601.245085, 4
1347601.265544, 4
1347601.286007, 4
1347601.306470, 4
1347601.326930, 4
1347601.347389, 4
1347601.367848, 4
1347601.388317, 4
1347601.408777, 4
1347601.429235, 4
1347601.449698, 4
1347601.470157, 4
1347601.490616, 4
1347601.511311, 4
1347601.531770, 4
1347601.552229, 4
1347601.572688, 4
1347601.593154, 4
1347601.613613, 4
1347601.634071, 4
1347601.654529, 4
1347601.674988, 4
1347601.695448, 4
1347601.715907, 4
1347601.736366, 4
1347601.756825, 4
1347601.777283, 4
1347601.797741, 4
1347601.818200, 4
1347601.838657, 4
1347601.859118, 4
1347601.879576, 4
1347601.900005, 4
1347601.920465, 4
1347601.940924, 4
1347601.961382, 4
1347601.982136, 4
1347602.002595, 4
1347602.023054, 4
1347602.043513, 4
1347602.063972, 4
1347602.084431, 4
1347602.104890, 4
1347602.125349, 4
1347602.145810, 4
1347602.166270, 4
1347602.186728, 4
1347602.207187, 4
1347602.227647, 4
1347602.248108, 4
1347602.268568, 4
1347602.289030, 4
1347602.309494, 4
1347602.329984, 4
1347602.350461, 4
1347602.370926, 4
1347602.391394, 4
1347602.411859, 4
1347602.432321, 4
1347602.452983, 4
1347602.473444, 4
1347602.493903, 4
1347602.514366, 4
1347602.534826, 4
1347602.555285, 4
1347602.575745, 4
1347602.596206, 4
1347602.616665, 4
1347602.637125, 4
1347602.657585, 4
1347602.678047, 4
1347602.698507, 4
1347602.718967, 4
1347602.739426, 4
1347602.759886, 4
1347602.780353, 4
1347602.800820, 4
1347602.821281, 4
1347602.841740, 4
1347602.862200, 4
1347602.882660, 4
1347602.903119, 4
1347602.923803, 4
1347602.944269, 4
1347602.964728, 4
1347602.985191, 4
1347603.005655, 4
1347603.026142, 4
1347603.046610, 4
1347603.067072, 4
1347603.087533, 4
1347603.107993, 4
1347603.128458, 4
1347603.148920, 4
1347603.169381, 4
1347603.189846, 4
1347603.210317, 4
1347603.230778, 4
1347603.251241, 4
1347603.271702, 4
1347603.292163, 4
1347603.312626, 4
1347603.333093, 4
1347603.353587, 4
1347603.374090, 4
1347603.394667, 4
1347603.415132, 4
1347603.435604, 4
1347603.456076, 4
1347603.476537, 4
1347603.497000, 4
1347603.517463, 4
1347603.537923, 4
1347603.558383, 4
1347603.578843, 4
1347603.599307, 4
1347603.619771, 4
1347603.640232, 4
1347603.660712, 4
1347603.681181, 4
1347603.701642, 4
1347603.722103, 4
1347603.742565, 4
1347603.763026, 4
1347603.783486, 4
1347603.804224, 4
1347603.824684, 4
1347603.845145, 4
1347603.865605, 4
1347603.886065, 4
1347603.906525, 4
1347603.926984, 4
1347603.947445, 4
1347603.967904, 4
1347603.988366, 4
1347604.008830, 4
1347604.029310, 4
1347604.049780, 4
1347604.070243, 4
1347604.090705, 4
1347604.111165, 4
1347604.131626, 4
1347604.152090, 4
1347604.172550, 4
1347604.193014, 4
1347604.213482, 4
1347604.233944, 4
1347604.254405, 4
1347604.274866, 4
1347604.295331, 4
1347604.315792, 4
1347604.336409, 4
1347604.356875, 4
1347604.377384, 4
1347604.397886, 4
1347604.418393, 4
1347604.438892, 4
1347604.459395, 4
1347604.479893, 4
1347604.500409, 4
1347604.520906, 4
1347604.541403, 4
1347604.561901, 4
1347604.582367, 4
1347604.602829, 4
1347604.623300, 4
1347604.643761, 4
1347604.664224, 4
1347604.684931, 4
1347604.705391, 4
1347604.725852, 4
1347604.746312, 4
1347604.766773, 4
1347604.787234, 4
1347604.807697, 4
1347604.828213, 4
1347604.848717, 4
1347604.869215, 4
1347604.889712, 4
1347604.910209, 4
1347604.930705, 4
1347604.951203, 4
1347604.971716, 4
1347604.992200, 4
1347605.012664, 4
1347605.033129, 4
1347605.053590, 4
1347605.074050, 4
1347605.094660, 4
1347605.115120, 4
1347605.135580, 4
1347605.156005, 4
1347605.176466, 4
1347605.196926, 4
1347605.217386, 4
1347605.237846, 4
1347605.258305, 4
1347605.278765, 4
1347605.299225, 4
1347605.319684, 4
1347605.340145, 4
1347605.360605, 4
1347605.381070, 4
1347605.401569, 4
1347605.422039, 4
1347605.442511, 4
1347605.462973, 4
1347605.483434, 4
1347605.503896, 4
1347605.524361, 4
1347605.544820, 4
1347605.565284, 4
1347605.585744, 4
1347605.606209, 4
1347605.626851, 4
1347605.647314, 4
1347605.667777, 4
1347605.688238, 4
1347605.708699, 4
1347605.729160, 4
1347605.749620, 4
1347605.770081, 4
1347605.790541, 4
1347605.811009, 4
1347605.831487, 4
1347605.851956, 4
1347605.872419, 4
1347605.892881, 4
1347605.913343, 4
1347605.933805, 4
1347605.954265, 4
1347605.974728, 4
1347605.995188, 4
1347606.015650, 4
1347606.036112, 4
1347606.056574, 4
1347606.077035, 4
1347606.097661, 4
1347606.118127, 4
1347606.138587, 4
1347606.159048, 4
1347606.179508, 4
1347606.199968, 4
1347606.220431, 4
1347606.240897, 4
1347606.261386, 4
1347606.281876, 4
1347606.302344, 4
1347606.322810, 4
1347606.343272, 4
1347606.363733, 4
1347606.384201, 4
1347606.404622, 4
1347606.425114, 4
1347606.445616, 4
1347606.466088, 4
1347606.486557, 4
1347606.507234, 4
1347606.527696, 4
1347606.548161, 4
1347606.568623, 4
1347606.589085, 4
1347606.609546, 4
1347606.630008, 4
1347606.650472, 4
1347606.670932, 4
1347606.691392, 4
1347606.711853, 4
1347606.732314, 4
1347606.752778, 4
1347606.773239, 4
1347606.793699, 4
1347606.814161, 4
1347606.834623, 4
1347606.855089, 4
1347606.875551, 4
1347606.896008, 4
1347606.916473, 4
1347606.936937, 4
1347606.957401, 4
1347606.978040, 4
1347606.998503, 4
1347607.018963, 4
1347607.039424, 4
1347607.059889, 4
1347607.080360, 4
1347607.100822, 4
1347607.121285, 4
1347607.141746, 4
1347607.162211, 4
1347607.182674, 4
1347607.203134, 4
1347607.223595, 4
1347607.244060, 4
1347607.264523, 4
1347607.284986, 4
1347607.305446, 4
1347607.325910, 4
1347607.346372, 4
1347607.366833, 4
1347607.387586, 4
1347607.408004, 4
1347607.428470, 4
1347607.448959, 4
1347607.469429, 4
1347607.489894, 4
1347607.510357, 4
1347607.530819, 4
1347607.551280, 4
1347607.571742, 4
1347607.592204, 4
1347607.612666, 4
1347607.633129, 4
1347607.653588, 4
1347607.674049, 4
1347607.694511, 4
1347607.714970, 4
1347607.735435, 4
1347607.755897, 4
1347607.776364, 4
1347607.796828, 4
1347607.817288, 4
1347607.837749, 4
1347607.858361, 4
1347607.878823, 4
1347607.899284, 4
1347607.919744, 4
1347607.940206, 4
1347607.960667, 4
1347607.981128, 4
1347608.001589, 4
1347608.022054, 4
1347608.042538, 4
1347608.063003, 4
1347608.083467, 4
1347608.103929, 4
1347608.124393, 4
1347608.144860, 4
1347608.165321, 4
1347608.185782, 4
1347608.206253, 4
1347608.226714, 4
1347608.247175, 4
1347608.267637, 4
1347608.288099, 4
1347608.308577, 4
1347608.329158, 4
1347608.349618, 4
1347608.370078, 4
1347608.390538, 4
1347608.411003, 4
1347608.431465, 4
1347608.451935, 4
1347608.472443, 4
1347608.492941, 4
1347608.513439, 4
1347608.533933, 4
1347608.554431, 4
1347608.574930, 4
1347608.595425, 4
1347608.615939, 4
1347608.636436, 4
1347608.656932, 4
1347608.677605, 4
1347608.698070, 4
1347608.718533, 4
1347608.738999, 4
1347608.759461, 4
1347608.779922, 4
1347608.800385, 4
1347608.820854, 4
1347608.841318, 4
1347608.861781, 4
1347608.882242, 4
1347608.902703, 4
1347608.923163, 4
1347608.943625, 4
1347608.964088, 4
1347608.984550, 4
1347609.005010, 4
1347609.025472, 4
1347609.045935, 4
1347609.066395, 4
1347609.086856, 4
1347609.107316, 4
1347609.127776, 4
1347609.148365, 4
1347609.168825, 4
1347609.189285, 4
1347609.209745, 4
1347609.230204, 4
1347609.250667, 4
1347609.271126, 4
1347609.291586, 4
1347609.312008, 4
1347609.332475, 4
1347609.352940, 4
1347609.373399, 4
1347609.393859, 4
1347609.414319, 4
1347609.434779, 4
1347609.455242, 4
1347609.475703, 4
1347609.496208, 4
1347609.516678, 4
1347609.537141, 4
1347609.557605, 4
1347609.578066, 4
1347609.598531, 4
1347609.619144, 4
1347609.639605, 4
1347609.660078, 4
1347609.680538, 4
1347609.700998, 4
1347609.721458, 4
1347609.741918, 4
1347609.762380, 4
1347609.782841, 4
1347609.803301, 4
1347609.823765, 4
1347609.844226, 4
1347609.864689, 4
1347609.885152, 4
1347609.905621, 4
1347609.926082, 4
1347609.946542, 4
1347609.967003, 4
1347609.987465, 4
1347610.007925, 4
1347610.028387, 4
1347610.048847, 4
1347610.069318, 4
1347610.089908, 4
1347610.110369, 4
1347610.130828, 4
1347610.151289, 4
1347610.171749, 4
1347610.192212, 4
1347610.212672, 4
1347610.233132, 4
1347610.253592, 4
1347610.274051, 4
1347610.294514, 4
1347610.314974, 4
1347610.335434, 4
1347610.355893, 4
1347610.376360, 4
1347610.396823, 4
1347610.417283, 4
1347610.437744, 4
1347610.458205, 4
1347610.478665, 4
1347610.499120, 4
1347610.519613, 4
1347610.540110, 4
1347610.560703, 4
1347610.581170, 4
1347610.601637, 4
1347610.622099, 4
1347610.642560, 4
1347610.663021, 4
1347610.683481, 4
1347610.703946, 4
1347610.724411, 4
1347610.744896, 4
1347610.765361, 4
1347610.785824, 4
1347610.806288, 4
1347610.826749, 4
1347610.847211, 4
1347610.867672, 4
1347610.888133, 4
1347610.908607, 4
1347610.929068, 4
1347610.949529, 4
1347610.970217, 4
1347610.990677, 4
1347611.011139, 4
1347611.031600, 4
1347611.052067, 4
1347611.072527, 4
1347611.092987, 4
1347611.113449, 4
1347611.133910, 4
1347611.154371, 4
1347611.174831, 4
1347611.195290, 4
1347611.215749, 4
1347611.236213, 4
1347611.256674, 4
1347611.277134, 4
1347611.297594, 4
1347611.318057, 4
1347611.338520, 4
1347611.358980, 4
1347611.379441, 4
1347611.399902, 4
1347611.420365, 4
1347611.440984, 4
1347611.461444, 4
1347611.481904, 4
1347611.502364, 4
1347611.522831, 4
1347611.543340, 4
1347611.563808, 4
1347611.584276, 4
1347611.604744, 4
1347611.625204, 4
1347611.645667, 4
1347611.666127, 4
1347611.686587, 4
1347611.707047, 4
1347611.727510, 4
1347611.747973, 4
1347611.768435, 4
1347611.788898, 4
1347611.809360, 4
1347611.829820, 4
1347611.850524, 4
1347611.870984, 4
1347611.891445, 4
1347611.911905, 4
1347611.932370, 4
1347611.952834, 4
1347611.973294, 4
1347611.993754, 4
1347612.014220, 4
1347612.034704, 4
1347612.055176, 4
1347612.075641, 4
1347612.096104, 4
1347612.116565, 4
1347612.137026, 4
1347612.157492, 4
1347612.177954, 4
1347612.198416, 4
1347612.218877, 4
1347612.239336, 4
1347612.260080, 4
1347612.280542, 4
1347612.301003, 4
1347612.321463, 4
1347612.341923, 4
1347612.362386, 4
1347612.382848, 4
1347612.403310, 4
1347612.423771, 4
1347612.444232, 4
1347612.464695, 4
1347612.485157, 4
1347612.505618, 4
1347612.526077, 4
1347612.546544, 4
1347612.567067, 4
1347612.587541, 4
1347612.608004, 4
1347612.628470, 4
1347612.648930, 4
1347612.669645, 4
1347612.690107, 4
1347612.710566, 4
1347612.731026, 4
1347612.751485, 4
1347612.771944, 4
1347612.792403, 4
1347612.812862, 4
1347612.833322, 4
1347612.853787, 4
1347612.874245, 4
1347612.894704, 4
1347612.915166, 4
1347612.935627, 4
1347612.956088, 4
1347612.976567, 4
1347612.997030, 4
1347613.017498, 4
1347613.037993, 4
1347613.058465, 4
1347613.079218, 4
1347613.099679, 4
1347613.120140, 4
1347613.140599, 4
1347613.161059, 4
1347613.181518, 4
1347613.201979, 4
1347613.222440, 4
1347613.242899, 4
1347613.263365, 4
1347613.283864, 4
1347613.304336, 4
1347613.324800, 4
1347613.345260, 4
1347613.365727, 4
1347613.386224, 4
1347613.406695, 4
1347613.427159, 4
1347613.447620, 4
1347613.468082, 4
1347613.488809, 4
1347613.509268, 4
1347613.529728, 4
1347613.550188, 4
1347613.570653, 4
1347613.591154, 4
1347613.611627, 4
1347613.632092, 4
1347613.652552, 4
1347613.673011, 4
1347613.693470, 4
1347613.713929, 4
1347613.734387, 4
1347613.754846, 4
1347613.775307, 4
1347613.795765, 4
1347613.816225, 4
1347613.836685, 4
1347613.857149, 4
1347613.877609, 4
1347613.898346, 4
1347613.918806, 4
1347613.939265, 4
1347613.959726, 4
1347613.980189, 4
1347614.000651, 4
1347614.021110, 4
1347614.041569, 4
1347614.062028, 4
1347614.082487, 4
1347614.102947, 4
1347614.123405, 4
1347614.143863, 4
1347614.164323, 4
1347614.184782, 4
1347614.205244, 4
1347614.225703, 4
1347614.246163, 4
1347614.266624, 4
1347614.287083, 4
1347614.307543, 4
1347614.328008, 4
1347614.348468, 4
1347614.369087, 4
1347614.389547, 4
1347614.410006, 4
1347614.430467, 4
1347614.450927, 4
1347614.471389, 4
1347614.491851, 4
1347614.512311, 4
1347614.532770, 4
1347614.553228, 4
1347614.573688, 4
1347614.594152, 4
1347614.614675, 4
1347614.635155, 4
1347614.655632, 4
1347614.676108, 4
1347614.696573, 4
1347614.717059, 4
1347614.737523, 4
1347614.757982, 4
1347614.778589, 4
1347614.799046, 4
1347614.819502, 4
1347614.839959, 4
1347614.860415, 4
1347614.880871, 4
1347614.901326, 4
1347614.921784, 4
1347614.942257, 4
1347614.962740, 4
1347614.983227, 4
1347615.003694, 4
1347615.024168, 4
1347615.044632, 4
1347615.065095, 4
1347615.085550, 4
1347615.106006, 4
1347615.126464, 4
1347615.146921, 4
1347615.167382, 4
1347615.187851, 4
1347615.208336, 4
1347615.228820, 4
1347615.249387, 4
1347615.269853, 4
1347615.290315, 4
1347615.310778, 4
1347615.331240, 4
1347615.351702, 4
1347615.372166, 4
1347615.392628, 4
1347615.413092, 4
1347615.433558, 4
1347615.454052, 4
1347615.474537, 4
1347615.495012, 4
1347615.515477, 4
1347615.535941, 4
1347615.556406, 4
1347615.576869, 4
1347615.597377, 4
1347615.617852, 4
1347615.638373, 4
1347615.658986, 4
1347615.679461, 4
1347615.699930, 4
1347615.720394, 4
1347615.740866, 4
1347615.761328, 4
1347615.781791, 4
1347615.802258, 4
1347615.822720, 4
1347615.843183, 4
1347615.863644, 4
1347615.884105, 4
1347615.904568, 4
1347615.925028, 4
1347615.945490, 4
1347615.965952, 4
1347615.986412, 4
1347616.006881, 4
1347616.027376, 4
1347616.047846, 4
1347616.068533, 4
1347616.088994, 4
1347616.109455, 4
1347616.129916, 4
1347616.150376, 4
1347616.170837, 4
1347616.191298, 4
1347616.211760, 4
1347616.232221, 4
1347616.252681, 4
1347616.273141, 4
1347616.293602, 4
1347616.314062, 4
1347616.334521, 4
1347616.354981, 4
1347616.375441, 4
1347616.395903, 4
1347616.416376, 4
1347616.436898, 4
1347616.457390, 4
1347616.478125, 4
1347616.498619, 4
1347616.519086, 4
1347616.539556, 4
1347616.560007, 4
1347616.580467, 4
1347616.600929, 4
1347616.621389, 4
1347616.641861, 4
1347616.662364, 4
1347616.682854, 4
1347616.703328, 4
1347616.723794, 4
1347616.744266, 4
1347616.764730, 4
1347616.785194, 4
1347616.805657, 4
1347616.826121, 4
1347616.846583, 4
1347616.867044, 4
1347616.887684, 4
1347616.908147, 4
1347616.928609, 4
1347616.949074, 4
1347616.969536, 4
1347616.989999, 4
1347617.010465, 4
1347617.031837, 4
1347617.052481, 4
1347617.072946, 4
1347617.093408, 4
1347617.113869, 4
1347617.134331, 4
1347617.154793, 4
1347617.175257, 4
1347617.195722, 4
1347617.216187, 4
1347617.236651, 4
1347617.257114, 4
1347617.277578, 4
1347617.298042, 4
1347617.318505, 4
1347617.338968, 4
1347617.359430, 4
1347617.379892, 4
1347617.400358, 4
1347617.420820, 4
1347617.441284, 4
1347617.462025, 4
1347617.482489, 4
1347617.502951, 4
1347617.523413, 4
1347617.543874, 4
1347617.564343, 4
1347617.584804, 4
1347617.605266, 4
1347617.625748, 4
1347617.646214, 4
1347617.666679, 4
1347617.687177, 4
1347617.707667, 4
1347617.728142, 4
1347617.748618, 4
1347617.769081, 4
1347617.789544, 4
1347617.810006, 4
1347617.830470, 4
1347617.850931, 4
1347617.871587, 4
1347617.892006, 4
1347617.912466, 4
1347617.932927, 4
1347617.953390, 4
1347617.973853, 4
1347617.994317, 4
1347618.014786, 4
1347618.035282, 4
1347618.055772, 4
1347618.076250, 4
1347618.096719, 4
1347618.117187, 4
1347618.137649, 4
1347618.158112, 4
1347618.178574, 4
1347618.199035, 4
1347618.219497, 4
1347618.239958, 4
1347618.260422, 4
1347618.281141, 4
1347618.301603, 4
1347618.322066, 4
1347618.342530, 4
1347618.362991, 4
1347618.383455, 4
1347618.403944, 4
1347618.424418, 4
1347618.444887, 4
1347618.465351, 4
1347618.485815, 4
1347618.506279, 4
1347618.526741, 4
1347618.547203, 4
1347618.567665, 4
1347618.588130, 4
1347618.608593, 4
1347618.629061, 4
1347618.649523, 4
1347618.669986, 4
1347618.690705, 4
1347618.711186, 4
1347618.731651, 4
1347618.752118, 4
1347618.772580, 4
1347618.793044, 4
1347618.813508, 4
1347618.833972, 4
1347618.854435, 4
1347618.874896, 4
1347618.895357, 4
1347618.915818, 4
1347618.936283, 4
1347618.956745, 4
1347618.977210, 4
1347618.997672, 4
1347619.018137, 4
1347619.038629, 4
1347619.059099, 4
1347619.079562, 4
1347619.100297, 4
1347619.120760, 4
1347619.141220, 4
1347619.161682, 4
1347619.182143, 4
1347619.202603, 4
1347619.223063, 4
1347619.243524, 4
1347619.263985, 4
1347619.284449, 4
1347619.304912, 4
1347619.325376, 4
1347619.345840, 4
1347619.366302, 4
1347619.386762, 4
1347619.407223, 4
1347619.427684, 4
1347619.448150, 4
1347619.468611, 4
1347619.489074, 4
1347619.509539, 4
1347619.529999, 4
1347619.550460, 4
1347619.571205, 4
1347619.591674, 4
1347619.612145, 4
1347619.632606, 4
1347619.653069, 4
1347619.673532, 4
1347619.694019, 4
1347619.714487, 4
1347619.734979, 4
1347619.755449, 4
1347619.775916, 4
1347619.796382, 4
1347619.816844, 4
1347619.837308, 4
1347619.857775, 4
1347619.878238, 4
1347619.898699, 4
1347619.919161, 4
1347619.939622, 4
1347619.960085, 4
1347619.980842, 4
1347620.001305, 4
1347620.021767, 4
1347620.042233, 4
1347620.062721, 4
1347620.083194, 4
1347620.103661, 4
1347620.124128, 4
1347620.144592, 4
1347620.165055, 4
1347620.185516, 4
1347620.205981, 4
1347620.226443, 4
1347620.246905, 4
1347620.267369, 4
1347620.287832, 4
1347620.308297, 4
1347620.328761, 4
1347620.349223, 4
1347620.369690, 4
1347620.390463, 4
1347620.410939, 4
1347620.431403, 4
1347620.451869, 4
1347620.472333, 4
1347620.492797, 4
1347620.513260, 4
1347620.533723, 4
1347620.554184, 4
1347620.574646, 4
1347620.595109, 4
1347620.615573, 4
1347620.636006, 4
1347620.656475, 4
1347620.676957, 4
1347620.697425, 4
1347620.717889, 4
1347620.738357, 4
1347620.758830, 4
1347620.779294, 4
1347620.800005, 4
1347620.820472, 4
1347620.840937, 4
1347620.861400, 4
1347620.881865, 4
1347620.902346, 4
1347620.922829, 4
1347620.943303, 4
1347620.963781, 4
1347620.984262, 4
1347621.004744, 4
1347621.025271, 4
1347621.045766, 4
1347621.066239, 4
1347621.086716, 4
1347621.107198, 4
1347621.127663, 4
1347621.148409, 4
1347621.168871, 4
1347621.189332, 4
1347621.209798, 4
1347621.230259, 4
1347621.250719, 4
1347621.271179, 4
1347621.291640, 4
1347621.312105, 4
1347621.332569, 4
1347621.353065, 4
1347621.373534, 4
1347621.393997, 4
1347621.414461, 4
1347621.434925, 4
1347621.455386, 4
1347621.475847, 4
1347621.496317, 4
1347621.516783, 4
1347621.537244, 4
1347621.557705, 4
1347621.578169, 4
1347621.598648, 4
1347621.619223, 4
1347621.639690, 4
1347621.660157, 4
1347621.680656, 4
1347621.701122, 4
1347621.721584, 4
1347621.742047, 4
1347621.762508, 4
1347621.782970, 4
1347621.803432, 4
1347621.823897, 4
1347621.844396, 4
1347621.864870, 4
1347621.885334, 4
1347621.905797, 4
1347621.926260, 4
1347621.946744, 4
1347621.967212, 4
1347621.987677, 4
1347622.008141, 4
1347622.031642, 4
1347622.052315, 4
1347622.072780, 4
1347622.093270, 4
1347622.113739, 4
1347622.134205, 4
1347622.154692, 4
1347622.175162, 4
1347622.195625, 4
1347622.216086, 4
1347622.236548, 4
1347622.257010, 4
1347622.277470, 4
1347622.297947, 4
1347622.318414, 4
1347622.338908, 4
1347622.359373, 4
1347622.379834, 4
1347622.400303, 4
1347622.420798, 4
1347622.441267, 4
1347622.461861, 4
1347622.482322, 4
1347622.502782, 4
1347622.523242, 4
1347622.543701, 4
1347622.564165, 4
1347622.584657, 4
1347622.605130, 4
1347622.625595, 4
1347622.646056, 4
1347622.666520, 4
1347622.687001, 4
1347622.707467, 4
1347622.727928, 4
1347622.748391, 4
1347622.768851, 4
1347622.789313, 4
1347622.809778, 4
1347622.830262, 4
1347622.850729, 4
1347622.871405, 4
1347622.891866, 4
1347622.912331, 4
1347622.932816, 4
1347622.953301, 4
1347622.973770, 4
1347622.994233, 4
1347623.014698, 4
1347623.035189, 4
1347623.055679, 4
1347623.076191, 4
1347623.096663, 4
1347623.117126, 4
1347623.137588, 4
1347623.158051, 4
1347623.178511, 4
1347623.198974, 4
1347623.219436, 4
1347623.239897, 4
1347623.260360, 4
1347623.280975, 4
1347623.301442, 4
1347623.321929, 4
1347623.342394, 4
1347623.362856, 4
1347623.383318, 4
1347623.403783, 4
1347623.424245, 4
1347623.444706, 4
1347623.465166, 4
1347623.485626, 4
1347623.506088, 4
1347623.526549, 4
1347623.547014, 4
1347623.567513, 4
1347623.587982, 4
1347623.608449, 4
1347623.628913, 4
1347623.649375, 4
1347623.669841, 4
1347623.690574, 4
1347623.711043, 4
1347623.731505, 4
1347623.751967, 4
1347623.772428, 4
1347623.792892, 4
1347623.813355, 4
1347623.833820, 4
1347623.854280, 4
1347623.874741, 4
1347623.895201, 4
1347623.915661, 4
1347623.936127, 4
1347623.956588, 4
1347623.977050, 4
1347623.997511, 4
1347624.017975, 4
1347624.038461, 4
1347624.058927, 4
1347624.079391, 4
1347624.100130, 4
1347624.120593, 4
1347624.141057, 4
1347624.161518, 4
1347624.181977, 4
1347624.202437, 4
1347624.222897, 4
1347624.243361, 4
1347624.263821, 4
1347624.284282, 4
1347624.304741, 4
1347624.325206, 4
1347624.345692, 4
1347624.366157, 4
1347624.386630, 4
1347624.407092, 4
1347624.427553, 4
1347624.448006, 4
1347624.468467, 4
1347624.488929, 4
1347624.509391, 4
1347624.529851, 4
1347624.550314, 4
1347624.570922, 4
1347624.591382, 4
1347624.611843, 4
1347624.632305, 4
1347624.652768, 4
1347624.673231, 4
1347624.693728, 4
1347624.714201, 4
1347624.734666, 4
1347624.755130, 4
1347624.775592, 4
1347624.796007, 4
1347624.816467, 4
1347624.836932, 4
1347624.857491, 4
1347624.877977, 4
1347624.898445, 4
1347624.918887, 4
1347624.939391, 4
1347624.959874, 4
1347624.980561, 4
1347625.001037, 4
1347625.021510, 4
1347625.042001, 4
1347625.062472, 4
1347625.082938, 4
1347625.103401, 4
1347625.123867, 4
1347625.144332, 4
1347625.164795, 4
1347625.185258, 4
1347625.205722, 4
1347625.226191, 4
1347625.246662, 4
1347625.267135, 4
1347625.287617, 4
1347625.308087, 4
1347625.328555, 4
1347625.349017, 4
1347625.369478, 4
1347625.390092, 4
1347625.410554, 4
1347625.431017, 4
1347625.451481, 4
1347625.471946, 4
1347625.492415, 4
1347625.512890, 4
1347625.533372, 4
1347625.553837, 4
1347625.574301, 4
1347625.594764, 4
1347625.615225, 4
1347625.635690, 4
1347625.656155, 4
1347625.676620, 4
1347625.697085, 4
1347625.717547, 4
1347625.738016, 4
1347625.758518, 4
1347625.779001, 4
1347625.799704, 4
1347625.820176, 4
1347625.840641, 4
1347625.861109, 4
1347625.881602, 4
1347625.902081, 4
1347625.922552, 4
1347625.943042, 4
1347625.963513, 4
1347625.983983, 4
1347626.004456, 4
1347626.024942, 4
1347626.045411, 4
1347626.065899, 4
1347626.086379, 4
1347626.106845, 4
1347626.127320, 4
1347626.148119, 4
1347626.168587, 4
1347626.189052, 4
1347626.209517, 4
1347626.229983, 4
1347626.250482, 4
1347626.270979, 4
1347626.291449, 4
1347626.311911, 4
1347626.332375, 4
1347626.352837, 4
1347626.373302, 4
1347626.393790, 4
1347626.414263, 4
1347626.434737, 4
1347626.455204, 4
1347626.475675, 4
1347626.496165, 4
1347626.516639, 4
1347626.537109, 4
1347626.557674, 4
1347626.578135, 4
1347626.598596, 4
1347626.619057, 4
1347626.639523, 4
1347626.659984, 4
1347626.680448, 4
1347626.700910, 4
1347626.721378, 4
1347626.741852, 4
1347626.762323, 4
1347626.782791, 4
1347626.803257, 4
1347626.823721, 4
1347626.844190, 4
1347626.864653, 4
1347626.885120, 4
1347626.905618, 4
1347626.926088, 4
1347626.946584, 4
1347626.967273, 4
1347626.987762, 4
1347627.008256, 4
1347627.028740, 4
1347627.049215, 4
1347627.069680, 4
1347627.090143, 4
1347627.110605, 4
1347627.131069, 4
1347627.151533, 4
1347627.171997, 4
1347627.192466, 4
1347627.212933, 4
1347627.233410, 4
1347627.253906, 4
1347627.274375, 4
1347627.294836, 4
1347627.315591, 4
1347627.336006, 4
1347627.356467, 4
1347627.376930, 4
1347627.397392, 4
1347627.417854, 4
1347627.438318, 4
1347627.458785, 4
1347627.479272, 4
1347627.499749, 4
1347627.520218, 4
1347627.540687, 4
1347627.561149, 4
1347627.581610, 4
1347627.602074, 4
1347627.622543, 4
1347627.643004, 4
1347627.663468, 4
1347627.683931, 4
1347627.704403, 4
1347627.725209, 4
1347627.745679, 4
1347627.766145, 4
1347627.786607, 4
1347627.807067, 4
1347627.827528, 4
1347627.847987, 4
1347627.868447, 4
1347627.888909, 4
1347627.909370, 4
1347627.929835, 4
1347627.950295, 4
1347627.970755, 4
1347627.991214, 4
1347628.011675, 4
1347628.032139, 4
1347628.052617, 4
1347628.073082, 4
1347628.093549, 4
1347628.114009, 4
1347628.134694, 4
1347628.155153, 4
1347628.175612, 4
1347628.196076, 4
1347628.216534, 4
1347628.236993, 4
1347628.257454, 4
1347628.277913, 4
1347628.298372, 4
1347628.318837, 4
1347628.339296, 4
1347628.359756, 4
1347628.380217, 4
1347628.400675, 4
1347628.421136, 4
1347628.441595, 4
1347628.462053, 4
1347628.482515, 4
1347628.502979, 4
1347628.523437, 4
1347628.543898, 4
1347628.564362, 4
1347628.584821, 4
1347628.605456, 4
1347628.625917, 4
1347628.646379, 4
1347628.666838, 4
1347628.687296, 4
1347628.707754, 4
1347628.728213, 4
1347628.748672, 4
1347628.769130, 4
1347628.789589, 4
1347628.810047, 4
1347628.830505, 4
1347628.850964, 4
1347628.871422, 4
1347628.891881, 4
1347628.912345, 4
1347628.932805, 4
1347628.953310, 4
1347628.973801, 4
1347628.994280, 4
1347629.015038, 4
1347629.035499, 4
1347629.055958, 4
1347629.076418, 4
1347629.096876, 4
1347629.117338, 4
1347629.137797, 4
1347629.158256, 4
1347629.178715, 4
1347629.199175, 4
1347629.219634, 4
1347629.240093, 4
1347629.260555, 4
1347629.281014, 4
1347629.301474, 4
1347629.321935, 4
1347629.342395, 4
1347629.362857, 4
1347629.383317, 4
1347629.403775, 4
1347629.424236, 4
1347629.444695, 4
1347629.465153, 4
1347629.485788, 4
1347629.506247, 4
1347629.526705, 4
1347629.547163, 4
1347629.567622, 4
1347629.588082, 4
1347629.608541, 4
1347629.629002, 4
1347629.649465, 4
1347629.669930, 4
1347629.690426, 4
1347629.710924, 4
1347629.731421, 4
1347629.751918, 4
1347629.772448, 4
1347629.792936, 4
1347629.813419, 4
1347629.833915, 4
1347629.854394, 4
1347629.874857, 4
1347629.895378, 4
1347629.915837, 4
1347629.936296, 4
1347629.956758, 4
1347629.977253, 4
1347629.997721, 4
1347630.018183, 4
1347630.038643, 4
1347630.059107, 4
1347630.079592, 4
1347630.100064, 4
1347630.120528, 4
1347630.140989, 4
1347630.161452, 4
1347630.181913, 4
1347630.202373, 4
1347630.222834, 4
1347630.243295, 4
1347630.263755, 4
1347630.284216, 4
1347630.304941, 4
1347630.325404, 4
1347630.345862, 4
1347630.366323, 4
1347630.386783, 4
1347630.407243, 4
1347630.427703, 4
1347630.448163, 4
1347630.468622, 4
1347630.489081, 4
1347630.509540, 4
1347630.529999, 4
1347630.550458, 4
1347630.570917, 4
1347630.591375, 4
1347630.611834, 4
1347630.632298, 4
1347630.652758, 4
1347630.673218, 4
1347630.693677, 4
1347630.714136, 4
1347630.734595, 4
1347630.755054, 4
1347630.775718, 4
1347630.796185, 4
1347630.816644, 4
1347630.837102, 4
1347630.857564, 4
1347630.878023, 4
1347630.898483, 4
1347630.918943, 4
1347630.939402, 4
1347630.959862, 4
1347630.980323, 4
1347631.000783, 4
1347631.021243, 4
1347631.041701, 4
1347631.062161, 4
1347631.082619, 4
1347631.103079, 4
1347631.123546, 4
1347631.144006, 4
1347631.164464, 4
1347631.184924, 4
1347631.205382, 4
1347631.225843, 4
1347631.246530, 4
1347631.266990, 4
1347631.287449, 4
1347631.307908, 4
1347631.328367, 4
1347631.348826, 4
1347631.369284, 4
1347631.389743, 4
1347631.410203, 4
1347631.430661, 4
1347631.451119, 4
1347631.471578, 4
1347631.492006, 4
1347631.512464, 4
1347631.532926, 4
1347631.553384, 4
1347631.573844, 4
1347631.594306, 4
1347631.614782, 4
1347631.635246, 4
1347631.655707, 4
1347631.676171, 4
1347631.696675, 4
1347631.717368, 4
1347631.737834, 4
1347631.758296, 4
1347631.778757, 4
1347631.799220, 4
1347631.819682, 4
1347631.840146, 4
1347631.860610, 4
1347631.881077, 4
1347631.901564, 4
1347631.922031, 4
1347631.942524, 4
1347631.962989, 4
1347631.983451, 4
1347632.003914, 4
1347632.024379, 4
1347632.044846, 4
1347632.065350, 4
1347632.085819, 4
1347632.106285, 4
1347632.126952, 4
1347632.147450, 4
1347632.167940, 4
1347632.188408, 4
1347632.208874, 4
1347632.229336, 4
1347632.249796, 4
1347632.270257, 4
1347632.290718, 4
1347632.311181, 4
1347632.331644, 4
1347632.352109, 4
1347632.372578, 4
1347632.393068, 4
1347632.413550, 4
1347632.434046, 4
1347632.454516, 4
1347632.474984, 4
1347632.495450, 4
1347632.515914, 4
1347632.536569, 4
1347632.557031, 4
1347632.577493, 4
1347632.597957, 4
1347632.618422, 4
1347632.638899, 4
1347632.659370, 4
1347632.679836, 4
1347632.700298, 4
1347632.720760, 4
1347632.741223, 4
1347632.761687, 4
1347632.782150, 4
1347632.802612, 4
1347632.823079, 4
1347632.843542, 4
1347632.864008, 4
1347632.884501, 4
1347632.904968, 4
1347632.925436, 4
1347632.946214, 4
1347632.966683, 4
1347632.987148, 4
1347633.007616, 4
1347633.028104, 4
1347633.048595, 4
1347633.069061, 4
1347633.089526, 4
1347633.109993, 4
1347633.130489, 4
1347633.150961, 4
1347633.171431, 4
1347633.191895, 4
1347633.212360, 4
1347633.232824, 4
1347633.253286, 4
1347633.273748, 4
1347633.294213, 4
1347633.314676, 4
1347633.335139, 4
1347633.355767, 4
1347633.376262, 4
1347633.396728, 4
1347633.417191, 4
1347633.437657, 4
1347633.458118, 4
1347633.478582, 4
1347633.499046, 4
1347633.519509, 4
1347633.539970, 4
1347633.560434, 4
1347633.580897, 4
1347633.601360, 4
1347633.621842, 4
1347633.642319, 4
1347633.662786, 4
1347633.683249, 4
1347633.703718, 4
1347633.724187, 4
1347633.744647, 4
1347633.765343, 4
1347633.785806, 4
1347633.806268, 4
1347633.826731, 4
1347633.847196, 4
1347633.867686, 4
1347633.888154, 4
1347633.908621, 4
1347633.929098, 4
1347633.949579, 4
1347633.970045, 4
1347633.990507, 4
1347634.010971, 4
1347634.031434, 4
1347634.051903, 4
1347634.072418, 4
1347634.092890, 4
1347634.113355, 4
1347634.133819, 4
1347634.154278, 4
1347634.174918, 4
1347634.195376, 4
1347634.215835, 4
1347634.236295, 4
1347634.256757, 4
1347634.277216, 4
1347634.297675, 4
1347634.318132, 4
1347634.338591, 4
1347634.359050, 4
1347634.379507, 4
1347634.399967, 4
1347634.420427, 4
1347634.440888, 4
1347634.461348, 4
1347634.481807, 4
1347634.502265, 4
1347634.522729, 4
1347634.543188, 4
1347634.563645, 4
1347634.584106, 4
1347634.604564, 4
1347634.625023, 4
1347634.645698, 4
1347634.666158, 4
1347634.686618, 4
1347634.707076, 4
1347634.727534, 4
1347634.747993, 4
1347634.768458, 4
1347634.788916, 4
1347634.809378, 4
1347634.829836, 4
1347634.850294, 4
1347634.870754, 4
1347634.891212, 4
1347634.911671, 4
1347634.932130, 4
1347634.952594, 4
1347634.973054, 4
1347634.993515, 4
1347635.013975, 4
1347635.034433, 4
1347635.054893, 4
1347635.075352, 4
1347635.095826, 4
1347635.116513, 4
1347635.136981, 4
1347635.157447, 4
1347635.177911, 4
1347635.198375, 4
1347635.218838, 4
1347635.239303, 4
1347635.259765, 4
1347635.280230, 4
1347635.300692, 4
1347635.321156, 4
1347635.341636, 4
1347635.362105, 4
1347635.382570, 4
1347635.403035, 4
1347635.423501, 4
1347635.443962, 4
1347635.464428, 4
1347635.484891, 4
1347635.505354, 4
1347635.526060, 4
1347635.546523, 4
1347635.566986, 4
1347635.587466, 4
1347635.607938, 4
1347635.628413, 4
1347635.648876, 4
1347635.669338, 4
1347635.689802, 4
1347635.710266, 4
1347635.730728, 4
1347635.751192, 4
1347635.771655, 4
1347635.792118, 4
1347635.812591, 4
1347635.833069, 4
1347635.853540, 4
1347635.874011, 4
1347635.894473, 4
1347635.914939, 4
1347635.935643, 4
1347635.956136, 4
1347635.976629, 4
1347635.997126, 4
1347636.017625, 4
1347636.038124, 4
1347636.058622, 4
1347636.079118, 4
1347636.099616, 4
1347636.120114, 4
1347636.140612, 4
1347636.161111, 4
1347636.181595, 4
1347636.202064, 4
1347636.222819, 4
1347636.243279, 4
1347636.263738, 4
1347636.284212, 4
1347636.304673, 4
1347636.325132, 4
1347636.345590, 4
1347636.366049, 4
1347636.386507, 4
1347636.406968, 4
1347636.427427, 4
1347636.447885, 4
1347636.468349, 4
1347636.488810, 4
1347636.509269, 4
1347636.529727, 4
1347636.550187, 4
1347636.570649, 4
1347636.591108, 4
1347636.611567, 4
1347636.632004, 4
1347636.652462, 4
1347636.672922, 4
1347636.693602, 4
1347636.714060, 4
1347636.734518, 4
1347636.754978, 4
1347636.775436, 4
1347636.795895, 4
1347636.816355, 4
1347636.836817, 4
1347636.857275, 4
1347636.877733, 4
1347636.898191, 4
1347636.918648, 4
1347636.939106, 4
1347636.959565, 4
1347636.980004, 4
1347637.000467, 4
1347637.020931, 4
1347637.041415, 4
1347637.061874, 4
1347637.082335, 4
1347637.102795, 4
1347637.123254, 4
1347637.143717, 4
1347637.164380, 4
1347637.184839, 4
1347637.205300, 4
1347637.225762, 4
1347637.246225, 4
1347637.266685, 4
1347637.287145, 4
1347637.307603, 4
1347637.328068, 4
1347637.348529, 4
1347637.368989, 4
1347637.389452, 4
1347637.409910, 4
1347637.430369, 4
1347637.450833, 4
1347637.471291, 4
1347637.491751, 4
1347637.512220, 4
1347637.532680, 4
1347637.553140, 4
1347637.573599, 4
1347637.594059, 4
1347637.614518, 4
1347637.635107, 4
1347637.655566, 4
1347637.676005, 4
1347637.696463, 4
1347637.716921, 4
1347637.737380, 4
1347637.757840, 4
1347637.778300, 4
1347637.798758, 4
1347637.819216, 4
1347637.839674, 4
1347637.860133, 4
1347637.880594, 4
1347637.901052, 4
1347637.921511, 4
1347637.941969, 4
1347637.962429, 4
1347637.982892, 4
1347638.003351, 4
1347638.023815, 4
1347638.044298, 4
1347638.064770, 4
1347638.085232, 4
1347638.105853, 4
1347638.126313, 4
1347638.146774, 4
1347638.167235, 4
1347638.187733, 4
1347638.208204, 4
1347638.228674, 4
1347638.249142, 4
1347638.269602, 4
1347638.290061, 4
1347638.310524, 4
1347638.330985, 4
1347638.351444, 4
1347638.371902, 4
1347638.392368, 4
1347638.412829, 4
1347638.433288, 4
1347638.453750, 4
1347638.474210, 4
1347638.494669, 4
1347638.515405, 4
1347638.535864, 4
1347638.556324, 4
1347638.576783, 4
1347638.597242, 4
1347638.617704, 4
1347638.638163, 4
1347638.658621, 4
1347638.679081, 4
1347638.699541, 4
1347638.720000, 4
1347638.740464, 4
1347638.760924, 4
1347638.781382, 4
1347638.801843, 4
1347638.822303, 4
1347638.842761, 4
1347638.863223, 4
1347638.883684, 4
1347638.904142, 4
1347638.924604, 4
1347638.945064, 4
1347638.965522, 4
1347638.986191, 4
1347639.006650, 4
1347639.027108, 4
1347639.047567, 4
1347639.068004, 4
1347639.088466, 4
1347639.108925, 4
1347639.129383, 4
1347639.149841, 4
1347639.170299, 4
1347639.190789, 4
1347639.211255, 4
1347639.231726, 4
1347639.252212, 4
1347639.272705, 4
1347639.293173, 4
1347639.313638, 4
1347639.334109, 4
1347639.354571, 4
1347639.375032, 4
1347639.395797, 4
1347639.416267, 4
1347639.436729, 4
1347639.457193, 4
1347639.477660, 4
1347639.498144, 4
1347639.518630, 4
1347639.539097, 4
1347639.559560, 4
1347639.580005, 4
1347639.600466, 4
1347639.620927, 4
1347639.641391, 4
1347639.661855, 4
1347639.682321, 4
1347639.702784, 4
1347639.723250, 4
1347639.743725, 4
1347639.764208, 4
1347639.784677, 4
1347639.805373, 4
1347639.825834, 4
1347639.846296, 4
1347639.866756, 4
1347639.887218, 4
1347639.907679, 4
1347639.928145, 4
1347639.948637, 4
1347639.969113, 4
1347639.989613, 4
1347640.010104, 4
1347640.030569, 4
1347640.051035, 4
1347640.071530, 4
1347640.092052, 4
1347640.112538, 4
1347640.133008, 4
1347640.153720, 4
1347640.174186, 4
1347640.194607, 4
1347640.215096, 4
1347640.235589, 4
1347640.256066, 4
1347640.276533, 4
1347640.296998, 4
1347640.317465, 4
1347640.337930, 4
1347640.358392, 4
1347640.378857, 4
1347640.399341, 4
1347640.419807, 4
1347640.440281, 4
1347640.460748, 4
1347640.481237, 4
1347640.501725, 4
1347640.522193, 4
1347640.542656, 4
1347640.563225, 4
1347640.583687, 4
1347640.604150, 4
1347640.624614, 4
1347640.645077, 4
1347640.665539, 4
1347640.686003, 4
1347640.706469, 4
1347640.726954, 4
1347640.747447, 4
1347640.767916, 4
1347640.788381, 4
1347640.808843, 4
1347640.829304, 4
1347640.849770, 4
1347640.870234, 4
1347640.890695, 4
1347640.911172, 4
1347640.931659, 4
1347640.952135, 4
1347640.972794, 4
1347640.993281, 4
1347641.013754, 4
1347641.034238, 4
1347641.054711, 4
1347641.075174, 4
1347641.095636, 4
1347641.116102, 4
1347641.136565, 4
1347641.157029, 4
1347641.177491, 4
1347641.197960, 4
1347641.218446, 4
1347641.238944, 4
1347641.259413, 4
1347641.279877, 4
1347641.300348, 4
1347641.320814, 4
1347641.341279, 4
1347641.361741, 4
1347641.382339, 4
1347641.402801, 4
1347641.423264, 4
1347641.443732, 4
1347641.464227, 4
1347641.484718, 4
1347641.505186, 4
1347641.525649, 4
1347641.546115, 4
1347641.566579, 4
1347641.587040, 4
1347641.607503, 4
1347641.627966, 4
1347641.648433, 4
1347641.668945, 4
1347641.689426, 4
1347641.709892, 4
1347641.730358, 4
1347641.750824, 4
1347641.771317, 4
1347641.791879, 4
1347641.812355, 4
1347641.832817, 4
1347641.853281, 4
1347641.873741, 4
1347641.894200, 4
1347641.914662, 4
1347641.935125, 4
1347641.955583, 4
1347641.976005, 4
1347641.996465, 4
1347642.016924, 4
1347642.037383, 4
1347642.057842, 4
1347642.078303, 4
1347642.098762, 4
1347642.119221, 4
1347642.139681, 4
1347642.160141, 4
1347642.180600, 4
1347642.201060, 4
1347642.221519, 4
1347642.241959, 4
1347642.262660, 4
1347642.283127, 4
1347642.303593, 4
1347642.324064, 4
1347642.344526, 4
1347642.364989, 4
1347642.385453, 4
1347642.405939, 4
1347642.426438, 4
1347642.446917, 4
1347642.467414, 4
1347642.487895, 4
1347642.508361, 4
1347642.528825, 4
1347642.549293, 4
1347642.569757, 4
1347642.590220, 4
1347642.610974, 4
1347642.631438, 4
1347642.651900, 4
1347642.672372, 4
1347642.692867, 4
1347642.713358, 4
1347642.733824, 4
1347642.754285, 4
1347642.774748, 4
1347642.795209, 4
1347642.815670, 4
1347642.836134, 4
1347642.856597, 4
1347642.877061, 4
1347642.897526, 4
1347642.917992, 4
1347642.938480, 4
1347642.958948, 4
1347642.979413, 4
1347642.999876, 4
1347643.020538, 4
1347643.041043, 4
1347643.061536, 4
1347643.082007, 4
1347643.102474, 4
1347643.122937, 4
1347643.143400, 4
1347643.163868, 4
1347643.184364, 4
1347643.204859, 4
1347643.225328, 4
1347643.245797, 4
1347643.266266, 4
1347643.286739, 4
1347643.307205, 4
1347643.327672, 4
1347643.348137, 4
1347643.368878, 4
1347643.389341, 4
1347643.409807, 4
1347643.430286, 4
1347643.450773, 4
1347643.471241, 4
1347643.491705, 4
1347643.512168, 4
1347643.532630, 4
1347643.553092, 4
1347643.573555, 4
1347643.594020, 4
1347643.614483, 4
1347643.634953, 4
1347643.655426, 4
1347643.675912, 4
1347643.696397, 4
1347643.716866, 4
1347643.737331, 4
1347643.757793, 4
1347643.778259, 4
1347643.798722, 4
1347643.819184, 4
1347643.839771, 4
1347643.860235, 4
1347643.880698, 4
1347643.901163, 4
1347643.921641, 4
1347643.942125, 4
1347643.962592, 4
1347643.983057, 4
1347644.003520, 4
1347644.023981, 4
1347644.044443, 4
1347644.064909, 4
1347644.085395, 4
1347644.105862, 4
1347644.126334, 4
1347644.146804, 4
1347644.167303, 4
1347644.187773, 4
1347644.208239, 4
1347644.228702, 4
1347644.249311, 4
1347644.269772, 4
1347644.290234, 4
1347644.310731, 4
1347644.331208, 4
1347644.351673, 4
1347644.372138, 4
1347644.392599, 4
1347644.413059, 4
1347644.433520, 4
1347644.453980, 4
1347644.474439, 4
1347644.494898, 4
1347644.515357, 4
1347644.535819, 4
1347644.556279, 4
1347644.576739, 4
1347644.597199, 4
1347644.617658, 4
1347644.638120, 4
1347644.658877, 4
1347644.679338, 4
1347644.699798, 4
1347644.720265, 4
1347644.740725, 4
1347644.761184, 4
1347644.781643, 4
1347644.802101, 4
1347644.822565, 4
1347644.843056, 4
1347644.863523, 4
1347644.883987, 4
1347644.904450, 4
1347644.924910, 4
1347644.945371, 4
1347644.965831, 4
1347644.986289, 4
1347645.006755, 4
1347645.027214, 4
1347645.047673, 4
1347645.068134, 4
1347645.088596, 4
1347645.109055, 4
1347645.129658, 4
1347645.150158, 4
1347645.170654, 4
1347645.191155, 4
1347645.211657, 4
1347645.232156, 4
1347645.252652, 4
1347645.273148, 4
1347645.293646, 4
1347645.314133, 4
1347645.334672, 4
1347645.355148, 4
1347645.375616, 4
1347645.396114, 4
1347645.416840, 4
1347645.437306, 4
1347645.457770, 4
1347645.478234, 4
1347645.498696, 4
1347645.519159, 4
1347645.539620, 4
1347645.560086, 4
1347645.580548, 4
1347645.601027, 4
1347645.621496, 4
1347645.641998, 4
1347645.662473, 4
1347645.682938, 4
1347645.703408, 4
1347645.723873, 4
1347645.744336, 4
1347645.764799, 4
1347645.785261, 4
1347645.805724, 4
1347645.826393, 4
1347645.846855, 4
1347645.867322, 4
1347645.887818, 4
1347645.908290, 4
1347645.928756, 4
1347645.949253, 4
1347645.969726, 4
1347645.990194, 4
1347646.010658, 4
1347646.031119, 4
1347646.051588, 4
1347646.072084, 4
1347646.092555, 4
1347646.113024, 4
1347646.133500, 4
1347646.153976, 4
1347646.174750, 4
1347646.195216, 4
1347646.215679, 4
1347646.236142, 4
1347646.256606, 4
1347646.277071, 4
1347646.297534, 4
1347646.317998, 4
1347646.338465, 4
1347646.358955, 4
1347646.379448, 4
1347646.399938, 4
1347646.420412, 4
1347646.440882, 4
1347646.461350, 4
1347646.481815, 4
1347646.502278, 4
1347646.522741, 4
1347646.543204, 4
1347646.563667, 4
1347646.584321, 4
1347646.604785, 4
1347646.625281, 4
1347646.645757, 4
1347646.666225, 4
1347646.686689, 4
1347646.707150, 4
1347646.727611, 4
1347646.748076, 4
1347646.768539, 4
1347646.789002, 4
1347646.809465, 4
1347646.829928, 4
1347646.850393, 4
1347646.870891, 4
1347646.891363, 4
1347646.911833, 4
1347646.932319, 4
1347646.952807, 4
1347646.973273, 4
1347646.993917, 4
1347647.014383, 4
1347647.034862, 4
1347647.055336, 4
1347647.075802, 4
1347647.096274, 4
1347647.116765, 4
1347647.137233, 4
1347647.157694, 4
1347647.178157, 4
1347647.198619, 4
1347647.219081, 4
1347647.239542, 4
1347647.260006, 4
1347647.280471, 4
1347647.300933, 4
1347647.321395, 4
1347647.341860, 4
1347647.362360, 4
1347647.382844, 4
1347647.403496, 4
1347647.423959, 4
1347647.444424, 4
1347647.464887, 4
1347647.485350, 4
1347647.505812, 4
1347647.526274, 4
1347647.546738, 4
1347647.567200, 4
1347647.587665, 4
1347647.608161, 4
1347647.628634, 4
1347647.649099, 4
1347647.669562, 4
1347647.690028, 4
1347647.710493, 4
1347647.730953, 4
1347647.751418, 4
1347647.771881, 4
1347647.792350, 4
1347647.813085, 4
1347647.833549, 4
1347647.854043, 4
1347647.874514, 4
1347647.894981, 4
1347647.915449, 4
1347647.935943, 4
1347647.956441, 4
1347647.976912, 4
1347647.997376, 4
1347648.017841, 4
1347648.038311, 4
1347648.058818, 4
1347648.079309, 4
1347648.099811, 4
1347648.120290, 4
1347648.140755, 4
1347648.161504, 4
1347648.182003, 4
1347648.202475, 4
1347648.222942, 4
1347648.243408, 4
1347648.263871, 4
1347648.284335, 4
1347648.304798, 4
1347648.325263, 4
1347648.345755, 4
1347648.366223, 4
1347648.386692, 4
1347648.407181, 4
1347648.427649, 4
1347648.448120, 4
1347648.468584, 4
1347648.489048, 4
1347648.509521, 4
1347648.529984, 4
1347648.550447, 4
1347648.571134, 4
1347648.591617, 4
1347648.612088, 4
1347648.632553, 4
1347648.653014, 4
1347648.673479, 4
1347648.693945, 4
1347648.714409, 4
1347648.734872, 4
1347648.755333, 4
1347648.775797, 4
1347648.796266, 4
1347648.816730, 4
1347648.837208, 4
1347648.857677, 4
1347648.878143, 4
1347648.898606, 4
1347648.919071, 4
1347648.939547, 4
1347648.960004, 4
1347648.980760, 4
1347649.001223, 4
1347649.021688, 4
1347649.042170, 4
1347649.062638, 4
1347649.083109, 4
1347649.103572, 4
1347649.124006, 4
1347649.144466, 4
1347649.164927, 4
1347649.185387, 4
1347649.205846, 4
1347649.226310, 4
1347649.246772, 4
1347649.267240, 4
1347649.287704, 4
1347649.308169, 4
1347649.328646, 4
1347649.349110, 4
1347649.369571, 4
1347649.390033, 4
1347649.410498, 4
1347649.430989, 4
1347649.451586, 4
1347649.472005, 4
1347649.492470, 4
1347649.512933, 4
1347649.533395, 4
1347649.553858, 4
1347649.574331, 4
1347649.594795, 4
1347649.615257, 4
1347649.635719, 4
1347649.656187, 4
1347649.676648, 4
1347649.697110, 4
1347649.717572, 4
1347649.738036, 4
1347649.758501, 4
1347649.778962, 4
1347649.799435, 4
1347649.819912, 4
1347649.840382, 4
1347649.860848, 4
1347649.881312, 4
1347649.901775, 4
1347649.922409, 4
1347649.942888, 4
1347649.963356, 4
1347649.983822, 4
1347650.004285, 4
1347650.024747, 4
1347650.045211, 4
1347650.065690, 4
1347650.086177, 4
1347650.106649, 4
1347650.127115, 4
1347650.147584, 4
1347650.168066, 4
1347650.188532, 4
1347650.209002, 4
1347650.229465, 4
1347650.249945, 4
1347650.270411, 4
1347650.290890, 4
1347650.311394, 4
1347650.332007, 4
1347650.352474, 4
1347650.372941, 4
1347650.393427, 4
1347650.413894, 4
1347650.434366, 4
1347650.454848, 4
1347650.475318, 4
1347650.495784, 4
1347650.516254, 4
1347650.536728, 4
1347650.557210, 4
1347650.577684, 4
1347650.598150, 4
1347650.618612, 4
1347650.639073, 4
1347650.659534, 4
1347650.679996, 4
1347650.700464, 4
1347650.720927, 4
1347650.741613, 4
1347650.762077, 4
1347650.782545, 4
1347650.803014, 4
1347650.823486, 4
1347650.843950, 4
1347650.864412, 4
1347650.884874, 4
1347650.905338, 4
1347650.925801, 4
1347650.946277, 4
1347650.966746, 4
1347650.987211, 4
1347651.007680, 4
1347651.028189, 4
1347651.048668, 4
1347651.069137, 4
1347651.089605, 4
1347651.110071, 4
1347651.130534, 4
1347651.150996, 4
1347651.171458, 4
1347651.191922, 4
1347651.212582, 4
1347651.233045, 4
1347651.253513, 4
1347651.273985, 4
1347651.294477, 4
1347651.314943, 4
1347651.335406, 4
1347651.355867, 4
1347651.376330, 4
1347651.396790, 4
1347651.417251, 4
1347651.437716, 4
1347651.458189, 4
1347651.478734, 4
1347651.499223, 4
1347651.519690, 4
1347651.540157, 4
1347651.560621, 4
1347651.581091, 4
1347651.601555, 4
1347651.622023, 4
1347651.642492, 4
1347651.662953, 4
1347651.683548, 4
1347651.704005, 4
1347651.724464, 4
1347651.744925, 4
1347651.765385, 4
1347651.785845, 4
1347651.806305, 4
1347651.826764, 4
1347651.847225, 4
1347651.867687, 4
1347651.888148, 4
1347651.908611, 4
1347651.929070, 4
1347651.949532, 4
1347651.969994, 4
1347651.990453, 4
1347652.010913, 4
1347652.031376, 4
1347652.053633, 4
1347652.074097, 4
1347652.094556, 4
1347652.115016, 4
1347652.135656, 4
1347652.156116, 4
1347652.176575, 4
1347652.197035, 4
1347652.217493, 4
1347652.237952, 4
1347652.258411, 4
1347652.278870, 4
1347652.299329, 4
1347652.319788, 4
1347652.340248, 4
1347652.360709, 4
1347652.381168, 4
1347652.401631, 4
1347652.422091, 4
1347652.442550, 4
1347652.463009, 4
1347652.483482, 4
1347652.503969, 4
1347652.524434, 4
1347652.544908, 4
1347652.565373, 4
1347652.585834, 4
1347652.606296, 4
1347652.626756, 4
1347652.647215, 4
1347652.667849, 4
1347652.688309, 4
1347652.708768, 4
1347652.729230, 4
1347652.749690, 4
1347652.770149, 4
1347652.790609, 4
1347652.811070, 4
1347652.831530, 4
1347652.851989, 4
1347652.872452, 4
1347652.892915, 4
1347652.913374, 4
1347652.933833, 4
1347652.954291, 4
1347652.974750, 4
1347652.995209, 4
1347653.015670, 4
1347653.036131, 4
1347653.056593, 4
1347653.077055, 4
1347653.097515, 4
1347653.117973, 4
1347653.138681, 4
1347653.159140, 4
1347653.179598, 4
1347653.200063, 4
1347653.220521, 4
1347653.240980, 4
1347653.261439, 4
1347653.281897, 4
1347653.302357, 4
1347653.322816, 4
1347653.343276, 4
1347653.363735, 4
1347653.384194, 4
1347653.404653, 4
1347653.425112, 4
1347653.445571, 4
1347653.466033, 4
1347653.486492, 4
1347653.506956, 4
1347653.527455, 4
1347653.547927, 4
1347653.568396, 4
1347653.588857, 4
1347653.609493, 4
1347653.629952, 4
1347653.650414, 4
1347653.670874, 4
1347653.691334, 4
1347653.711794, 4
1347653.732255, 4
1347653.752718, 4
1347653.773177, 4
1347653.793637, 4
1347653.814099, 4
1347653.834558, 4
1347653.855018, 4
1347653.875477, 4
1347653.895936, 4
1347653.916403, 4
1347653.936866, 4
1347653.957329, 4
1347653.977788, 4
1347653.998247, 4
1347654.018709, 4
1347654.039169, 4
1347654.059627, 4
1347654.080235, 4
1347654.100695, 4
1347654.121157, 4
1347654.141617, 4
1347654.162078, 4
1347654.182537, 4
1347654.202997, 4
1347654.223456, 4
1347654.243914, 4
1347654.264376, 4
1347654.284835, 4
1347654.305294, 4
1347654.325753, 4
1347654.346212, 4
1347654.366673, 4
1347654.387133, 4
1347654.407592, 4
1347654.428005, 4
1347654.448465, 4
1347654.468924, 4
1347654.489389, 4
1347654.509849, 4
1347654.530315, 4
1347654.551087, 4
1347654.571563, 4
1347654.592005, 4
1347654.612470, 4
1347654.632934, 4
1347654.653397, 4
1347654.673861, 4
1347654.694327, 4
1347654.714813, 4
1347654.735312, 4
1347654.755784, 4
1347654.776254, 4
1347654.796718, 4
1347654.817182, 4
1347654.837648, 4
1347654.858109, 4
1347654.878571, 4
1347654.899033, 4
1347654.919519, 4
1347654.940012, 4
1347654.960613, 4
1347654.981099, 4
1347655.001569, 4
1347655.022037, 4
1347655.042544, 4
1347655.063022, 4
1347655.083488, 4
1347655.103955, 4
1347655.124418, 4
1347655.144880, 4
1347655.165343, 4
1347655.185811, 4
1347655.206314, 4
1347655.226797, 4
1347655.247269, 4
1347655.267733, 4
1347655.288199, 4
1347655.308937, 4
1347655.329400, 4
1347655.349863, 4
1347655.370329, 4
1347655.390792, 4
1347655.411253, 4
1347655.431722, 4
1347655.452202, 4
1347655.472679, 4
1347655.493147, 4
1347655.513610, 4
1347655.534071, 4
1347655.554532, 4
1347655.574999, 4
1347655.595490, 4
1347655.615965, 4
1347655.636433, 4
1347655.656907, 4
1347655.677374, 4
1347655.697866, 4
1347655.718533, 4
1347655.739001, 4
1347655.759464, 4
1347655.779927, 4
1347655.800391, 4
1347655.820854, 4
1347655.841318, 4
1347655.861781, 4
1347655.882244, 4
1347655.902709, 4
1347655.923173, 4
1347655.943670, 4
1347655.964138, 4
1347655.984605, 4
1347656.005070, 4
1347656.025533, 4
1347656.045995, 4
1347656.066471, 4
1347656.086963, 4
1347656.107440, 4
1347656.128076, 4
1347656.148541, 4
1347656.169008, 4
1347656.189508, 4
1347656.209977, 4
1347656.230440, 4
1347656.250902, 4
1347656.271364, 4
1347656.291829, 4
1347656.312293, 4
1347656.332756, 4
1347656.353221, 4
1347656.373688, 4
1347656.394174, 4
1347656.414641, 4
1347656.435108, 4
1347656.455573, 4
1347656.476006, 4
1347656.496470, 4
1347656.516934, 4
1347656.537603, 4
1347656.558064, 4
1347656.578531, 4
1347656.599020, 4
1347656.619489, 4
1347656.639953, 4
1347656.660419, 4
1347656.680883, 4
1347656.701348, 4
1347656.721812, 4
1347656.742275, 4
1347656.762737, 4
1347656.783199, 4
1347656.803661, 4
1347656.824125, 4
1347656.844588, 4
1347656.865051, 4
1347656.885517, 4
1347656.905980, 4
1347656.926443, 4
1347656.947175, 4
1347656.967641, 4
1347656.988103, 4
1347657.008569, 4
1347657.029054, 4
1347657.049525, 4
1347657.069988, 4
1347657.090449, 4
1347657.110910, 4
1347657.131371, 4
1347657.151832, 4
1347657.172297, 4
1347657.192760, 4
1347657.213223, 4
1347657.233688, 4
1347657.254153, 4
1347657.274615, 4
1347657.295078, 4
1347657.315539, 4
1347657.336004, 4
1347657.356757, 4
1347657.377218, 4
1347657.397679, 4
1347657.418141, 4
1347657.438604, 4
1347657.459067, 4
1347657.479531, 4
1347657.499995, 4
1347657.520465, 4
1347657.540926, 4
1347657.561387, 4
1347657.581848, 4
1347657.602315, 4
1347657.622817, 4
1347657.643287, 4
1347657.663751, 4
1347657.684217, 4
1347657.704682, 4
1347657.725146, 4
1347657.745608, 4
1347657.766323, 4
1347657.786785, 4
1347657.807246, 4
1347657.827708, 4
1347657.848175, 4
1347657.868638, 4
1347657.889100, 4
1347657.909564, 4
1347657.930027, 4
1347657.950491, 4
1347657.970953, 4
1347657.991416, 4
1347658.011879, 4
1347658.032352, 4
1347658.052859, 4
1347658.073361, 4
1347658.093830, 4
1347658.114295, 4
1347658.134760, 4
1347658.155226, 4
1347658.175904, 4
1347658.196374, 4
1347658.216840, 4
1347658.237303, 4
1347658.257766, 4
1347658.278228, 4
1347658.298690, 4
1347658.319158, 4
1347658.339620, 4
1347658.360085, 4
1347658.380551, 4
1347658.401038, 4
1347658.421510, 4
1347658.441974, 4
1347658.462440, 4
1347658.482905, 4
1347658.503368, 4
1347658.523831, 4
1347658.544295, 4
1347658.564758, 4
1347658.585465, 4
1347658.605926, 4
1347658.626386, 4
1347658.646851, 4
1347658.667342, 4
1347658.687817, 4
1347658.708287, 4
1347658.728752, 4
1347658.749216, 4
1347658.769681, 4
1347658.790143, 4
1347658.810604, 4
1347658.831069, 4
1347658.851532, 4
1347658.871995, 4
1347658.892463, 4
1347658.912926, 4
1347658.933391, 4
1347658.953854, 4
1347658.974315, 4
1347658.995033, 4
1347659.015498, 4
1347659.035984, 4
1347659.056454, 4
1347659.076917, 4
1347659.097380, 4
1347659.117841, 4
1347659.138303, 4
1347659.158764, 4
1347659.179227, 4
1347659.199690, 4
1347659.220154, 4
1347659.240616, 4
1347659.261078, 4
1347659.281543, 4
1347659.302007, 4
1347659.322469, 4
1347659.342931, 4
1347659.363392, 4
1347659.383852, 4
1347659.404589, 4
1347659.425051, 4
1347659.445514, 4
1347659.465977, 4
1347659.486440, 4
1347659.506902, 4
1347659.527363, 4
1347659.547824, 4
1347659.568303, 4
1347659.588768, 4
1347659.609229, 4
1347659.629689, 4
1347659.650161, 4
1347659.670718, 4
1347659.691208, 4
1347659.711681, 4
1347659.732146, 4
1347659.752906, 4
1347659.773366, 4
1347659.793826, 4
1347659.814287, 4
1347659.834750, 4
1347659.855209, 4
1347659.875669, 4
1347659.896129, 4
1347659.916588, 4
1347659.937048, 4
1347659.957510, 4
1347659.977969, 4
1347659.998428, 4
1347660.018888, 4
1347660.039353, 4
1347660.059814, 4
1347660.080279, 4
1347660.100745, 4
1347660.121208, 4
1347660.141666, 4
1347660.162126, 4
1347660.182588, 4
1347660.203046, 4
1347660.223627, 4
1347660.244087, 4
1347660.264544, 4
1347660.285004, 4
1347660.305463, 4
1347660.325921, 4
1347660.346380, 4
1347660.366839, 4
1347660.387297, 4
1347660.407758, 4
1347660.428220, 4
1347660.448678, 4
1347660.469137, 4
1347660.489596, 4
1347660.510058, 4
1347660.530519, 4
1347660.550981, 4
1347660.571443, 4
1347660.591903, 4
1347660.612365, 4
1347660.632825, 4
1347660.653287, 4
1347660.673791, 4
1347660.694482, 4
1347660.714977, 4
1347660.735447, 4
1347660.755911, 4
1347660.776374, 4
1347660.796840, 4
1347660.817301, 4
1347660.837761, 4
1347660.858223, 4
1347660.878687, 4
1347660.899147, 4
1347660.919606, 4
1347660.940071, 4
1347660.960530, 4
1347660.980990, 4
1347661.001449, 4
1347661.021908, 4
1347661.042372, 4
1347661.062832, 4
1347661.083292, 4
1347661.103898, 4
1347661.124362, 4
1347661.144820, 4
1347661.165279, 4
1347661.185738, 4
1347661.206196, 4
1347661.226655, 4
1347661.247113, 4
1347661.267573, 4
1347661.288005, 4
1347661.308466, 4
1347661.328929, 4
1347661.349388, 4
1347661.369849, 4
1347661.390315, 4
1347661.410775, 4
1347661.431235, 4
1347661.451695, 4
1347661.472155, 4
1347661.492620, 4
1347661.513081, 4
1347661.533540, 4
1347661.554004, 4
1347661.574758, 4
1347661.595219, 4
1347661.615678, 4
1347661.636137, 4
1347661.656600, 4
1347661.677059, 4
1347661.697521, 4
1347661.717984, 4
1347661.738476, 4
1347661.758945, 4
1347661.779409, 4
1347661.799871, 4
1347661.820337, 4
1347661.840798, 4
1347661.861259, 4
1347661.881722, 4
1347661.902183, 4
1347661.922647, 4
1347661.943107, 4
1347661.963567, 4
1347661.984004, 4
1347662.004463, 4
1347662.024924, 4
1347662.045565, 4
1347662.066024, 4
1347662.086483, 4
1347662.106943, 4
1347662.127403, 4
1347662.147861, 4
1347662.168324, 4
1347662.188784, 4
1347662.209243, 4
1347662.229702, 4
1347662.250163, 4
1347662.270623, 4
1347662.291083, 4
1347662.311542, 4
1347662.332005, 4
1347662.352464, 4
1347662.372923, 4
1347662.393384, 4
1347662.413847, 4
1347662.434306, 4
1347662.454765, 4
1347662.475224, 4
1347662.495683, 4
1347662.516340, 4
1347662.536799, 4
1347662.557258, 4
1347662.577717, 4
1347662.598176, 4
1347662.618637, 4
1347662.639096, 4
1347662.659555, 4
1347662.680004, 4
1347662.700463, 4
1347662.720929, 4
1347662.741473, 4
1347662.761960, 4
1347662.782427, 4
1347662.802892, 4
1347662.823353, 4
1347662.843816, 4
1347662.864282, 4
1347662.884743, 4
1347662.905205, 4
1347662.925903, 4
1347662.946364, 4
1347662.966824, 4
1347662.987283, 4
1347663.007742, 4
1347663.028202, 4
1347663.048670, 4
1347663.069129, 4
1347663.089590, 4
1347663.110049, 4
1347663.130509, 4
1347663.150969, 4
1347663.171428, 4
1347663.191888, 4
1347663.212354, 4
1347663.232813, 4
1347663.253276, 4
1347663.273737, 4
1347663.294196, 4
1347663.314659, 4
1347663.335120, 4
1347663.355579, 4
1347663.376004, 4
1347663.396649, 4
1347663.417108, 4
1347663.437566, 4
1347663.458025, 4
1347663.478484, 4
1347663.498943, 4
1347663.519402, 4
1347663.539861, 4
1347663.560321, 4
1347663.580781, 4
1347663.601240, 4
1347663.621699, 4
1347663.642158, 4
1347663.662618, 4
1347663.683078, 4
1347663.703537, 4
1347663.723997, 4
1347663.744464, 4
1347663.764926, 4
1347663.785418, 4
1347663.805887, 4
1347663.826351, 4
1347663.846812, 4
1347663.867378, 4
1347663.887837, 4
1347663.908299, 4
1347663.928759, 4
1347663.949221, 4
1347663.969681, 4
1347663.990141, 4
1347664.010600, 4
1347664.031060, 4
1347664.051521, 4
1347664.071980, 4
1347664.092440, 4
1347664.112900, 4
1347664.133359, 4
1347664.153819, 4
1347664.174278, 4
1347664.194739, 4
1347664.215200, 4
1347664.235675, 4
1347664.256138, 4
1347664.276599, 4
1347664.297058, 4
1347664.317527, 4
1347664.338143, 4
1347664.358603, 4
1347664.379063, 4
1347664.399523, 4
1347664.419987, 4
1347664.440448, 4
1347664.460908, 4
1347664.481367, 4
1347664.501828, 4
1347664.522291, 4
1347664.542751, 4
1347664.563211, 4
1347664.583671, 4
1347664.604131, 4
1347664.624593, 4
1347664.645053, 4
1347664.665511, 4
1347664.685972, 4
1347664.706433, 4
1347664.726891, 4
1347664.747354, 4
1347664.767814, 4
1347664.788283, 4
1347664.808955, 4
1347664.829425, 4
1347664.849884, 4
1347664.870340, 4
1347664.890796, 4
1347664.911248, 4
1347664.931705, 4
1347664.952160, 4
1347664.972614, 4
1347664.993066, 4
1347665.013523, 4
1347665.034004, 4
1347665.054465, 4
1347665.074921, 4
1347665.095377, 4
1347665.115831, 4
1347665.136285, 4
1347665.156748, 4
1347665.177206, 4
1347665.197661, 4
1347665.218115, 4
1347665.238571, 4
1347665.259023, 4
1347665.279636, 4
1347665.300090, 4
1347665.320543, 4
1347665.340995, 4
1347665.361453, 4
1347665.381916, 4
1347665.402377, 4
1347665.422837, 4
1347665.443297, 4
1347665.463757, 4
1347665.484220, 4
1347665.504681, 4
1347665.525141, 4
1347665.545601, 4
1347665.566061, 4
1347665.586521, 4
1347665.606981, 4
1347665.627445, 4
1347665.647909, 4
1347665.668407, 4
1347665.688876, 4
1347665.709337, 4
1347665.729798, 4
1347665.750416, 4
1347665.770876, 4
1347665.791337, 4
1347665.811803, 4
1347665.832304, 4
1347665.852775, 4
1347665.873240, 4
1347665.893701, 4
1347665.914162, 4
1347665.934623, 4
1347665.955083, 4
1347665.975544, 4
1347665.996006, 4
1347666.016467, 4
1347666.036930, 4
1347666.057394, 4
1347666.077857, 4
1347666.098319, 4
1347666.118779, 4
1347666.139240, 4
1347666.159987, 4
1347666.180448, 4
1347666.200912, 4
1347666.221372, 4
1347666.241832, 4
1347666.262293, 4
1347666.282753, 4
1347666.303214, 4
1347666.323674, 4
1347666.344134, 4
1347666.364594, 4
1347666.385054, 4
1347666.405516, 4
1347666.425976, 4
1347666.446437, 4
1347666.466904, 4
1347666.487366, 4
1347666.507829, 4
1347666.528291, 4
1347666.548751, 4
1347666.569212, 4
1347666.589672, 4
1347666.610131, 4
1347666.630781, 4
1347666.651240, 4
1347666.671704, 4
1347666.692166, 4
1347666.712625, 4
1347666.733084, 4
1347666.753544, 4
1347666.774004, 4
1347666.794463, 4
1347666.814923, 4
1347666.835386, 4
1347666.855875, 4
1347666.876351, 4
1347666.896812, 4
1347666.917285, 4
1347666.937747, 4
1347666.958206, 4
1347666.978679, 4
1347666.999140, 4
1347667.019600, 4
1347667.040072, 4
1347667.060543, 4
1347667.081009, 4
1347667.101577, 4
1347667.122037, 4
1347667.142496, 4
1347667.162955, 4
1347667.183415, 4
1347667.203876, 4
1347667.224353, 4
1347667.244814, 4
1347667.265273, 4
1347667.285733, 4
1347667.306193, 4
1347667.326651, 4
1347667.347110, 4
1347667.367569, 4
1347667.388005, 4
1347667.408465, 4
1347667.428924, 4
1347667.449393, 4
1347667.469853, 4
1347667.490316, 4
1347667.510777, 4
1347667.531237, 4
1347667.551696, 4
1347667.572372, 4
1347667.592831, 4
1347667.613291, 4
1347667.633750, 4
1347667.654212, 4
1347667.674712, 4
1347667.695187, 4
1347667.715654, 4
1347667.736117, 4
1347667.756578, 4
1347667.777037, 4
1347667.797495, 4
1347667.817956, 4
1347667.838415, 4
1347667.858879, 4
1347667.879369, 4
1347667.899837, 4
1347667.920302, 4
1347667.940763, 4
1347667.961232, 4
1347667.981971, 4
1347668.002431, 4
1347668.022891, 4
1347668.043355, 4
1347668.063841, 4
1347668.084307, 4
1347668.104772, 4
1347668.125233, 4
1347668.145694, 4
1347668.166154, 4
1347668.186614, 4
1347668.207074, 4
1347668.227534, 4
1347668.247996, 4
1347668.268471, 4
1347668.288934, 4
1347668.309406, 4
1347668.329873, 4
1347668.350335, 4
1347668.370798, 4
1347668.391260, 4
1347668.411721, 4
1347668.432188, 4
1347668.452764, 4
1347668.473223, 4
1347668.493682, 4
1347668.514141, 4
1347668.534602, 4
1347668.555061, 4
1347668.575520, 4
1347668.595979, 4
1347668.616439, 4
1347668.636899, 4
1347668.657358, 4
1347668.677818, 4
1347668.698278, 4
1347668.718737, 4
1347668.739197, 4
1347668.759657, 4
1347668.780117, 4
1347668.800587, 4
1347668.821047, 4
1347668.841506, 4
1347668.861977, 4
1347668.882441, 4
1347668.902951, 4
1347668.923634, 4
1347668.944098, 4
1347668.964560, 4
1347668.985021, 4
1347669.005481, 4
1347669.025945, 4
1347669.046408, 4
1347669.066869, 4
1347669.087330, 4
1347669.107792, 4
1347669.128258, 4
1347669.148718, 4
1347669.169179, 4
1347669.189638, 4
1347669.210099, 4
1347669.230559, 4
1347669.251020, 4
1347669.271483, 4
1347669.291944, 4
1347669.312404, 4
1347669.332876, 4
1347669.353337, 4
1347669.373797, 4
1347669.394260, 4
1347669.414719, 4
1347669.435179, 4
1347669.455807, 4
1347669.476273, 4
1347669.496733, 4
1347669.517193, 4
1347669.537652, 4
1347669.558113, 4
1347669.578573, 4
1347669.599033, 4
1347669.619493, 4
1347669.639952, 4
1347669.660461, 4
1347669.680929, 4
1347669.701396, 4
1347669.721858, 4
1347669.742321, 4
1347669.762782, 4
1347669.783242, 4
1347669.803712, 4
1347669.824177, 4
1347669.844637, 4
1347669.865101, 4
1347669.885561, 4
1347669.906023, 4
1347669.926766, 4
1347669.947273, 4
1347669.967746, 4
1347669.988209, 4
1347670.008670, 4
1347670.029130, 4
1347670.049590, 4
1347670.070049, 4
1347670.090510, 4
1347670.110971, 4
1347670.131430, 4
1347670.151892, 4
1347670.172357, 4
1347670.192816, 4
1347670.213277, 4
1347670.233737, 4
1347670.254209, 4
1347670.274674, 4
1347670.295137, 4
1347670.315598, 4
1347670.336064, 4
1347670.356524, 4
1347670.376982, 4
1347670.397611, 4
1347670.418072, 4
1347670.438531, 4
1347670.458995, 4
1347670.479455, 4
1347670.499915, 4
1347670.520375, 4
1347670.540834, 4
1347670.561294, 4
1347670.581754, 4
1347670.602215, 4
1347670.622675, 4
1347670.643136, 4
1347670.663601, 4
1347670.684075, 4
1347670.704534, 4
1347670.724993, 4
1347670.745454, 4
1347670.765914, 4
1347670.786377, 4
1347670.806840, 4
1347670.827300, 4
1347670.847760, 4
1347670.868380, 4
1347670.888842, 4
1347670.909301, 4
1347670.929766, 4
1347670.950263, 4
1347670.970740, 4
1347670.991205, 4
1347671.011671, 4
1347671.032160, 4
1347671.052624, 4
1347671.073087, 4
1347671.093550, 4
1347671.114011, 4
1347671.134471, 4
1347671.154933, 4
1347671.175394, 4
1347671.195854, 4
1347671.216323, 4
1347671.236783, 4
1347671.257243, 4
1347671.277944, 4
1347671.298404, 4
1347671.318864, 4
1347671.339324, 4
1347671.359783, 4
1347671.380244, 4
1347671.400703, 4
1347671.421162, 4
1347671.441622, 4
1347671.462081, 4
1347671.482543, 4
1347671.503004, 4
1347671.523464, 4
1347671.543925, 4
1347671.564386, 4
1347671.584845, 4
1347671.605306, 4
1347671.625767, 4
1347671.646233, 4
1347671.666727, 4
1347671.687193, 4
1347671.707654, 4
1347671.728116, 4
1347671.748729, 4
1347671.769189, 4
1347671.789649, 4
1347671.810108, 4
1347671.830567, 4
1347671.851027, 4
1347671.871488, 4
1347671.891951, 4
1347671.912413, 4
1347671.932873, 4
1347671.953336, 4
1347671.973820, 4
1347671.994286, 4
1347672.014748, 4
1347672.035219, 4
1347672.055680, 4
1347672.076151, 4
1347672.096627, 4
1347672.117089, 4
1347672.137557, 4
1347672.158018, 4
1347672.178478, 4
1347672.198937, 4
1347672.219526, 4
1347672.239986, 4
1347672.260447, 4
1347672.280908, 4
1347672.301376, 4
1347672.321837, 4
1347672.342298, 4
1347672.362758, 4
1347672.383217, 4
1347672.403678, 4
1347672.424139, 4
1347672.444599, 4
1347672.465058, 4
1347672.485523, 4
1347672.506017, 4
1347672.526481, 4
1347672.546944, 4
1347672.567413, 4
1347672.587873, 4
1347672.608333, 4
1347672.628802, 4
1347672.649262, 4
1347672.669722, 4
1347672.690326, 4
1347672.710786, 4
1347672.731245, 4
1347672.751704, 4
1347672.772165, 4
1347672.792625, 4
1347672.813084, 4
1347672.833544, 4
1347672.854004, 4
1347672.874463, 4
1347672.894924, 4
1347672.915386, 4
1347672.935846, 4
1347672.956310, 4
1347672.976770, 4
1347672.997232, 4
1347673.017694, 4
1347673.038162, 4
1347673.058661, 4
1347673.079147, 4
1347673.099912, 4
1347673.120375, 4
1347673.140837, 4
1347673.161297, 4
1347673.181759, 4
1347673.202218, 4
1347673.222681, 4
1347673.243140, 4
1347673.263603, 4
1347673.284092, 4
1347673.304560, 4
1347673.325045, 4
1347673.345511, 4
1347673.365974, 4
1347673.386436, 4
1347673.406897, 4
1347673.427361, 4
1347673.447829, 4
1347673.468290, 4
1347673.488750, 4
1347673.509219, 4
1347673.529682, 4
1347673.550159, 4
1347673.570737, 4
1347673.591198, 4
1347673.611657, 4
1347673.632116, 4
1347673.652579, 4
1347673.673071, 4
1347673.693537, 4
1347673.713999, 4
1347673.734463, 4
1347673.754923, 4
1347673.775383, 4
1347673.795842, 4
1347673.816302, 4
1347673.836760, 4
1347673.857232, 4
1347673.877691, 4
1347673.898149, 4
1347673.918619, 4
1347673.939087, 4
1347673.959548, 4
1347673.980006, 4
1347674.000471, 4
1347674.020968, 4
1347674.041553, 4
1347674.062017, 4
1347674.082479, 4
1347674.102942, 4
1347674.123405, 4
1347674.143871, 4
1347674.164336, 4
1347674.184797, 4
1347674.205257, 4
1347674.225717, 4
1347674.246176, 4
1347674.266636, 4
1347674.287096, 4
1347674.307556, 4
1347674.328009, 4
1347674.348477, 4
1347674.368939, 4
1347674.389402, 4
1347674.409865, 4
1347674.430325, 4
1347674.450786, 4
1347674.471246, 4
1347674.491706, 4
1347674.512358, 4
1347674.532819, 4
1347674.553280, 4
1347674.573742, 4
1347674.594201, 4
1347674.614661, 4
1347674.635122, 4
1347674.655582, 4
1347674.676004, 4
1347674.696464, 4
1347674.716924, 4
1347674.737384, 4
1347674.757844, 4
1347674.778304, 4
1347674.798764, 4
1347674.819223, 4
1347674.839683, 4
1347674.860145, 4
1347674.880606, 4
1347674.901066, 4
1347674.921528, 4
1347674.941990, 4
1347674.962458, 4
1347674.983187, 4
1347675.003647, 4
1347675.024113, 4
1347675.044596, 4
1347675.065063, 4
1347675.085525, 4
1347675.105986, 4
1347675.126447, 4
1347675.146907, 4
1347675.167372, 4
1347675.187832, 4
1347675.208294, 4
1347675.228755, 4
1347675.249215, 4
1347675.269686, 4
1347675.290147, 4
1347675.310606, 4
1347675.331067, 4
1347675.351528, 4
1347675.371991, 4
1347675.392458, 4
1347675.412925, 4
1347675.433385, 4
1347675.454001, 4
1347675.474461, 4
1347675.494920, 4
1347675.515379, 4
1347675.535839, 4
1347675.556299, 4
1347675.576759, 4
1347675.597219, 4
1347675.617678, 4
1347675.638138, 4
1347675.658600, 4
1347675.679090, 4
1347675.699554, 4
1347675.720006, 4
1347675.740466, 4
1347675.760926, 4
1347675.781390, 4
1347675.801852, 4
1347675.822313, 4
1347675.842773, 4
1347675.863234, 4
1347675.883694, 4
1347675.904161, 4
1347675.924810, 4
1347675.945270, 4
1347675.965730, 4
1347675.986193, 4
1347676.006653, 4
1347676.027112, 4
1347676.047576, 4
1347676.068073, 4
1347676.088542, 4
1347676.109006, 4
1347676.129469, 4
1347676.149929, 4
1347676.170389, 4
1347676.190853, 4
1347676.211321, 4
1347676.231782, 4
1347676.252243, 4
1347676.272706, 4
1347676.293166, 4
1347676.313626, 4
1347676.334087, 4
1347676.354547, 4
1347676.375008, 4
1347676.395656, 4
1347676.416124, 4
1347676.436667, 4
1347676.457156, 4
1347676.477639, 4
1347676.498124, 4
1347676.518608, 4
1347676.539093, 4
1347676.559592, 4
1347676.580116, 4
1347676.600597, 4
1347676.621071, 4
1347676.641536, 4
1347676.662000, 4
1347676.682464, 4
1347676.702928, 4
1347676.723389, 4
1347676.744005, 4
1347676.764470, 4
1347676.784931, 4
1347676.805393, 4
1347676.825853, 4
1347676.846315, 4
1347676.866776, 4
1347676.887237, 4
1347676.907698, 4
1347676.928163, 4
1347676.948626, 4
1347676.969089, 4
1347676.989552, 4
1347677.010019, 4
1347677.030527, 4
1347677.050998, 4
1347677.071465, 4
1347677.091956, 4
1347677.112456, 4
1347677.132924, 4
1347677.153639, 4
1347677.174103, 4
1347677.194567, 4
1347677.215032, 4
1347677.235492, 4
1347677.255954, 4
1347677.276419, 4
1347677.296882, 4
1347677.317343, 4
1347677.337807, 4
1347677.358270, 4
1347677.378734, 4
1347677.399197, 4
1347677.419661, 4
1347677.440124, 4
1347677.460591, 4
1347677.481053, 4
1347677.501518, 4
1347677.521980, 4
1347677.542440, 4
1347677.563195, 4
1347677.583655, 4
1347677.604118, 4
1347677.624581, 4
1347677.645041, 4
1347677.665504, 4
1347677.685968, 4
1347677.706431, 4
1347677.726893, 4
1347677.747353, 4
1347677.767819, 4
1347677.788312, 4
1347677.808780, 4
1347677.829242, 4
1347677.849706, 4
1347677.870168, 4
1347677.890630, 4
1347677.911100, 4
1347677.931596, 4
1347677.952068, 4
1347677.972532, 4
1347677.992995, 4
1347678.013461, 4
1347678.034134, 4
1347678.054608, 4
1347678.075101, 4
1347678.095588, 4
1347678.116086, 4
1347678.136552, 4
1347678.157016, 4
1347678.177478, 4
1347678.197939, 4
1347678.218420, 4
1347678.238884, 4
1347678.259348, 4
1347678.279807, 4
1347678.300275, 4
1347678.320738, 4
1347678.341200, 4
1347678.361659, 4
1347678.382122, 4
1347678.402582, 4
1347678.423043, 4
1347678.443507, 4
1347678.463969, 4
1347678.484434, 4
1347678.505040, 4
1347678.525501, 4
1347678.545964, 4
1347678.566424, 4
1347678.586884, 4
1347678.607344, 4
1347678.627806, 4
1347678.648276, 4
1347678.668735, 4
1347678.689195, 4
1347678.709655, 4
1347678.730114, 4
1347678.750576, 4
1347678.771036, 4
1347678.791496, 4
1347678.811956, 4
1347678.832416, 4
1347678.852879, 4
1347678.873338, 4
1347678.893799, 4
1347678.914262, 4
1347678.934722, 4
1347678.955183, 4
1347678.975645, 4
1347678.996107, 4
1347679.016568, 4
1347679.037204, 4
1347679.057664, 4
1347679.078124, 4
1347679.098586, 4
1347679.119048, 4
1347679.139508, 4
1347679.159968, 4
1347679.180430, 4
1347679.200891, 4
1347679.221351, 4
1347679.241812, 4
1347679.262272, 4
1347679.282732, 4
1347679.303192, 4
1347679.323651, 4
1347679.344112, 4
1347679.364571, 4
1347679.385033, 4
1347679.405496, 4
1347679.425955, 4
1347679.446418, 4
1347679.466878, 4
1347679.487338, 4
1347679.507799, 4
1347679.528266, 4
1347679.548726, 4
1347679.569380, 4
1347679.589840, 4
1347679.610303, 4
1347679.630765, 4
1347679.651227, 4
1347679.671692, 4
1347679.692154, 4
1347679.712619, 4
1347679.733080, 4
1347679.753542, 4
1347679.774001, 4
1347679.794461, 4
1347679.814923, 4
1347679.835383, 4
1347679.855842, 4
1347679.876303, 4
1347679.896762, 4
1347679.917227, 4
1347679.937687, 4
1347679.958147, 4
1347679.978618, 4
1347679.999079, 4
1347680.019540, 4
1347680.040005, 4
1347680.060464, 4
1347680.080924, 4
1347680.101569, 4
1347680.122028, 4
1347680.142494, 4
1347680.162989, 4
1347680.183456, 4
1347680.203919, 4
1347680.224384, 4
1347680.244844, 4
1347680.265305, 4
1347680.285765, 4
1347680.306226, 4
1347680.326687, 4
1347680.347147, 4
1347680.367607, 4
1347680.388073, 4
1347680.408534, 4
1347680.428997, 4
1347680.449460, 4
1347680.469919, 4
1347680.490382, 4
1347680.510846, 4
1347680.531306, 4
1347680.551766, 4
1347680.572409, 4
1347680.592874, 4
1347680.613335, 4
1347680.633796, 4
1347680.654256, 4
1347680.674719, 4
1347680.695179, 4
1347680.715638, 4
1347680.736099, 4
1347680.756558, 4
1347680.777021, 4
1347680.797483, 4
1347680.817946, 4
1347680.838407, 4
1347680.858868, 4
1347680.879328, 4
1347680.899788, 4
1347680.920253, 4
1347680.940713, 4
1347680.961172, 4
1347680.981637, 4
1347681.002096, 4
1347681.022562, 4
1347681.043248, 4
1347681.063708, 4
1347681.084176, 4
1347681.104637, 4
1347681.125098, 4
1347681.145563, 4
1347681.166066, 4
1347681.186581, 4
1347681.207079, 4
1347681.227553, 4
1347681.248006, 4
1347681.268469, 4
1347681.288934, 4
1347681.309396, 4
1347681.329864, 4
1347681.350325, 4
1347681.370787, 4
1347681.391249, 4
1347681.411710, 4
1347681.432178, 4
1347681.452856, 4
1347681.473318, 4
1347681.493782, 4
1347681.514242, 4
1347681.534702, 4
1347681.555162, 4
1347681.575623, 4
1347681.596085, 4
1347681.616557, 4
1347681.637017, 4
1347681.657479, 4
1347681.677942, 4
1347681.698403, 4
1347681.718862, 4
1347681.739323, 4
1347681.759782, 4
1347681.780245, 4
1347681.800707, 4
1347681.821170, 4
1347681.841631, 4
1347681.862094, 4
1347681.882556, 4
1347681.903017, 4
1347681.923671, 4
1347681.944132, 4
1347681.964592, 4
1347681.985051, 4
1347682.005511, 4
1347682.025972, 4
1347682.046431, 4
1347682.066891, 4
1347682.087352, 4
1347682.107811, 4
1347682.128275, 4
1347682.148735, 4
1347682.169197, 4
1347682.189663, 4
1347682.210174, 4
1347682.230649, 4
1347682.251112, 4
1347682.271582, 4
1347682.292006, 4
1347682.312473, 4
1347682.332936, 4
1347682.353397, 4
1347682.373861, 4
1347682.394477, 4
1347682.414938, 4
1347682.435399, 4
1347682.455859, 4
1347682.476323, 4
1347682.496787, 4
1347682.517248, 4
1347682.537708, 4
1347682.558171, 4
1347682.578631, 4
1347682.599093, 4
1347682.619553, 4
1347682.640005, 4
1347682.660468, 4
1347682.680931, 4
1347682.701390, 4
1347682.721850, 4
1347682.742314, 4
1347682.762774, 4
1347682.783235, 4
1347682.803697, 4
1347682.824158, 4
1347682.844623, 4
1347682.865275, 4
1347682.885739, 4
1347682.906199, 4
1347682.926659, 4
1347682.947120, 4
1347682.967580, 4
1347682.988005, 4
1347683.008470, 4
1347683.028931, 4
1347683.049393, 4
1347683.069859, 4
1347683.090320, 4
1347683.110781, 4
1347683.131240, 4
1347683.151699, 4
1347683.172161, 4
1347683.192624, 4
1347683.213093, 4
1347683.233598, 4
1347683.254069, 4
1347683.274836, 4
1347683.295299, 4
1347683.315760, 4
1347683.336221, 4
1347683.356682, 4
1347683.377146, 4
1347683.397609, 4
1347683.418070, 4
1347683.438531, 4
1347683.458991, 4
1347683.479452, 4
1347683.499912, 4
1347683.520373, 4
1347683.540835, 4
1347683.561310, 4
1347683.581771, 4
1347683.602232, 4
1347683.622697, 4
1347683.643158, 4
1347683.663619, 4
1347683.684086, 4
1347683.704549, 4
1347683.725008, 4
1347683.745625, 4
1347683.766088, 4
1347683.786548, 4
1347683.807010, 4
1347683.827470, 4
1347683.847932, 4
1347683.868395, 4
1347683.888854, 4
1347683.909314, 4
1347683.929774, 4
1347683.950233, 4
1347683.970693, 4
1347683.991153, 4
1347684.011615, 4
1347684.032089, 4
1347684.052550, 4
1347684.073009, 4
1347684.093479, 4
1347684.113940, 4
1347684.134401, 4
1347684.154863, 4
1347684.175323, 4
1347684.195783, 4
1347684.216377, 4
1347684.236846, 4
1347684.257349, 4
1347684.277818, 4
1347684.298281, 4
1347684.318741, 4
1347684.339201, 4
1347684.359661, 4
1347684.380123, 4
1347684.400583, 4
1347684.421043, 4
1347684.441508, 4
1347684.461968, 4
1347684.482429, 4
1347684.502893, 4
1347684.523353, 4
1347684.543813, 4
1347684.564287, 4
1347684.584747, 4
1347684.605207, 4
1347684.625669, 4
1347684.646135, 4
1347684.666596, 4
1347684.687191, 4
1347684.707651, 4
1347684.728113, 4
1347684.748575, 4
1347684.769036, 4
1347684.789499, 4
1347684.809958, 4
1347684.830420, 4
1347684.850882, 4
1347684.871341, 4
1347684.891802, 4
1347684.912269, 4
1347684.932729, 4
1347684.953192, 4
1347684.973652, 4
1347684.994158, 4
1347685.014618, 4
1347685.035088, 4
1347685.055549, 4
1347685.076005, 4
1347685.096471, 4
1347685.116930, 4
1347685.137390, 4
1347685.158002, 4
1347685.178463, 4
1347685.198925, 4
1347685.219385, 4
1347685.239846, 4
1347685.260312, 4
1347685.280812, 4
1347685.301283, 4
1347685.321747, 4
1347685.342210, 4
1347685.362671, 4
1347685.383135, 4
1347685.403596, 4
1347685.424065, 4
1347685.444530, 4
1347685.464994, 4
1347685.485456, 4
1347685.505919, 4
1347685.526379, 4
1347685.546840, 4
1347685.567571, 4
1347685.588004, 4
1347685.608471, 4
1347685.628932, 4
1347685.649394, 4
1347685.669855, 4
1347685.690319, 4
1347685.710802, 4
1347685.731264, 4
1347685.751724, 4
1347685.772187, 4
1347685.792652, 4
1347685.813112, 4
1347685.833572, 4
1347685.854038, 4
1347685.874497, 4
1347685.894957, 4
1347685.915427, 4
1347685.935888, 4
1347685.956354, 4
1347685.977120, 4
1347685.997580, 4
1347686.018043, 4
1347686.038505, 4
1347686.058965, 4
1347686.079426, 4
1347686.099886, 4
1347686.120355, 4
1347686.140823, 4
1347686.161284, 4
1347686.181744, 4
1347686.202207, 4
1347686.222669, 4
1347686.243129, 4
1347686.263598, 4
1347686.284070, 4
1347686.304576, 4
1347686.325064, 4
1347686.345529, 4
1347686.365996, 4
1347686.386679, 4
1347686.407140, 4
1347686.427604, 4
1347686.448073, 4
1347686.468536, 4
1347686.488999, 4
1347686.509460, 4
1347686.529968, 4
1347686.550428, 4
1347686.570889, 4
1347686.591349, 4
1347686.611810, 4
1347686.632278, 4
1347686.652738, 4
1347686.673200, 4
1347686.693660, 4
1347686.714119, 4
1347686.734583, 4
1347686.755043, 4
1347686.775502, 4
1347686.796247, 4
1347686.816707, 4
1347686.837167, 4
1347686.857626, 4
1347686.878089, 4
1347686.898549, 4
1347686.919008, 4
1347686.939467, 4
1347686.959926, 4
1347686.980386, 4
1347687.000845, 4
1347687.021307, 4
1347687.041767, 4
1347687.062229, 4
1347687.082692, 4
1347687.103151, 4
1347687.123611, 4
1347687.144078, 4
1347687.164541, 4
1347687.185001, 4
1347687.205462, 4
1347687.225924, 4
1347687.246383, 4
1347687.267038, 4
1347687.287499, 4
1347687.307963, 4
1347687.328467, 4
1347687.349000, 4
1347687.369468, 4
1347687.389932, 4
1347687.410393, 4
1347687.430855, 4
1347687.451316, 4
1347687.471777, 4
1347687.492243, 4
1347687.512708, 4
1347687.533187, 4
1347687.553652, 4
1347687.574116, 4
1347687.594579, 4
1347687.615044, 4
1347687.635504, 4
1347687.655965, 4
1347687.676432, 4
1347687.696893, 4
1347687.717355, 4
1347687.737982, 4
1347687.758442, 4
1347687.778901, 4
1347687.799360, 4
1347687.819820, 4
1347687.840282, 4
1347687.860741, 4
1347687.881201, 4
1347687.901662, 4
1347687.922121, 4
1347687.942581, 4
1347687.963041, 4
1347687.983501, 4
1347688.003961, 4
1347688.024423, 4
1347688.044883, 4
1347688.065343, 4
1347688.085804, 4
1347688.106265, 4
1347688.126725, 4
1347688.147194, 4
1347688.167654, 4
1347688.188116, 4
1347688.208578, 4
1347688.229039, 4
1347688.249501, 4
1347688.270132, 4
1347688.290592, 4
1347688.311051, 4
1347688.331517, 4
1347688.352008, 4
1347688.372477, 4
1347688.392945, 4
1347688.413407, 4
1347688.433867, 4
1347688.454330, 4
1347688.474791, 4
1347688.495251, 4
1347688.515712, 4
1347688.536180, 4
1347688.556643, 4
1347688.577103, 4
1347688.597563, 4
1347688.618027, 4
1347688.638489, 4
1347688.658949, 4
1347688.679412, 4
1347688.699873, 4
1347688.720334, 4
1347688.741083, 4
1347688.761543, 4
1347688.782003, 4
1347688.802462, 4
1347688.822922, 4
1347688.843381, 4
1347688.863841, 4
1347688.884303, 4
1347688.904767, 4
1347688.925227, 4
1347688.945689, 4
1347688.966150, 4
1347688.986610, 4
1347689.007070, 4
1347689.027536, 4
1347689.047996, 4
1347689.068464, 4
1347689.088928, 4
1347689.109388, 4
1347689.129850, 4
1347689.150312, 4
1347689.170773, 4
1347689.191235, 4
1347689.211889, 4
1347689.232354, 4
1347689.252814, 4
1347689.273276, 4
1347689.293736, 4
1347689.314198, 4
1347689.334659, 4
1347689.355125, 4
1347689.375628, 4
1347689.396123, 4
1347689.416589, 4
1347689.437051, 4
1347689.457512, 4
1347689.477973, 4
1347689.498437, 4
1347689.518899, 4
1347689.539359, 4
1347689.559821, 4
1347689.580282, 4
1347689.600742, 4
1347689.621453, 4
1347689.641913, 4
1347689.662373, 4
1347689.682836, 4
1347689.703296, 4
1347689.723756, 4
1347689.744217, 4
1347689.764680, 4
1347689.785143, 4
1347689.805604, 4
1347689.826064, 4
1347689.846528, 4
1347689.866988, 4
1347689.887448, 4
1347689.907908, 4
1347689.928370, 4
1347689.948833, 4
1347689.969295, 4
1347689.989756, 4
1347690.010216, 4
1347690.030679, 4
1347690.051139, 4
1347690.071599, 4
1347690.092278, 4
1347690.112739, 4
1347690.133198, 4
1347690.153659, 4
1347690.174118, 4
1347690.194579, 4
1347690.215041, 4
1347690.235501, 4
1347690.255963, 4
1347690.276423, 4
1347690.296882, 4
1347690.317344, 4
1347690.337803, 4
1347690.358263, 4
1347690.378726, 4
1347690.399240, 4
1347690.419741, 4
1347690.440221, 4
1347690.460688, 4
1347690.481151, 4
1347690.501615, 4
1347690.522077, 4
1347690.542538, 4
1347690.563113, 4
1347690.583574, 4
1347690.604006, 4
1347690.624470, 4
1347690.644936, 4
1347690.665398, 4
1347690.685862, 4
1347690.706322, 4
1347690.726783, 4
1347690.747245, 4
1347690.767706, 4
1347690.788175, 4
1347690.808636, 4
1347690.829099, 4
1347690.849559, 4
1347690.870019, 4
1347690.890481, 4
1347690.910943, 4
1347690.931403, 4
1347690.951863, 4
1347690.972329, 4
1347690.992790, 4
1347691.013251, 4
1347691.033911, 4
1347691.054371, 4
1347691.074833, 4
1347691.095294, 4
1347691.115753, 4
1347691.136216, 4
1347691.156676, 4
1347691.177136, 4
1347691.197598, 4
1347691.218057, 4
1347691.238517, 4
1347691.258982, 4
1347691.279443, 4
1347691.299905, 4
1347691.320368, 4
1347691.340828, 4
1347691.361290, 4
1347691.381751, 4
1347691.402213, 4
1347691.422713, 4
1347691.443212, 4
1347691.463682, 4
1347691.484146, 4
1347691.504690, 4
1347691.525156, 4
1347691.545616, 4
1347691.566076, 4
1347691.586538, 4
1347691.606998, 4
1347691.627457, 4
1347691.647918, 4
1347691.668379, 4
1347691.688840, 4
1347691.709302, 4
1347691.729763, 4
1347691.750222, 4
1347691.770683, 4
1347691.791143, 4
1347691.811606, 4
1347691.832073, 4
1347691.852536, 4
1347691.872995, 4
1347691.893456, 4
1347691.913920, 4
1347691.934380, 4
1347691.954840, 4
1347691.975445, 4
1347691.995906, 4
1347692.016366, 4
1347692.036826, 4
1347692.057290, 4
1347692.077752, 4
1347692.098213, 4
1347692.118676, 4
1347692.139135, 4
1347692.159595, 4
1347692.180079, 4
1347692.200542, 4
1347692.221005, 4
1347692.241466, 4
1347692.261928, 4
1347692.282389, 4
1347692.302849, 4
1347692.323319, 4
1347692.343779, 4
1347692.364240, 4
1347692.384704, 4
1347692.405165, 4
1347692.425626, 4
1347692.446260, 4
1347692.466729, 4
1347692.487193, 4
1347692.507653, 4
1347692.528115, 4
1347692.548576, 4
1347692.569036, 4
1347692.589496, 4
1347692.609955, 4
1347692.630416, 4
1347692.650877, 4
1347692.671338, 4
1347692.691797, 4
1347692.712264, 4
1347692.732726, 4
1347692.753186, 4
1347692.773646, 4
1347692.794110, 4
1347692.814570, 4
1347692.835031, 4
1347692.855746, 4
1347692.876210, 4
1347692.896672, 4
1347692.917132, 4
1347692.937595, 4
1347692.958054, 4
1347692.978514, 4
1347692.998974, 4
1347693.019435, 4
1347693.039894, 4
1347693.060356, 4
1347693.080818, 4
1347693.101278, 4
1347693.121738, 4
1347693.142201, 4
1347693.162660, 4
1347693.183120, 4
1347693.203582, 4
1347693.224005, 4
1347693.244464, 4
1347693.264926, 4
1347693.285388, 4
1347693.305847, 4
1347693.326519, 4
1347693.346979, 4
1347693.367439, 4
1347693.387899, 4
1347693.408361, 4
1347693.428821, 4
1347693.449285, 4
1347693.469780, 4
1347693.490270, 4
1347693.510742, 4
1347693.531209, 4
1347693.551671, 4
1347693.572134, 4
1347693.592594, 4
1347693.613058, 4
1347693.633519, 4
1347693.653979, 4
1347693.674444, 4
1347693.694905, 4
1347693.715367, 4
1347693.736069, 4
1347693.756529, 4
1347693.776990, 4
1347693.797450, 4
1347693.817911, 4
1347693.838370, 4
1347693.858832, 4
1347693.879292, 4
1347693.899752, 4
1347693.920214, 4
1347693.940677, 4
1347693.961138, 4
1347693.981601, 4
1347694.002060, 4
1347694.022519, 4
1347694.042982, 4
1347694.063443, 4
1347694.083907, 4
1347694.104370, 4
1347694.124830, 4
1347694.145296, 4
1347694.165756, 4
1347694.186216, 4
1347694.206854, 4
1347694.227315, 4
1347694.247775, 4
1347694.268236, 4
1347694.288696, 4
1347694.309159, 4
1347694.329619, 4
1347694.350080, 4
1347694.370543, 4
1347694.391004, 4
1347694.411465, 4
1347694.431924, 4
1347694.452384, 4
1347694.472850, 4
1347694.493359, 4
1347694.513827, 4
1347694.534293, 4
1347694.554756, 4
1347694.575217, 4
1347694.595677, 4
1347694.616406, 4
1347694.636869, 4
1347694.657329, 4
1347694.677791, 4
1347694.698251, 4
1347694.718711, 4
1347694.739171, 4
1347694.759631, 4
1347694.780091, 4
1347694.800551, 4
1347694.821011, 4
1347694.841474, 4
1347694.861934, 4
1347694.882397, 4
1347694.902859, 4
1347694.923319, 4
1347694.943779, 4
1347694.964242, 4
1347694.984703, 4
1347695.005166, 4
1347695.025633, 4
1347695.046093, 4
1347695.066557, 4
1347695.087175, 4
1347695.107635, 4
1347695.128097, 4
1347695.148557, 4
1347695.169016, 4
1347695.189477, 4
1347695.209939, 4
1347695.230398, 4
1347695.250858, 4
1347695.271317, 4
1347695.291776, 4
1347695.312238, 4
1347695.332698, 4
1347695.353157, 4
1347695.373620, 4
1347695.394080, 4
1347695.414540, 4
1347695.435003, 4
1347695.455463, 4
1347695.475923, 4
1347695.496394, 4
1347695.516894, 4
1347695.537365, 4
1347695.557951, 4
1347695.578413, 4
1347695.598876, 4
1347695.619338, 4
1347695.639798, 4
1347695.660267, 4
1347695.680727, 4
1347695.701194, 4
1347695.721682, 4
1347695.742148, 4
1347695.762611, 4
1347695.783072, 4
1347695.803533, 4
1347695.823997, 4
1347695.844477, 4
1347695.864996, 4
1347695.885460, 4
1347695.905929, 4
1347695.926423, 4
1347695.946896, 4
1347695.967484, 4
1347695.987942, 4
1347696.008404, 4
1347696.028862, 4
1347696.049320, 4
1347696.069778, 4
1347696.090236, 4
1347696.110694, 4
1347696.131151, 4
1347696.151614, 4
1347696.172106, 4
1347696.192576, 4
1347696.213052, 4
1347696.233521, 4
1347696.253985, 4
1347696.274443, 4
1347696.294899, 4
1347696.315357, 4
1347696.335816, 4
1347696.356280, 4
1347696.377048, 4
1347696.397510, 4
1347696.417989, 4
1347696.438457, 4
1347696.458918, 4
1347696.479383, 4
1347696.499849, 4
1347696.520319, 4
1347696.540793, 4
1347696.561262, 4
1347696.581728, 4
1347696.602194, 4
1347696.622660, 4
1347696.643129, 4
1347696.663609, 4
1347696.684078, 4
1347696.704544, 4
1347696.725009, 4
1347696.745474, 4
1347696.765937, 4
1347696.786609, 4
1347696.807074, 4
1347696.827537, 4
1347696.848006, 4
1347696.868475, 4
1347696.888941, 4
1347696.909417, 4
1347696.929897, 4
1347696.950364, 4
1347696.970831, 4
1347696.991297, 4
1347697.011766, 4
1347697.032241, 4
1347697.052706, 4
1347697.073178, 4
1347697.093642, 4
1347697.114106, 4
1347697.134586, 4
1347697.155056, 4
1347697.175525, 4
1347697.196294, 4
1347697.216759, 4
1347697.237223, 4
1347697.257688, 4
1347697.278152, 4
1347697.298617, 4
1347697.319082, 4
1347697.339548, 4
1347697.360005, 4
1347697.380474, 4
1347697.400947, 4
1347697.421418, 4
1347697.441884, 4
1347697.462349, 4
1347697.482858, 4
1347697.503354, 4
1347697.523821, 4
1347697.544294, 4
1347697.564783, 4
1347697.585249, 4
1347697.605932, 4
1347697.626397, 4
1347697.646857, 4
1347697.667325, 4
1347697.687808, 4
1347697.708283, 4
1347697.728750, 4
1347697.749217, 4
1347697.769679, 4
1347697.790140, 4
1347697.810600, 4
1347697.831060, 4
1347697.851522, 4
1347697.871982, 4
1347697.892447, 4
1347697.912907, 4
1347697.933368, 4
1347697.953831, 4
1347697.974293, 4
1347697.994753, 4
1347698.015512, 4
1347698.035973, 4
1347698.056434, 4
1347698.076896, 4
1347698.097360, 4
1347698.117822, 4
1347698.138283, 4
1347698.158743, 4
1347698.179203, 4
1347698.199664, 4
1347698.220124, 4
1347698.240584, 4
1347698.261045, 4
1347698.281506, 4
1347698.301970, 4
1347698.322429, 4
1347698.342890, 4
1347698.363354, 4
1347698.383815, 4
1347698.404279, 4
1347698.424741, 4
1347698.445204, 4
1347698.465664, 4
1347698.486326, 4
1347698.506787, 4
1347698.527247, 4
1347698.547708, 4
1347698.568177, 4
1347698.588667, 4
1347698.609136, 4
1347698.629600, 4
1347698.650060, 4
1347698.670520, 4
1347698.690981, 4
1347698.711442, 4
1347698.731902, 4
1347698.752367, 4
1347698.772835, 4
1347698.793297, 4
1347698.813757, 4
1347698.834222, 4
1347698.854683, 4
1347698.875145, 4
1347698.895609, 4
1347698.916073, 4
1347698.936533, 4
1347698.957140, 4
1347698.977600, 4
1347698.998060, 4
1347699.018520, 4
1347699.038980, 4
1347699.059440, 4
1347699.079902, 4
1347699.100367, 4
1347699.120829, 4
1347699.141289, 4
1347699.161750, 4
1347699.182213, 4
1347699.202673, 4
1347699.223132, 4
1347699.243592, 4
1347699.264005, 4
1347699.284468, 4
1347699.304935, 4
1347699.325396, 4
1347699.345856, 4
1347699.366317, 4
1347699.386777, 4
1347699.407236, 4
1347699.427946, 4
1347699.448405, 4
1347699.468864, 4
1347699.489327, 4
1347699.509786, 4
1347699.530247, 4
1347699.550708, 4
1347699.571168, 4
1347699.591632, 4
1347699.612119, 4
1347699.632585, 4
1347699.653050, 4
1347699.673515, 4
1347699.693982, 4
1347699.714446, 4
1347699.734909, 4
1347699.755370, 4
1347699.775841, 4
1347699.796303, 4
1347699.816763, 4
1347699.837225, 4
1347699.857686, 4
1347699.878149, 4
1347699.898743, 4
1347699.919203, 4
1347699.939662, 4
1347699.960123, 4
1347699.980586, 4
1347700.001047, 4
1347700.021507, 4
1347700.041968, 4
1347700.062428, 4
1347700.082890, 4
1347700.103350, 4
1347700.123812, 4
1347700.144281, 4
1347700.164741, 4
1347700.185202, 4
1347700.205664, 4
1347700.226123, 4
1347700.246586, 4
1347700.267046, 4
1347700.287506, 4
1347700.307968, 4
1347700.328428, 4
1347700.348888, 4
1347700.369513, 4
1347700.389973, 4
1347700.410434, 4
1347700.430894, 4
1347700.451354, 4
1347700.471814, 4
1347700.492277, 4
1347700.512736, 4
1347700.533200, 4
1347700.553660, 4
1347700.574121, 4
1347700.594581, 4
1347700.615048, 4
1347700.635540, 4
1347700.656006, 4
1347700.676473, 4
1347700.696940, 4
1347700.717405, 4
1347700.737866, 4
1347700.758326, 4
1347700.779087, 4
1347700.799546, 4
1347700.820006, 4
1347700.840465, 4
1347700.860925, 4
1347700.881385, 4
1347700.901845, 4
1347700.922305, 4
1347700.942765, 4
1347700.963225, 4
1347700.983685, 4
1347701.004148, 4
1347701.024621, 4
1347701.045081, 4
1347701.065542, 4
1347701.086002, 4
1347701.106462, 4
1347701.126925, 4
1347701.147386, 4
1347701.167851, 4
1347701.188332, 4
1347701.208801, 4
1347701.229263, 4
1347701.249876, 4
1347701.270341, 4
1347701.290830, 4
1347701.311297, 4
1347701.331761, 4
1347701.352222, 4
1347701.372690, 4
1347701.393173, 4
1347701.413639, 4
1347701.434103, 4
1347701.454566, 4
1347701.475027, 4
1347701.495510, 4
1347701.515977, 4
1347701.536445, 4
1347701.556906, 4
1347701.577369, 4
1347701.597833, 4
1347701.618295, 4
1347701.638759, 4
1347701.659528, 4
1347701.679994, 4
1347701.700467, 4
1347701.720930, 4
1347701.741389, 4
1347701.761852, 4
1347701.782316, 4
1347701.802794, 4
1347701.823259, 4
1347701.843720, 4
1347701.864196, 4
1347701.884688, 4
1347701.905164, 4
1347701.925631, 4
1347701.946095, 4
1347701.966554, 4
1347701.987018, 4
1347702.007499, 4
1347702.027961, 4
1347702.048424, 4
1347702.069055, 4
1347702.089520, 4
1347702.110008, 4
1347702.130481, 4
1347702.150946, 4
1347702.171406, 4
1347702.191867, 4
1347702.212328, 4
1347702.232787, 4
1347702.253250, 4
1347702.273709, 4
1347702.294169, 4
1347702.314627, 4
1347702.335087, 4
1347702.355546, 4
1347702.376004, 4
1347702.396464, 4
1347702.416926, 4
1347702.437385, 4
1347702.457844, 4
1347702.478305, 4
1347702.498765, 4
1347702.519224, 4
1347702.539863, 4
1347702.560322, 4
1347702.580781, 4
1347702.601239, 4
1347702.621699, 4
1347702.642158, 4
1347702.662622, 4
1347702.683116, 4
1347702.703597, 4
1347702.724069, 4
1347702.744533, 4
1347702.764993, 4
1347702.785453, 4
1347702.805916, 4
1347702.826400, 4
1347702.846861, 4
1347702.867322, 4
1347702.887784, 4
1347702.908246, 4
1347702.928706, 4
1347702.949167, 4
1347702.969626, 4
1347702.990085, 4
1347703.010681, 4
1347703.031140, 4
1347703.051599, 4
1347703.072064, 4
1347703.092524, 4
1347703.112983, 4
1347703.133442, 4
1347703.153901, 4
1347703.174362, 4
1347703.194822, 4
1347703.215282, 4
1347703.235746, 4
1347703.256207, 4
1347703.276666, 4
1347703.297125, 4
1347703.317589, 4
1347703.338058, 4
1347703.358522, 4
1347703.378980, 4
1347703.399440, 4
1347703.419901, 4
1347703.440366, 4
1347703.460826, 4
1347703.481498, 4
1347703.501962, 4
1347703.522457, 4
1347703.542924, 4
1347703.563387, 4
1347703.583847, 4
1347703.604310, 4
1347703.624771, 4
1347703.645230, 4
1347703.665689, 4
1347703.686154, 4
1347703.706644, 4
1347703.727108, 4
1347703.747571, 4
1347703.768007, 4
1347703.788466, 4
1347703.808926, 4
1347703.829386, 4
1347703.849844, 4
1347703.870306, 4
1347703.890766, 4
1347703.911225, 4
1347703.931683, 4
1347703.952299, 4
1347703.972759, 4
1347703.993220, 4
1347704.013680, 4
1347704.034139, 4
1347704.054599, 4
1347704.075068, 4
1347704.095556, 4
1347704.116005, 4
1347704.136471, 4
1347704.156931, 4
1347704.177390, 4
1347704.197849, 4
1347704.218309, 4
1347704.238769, 4
1347704.259228, 4
1347704.279687, 4
1347704.300148, 4
1347704.320607, 4
1347704.341066, 4
1347704.361527, 4
1347704.381985, 4
1347704.402447, 4
1347704.423114, 4
1347704.443573, 4
1347704.464005, 4
1347704.484463, 4
1347704.504922, 4
1347704.525381, 4
1347704.545839, 4
1347704.566298, 4
1347704.586757, 4
1347704.607216, 4
1347704.627674, 4
1347704.648133, 4
1347704.668595, 4
1347704.689053, 4
1347704.709517, 4
1347704.730009, 4
1347704.750484, 4
1347704.770956, 4
1347704.791417, 4
1347704.811876, 4
1347704.832345, 4
1347704.852806, 4
1347704.873265, 4
1347704.893942, 4
1347704.914401, 4
1347704.934860, 4
1347704.955318, 4
1347704.975777, 4
1347704.996238, 4
1347705.016697, 4
1347705.037155, 4
1347705.057617, 4
1347705.078077, 4
1347705.098535, 4
1347705.119000, 4
1347705.139461, 4
1347705.159919, 4
1347705.180379, 4
1347705.200839, 4
1347705.221299, 4
1347705.241767, 4
1347705.262226, 4
1347705.282685, 4
1347705.303145, 4
1347705.323604, 4
1347705.344068, 4
1347705.364744, 4
1347705.385202, 4
1347705.405660, 4
1347705.426120, 4
1347705.446578, 4
1347705.467036, 4
1347705.487496, 4
1347705.507954, 4
1347705.528414, 4
1347705.548874, 4
1347705.569332, 4
1347705.589795, 4
1347705.610254, 4
1347705.630712, 4
1347705.651172, 4
1347705.671631, 4
1347705.692090, 4
1347705.712554, 4
1347705.733016, 4
1347705.753503, 4
1347705.773973, 4
1347705.794455, 4
1347705.814922, 4
1347705.835525, 4
1347705.855987, 4
1347705.876446, 4
1347705.896905, 4
1347705.917365, 4
1347705.937825, 4
1347705.958284, 4
1347705.978744, 4
1347705.999203, 4
1347706.019662, 4
1347706.040123, 4
1347706.060582, 4
1347706.081044, 4
1347706.101532, 4
1347706.122015, 4
1347706.142480, 4
1347706.162960, 4
1347706.183426, 4
1347706.203885, 4
1347706.224353, 4
1347706.245100, 4
1347706.265559, 4
1347706.286020, 4
1347706.306480, 4
1347706.326938, 4
1347706.347396, 4
1347706.367855, 4
1347706.388318, 4
1347706.408778, 4
1347706.429237, 4
1347706.449695, 4
1347706.470160, 4
1347706.490636, 4
1347706.511103, 4
1347706.531565, 4
1347706.552005, 4
1347706.572464, 4
1347706.592925, 4
1347706.613384, 4
1347706.633847, 4
1347706.654311, 4
1347706.674770, 4
1347706.695228, 4
1347706.715888, 4
1347706.736352, 4
1347706.756815, 4
1347706.777307, 4
1347706.797776, 4
1347706.818240, 4
1347706.838699, 4
1347706.859160, 4
1347706.879619, 4
1347706.900081, 4
1347706.920539, 4
1347706.940998, 4
1347706.961457, 4
1347706.981915, 4
1347707.002373, 4
1347707.022846, 4
1347707.043305, 4
1347707.063766, 4
1347707.084231, 4
1347707.104693, 4
1347707.125153, 4
1347707.145614, 4
1347707.166076, 4
1347707.186699, 4
1347707.207159, 4
1347707.227621, 4
1347707.248084, 4
1347707.268547, 4
1347707.289005, 4
1347707.309464, 4
1347707.329926, 4
1347707.350385, 4
1347707.370844, 4
1347707.391303, 4
1347707.411762, 4
1347707.432222, 4
1347707.452681, 4
1347707.473138, 4
1347707.493596, 4
1347707.514055, 4
1347707.534515, 4
1347707.554973, 4
1347707.575432, 4
1347707.595892, 4
1347707.616357, 4
1347707.636815, 4
1347707.657480, 4
1347707.677938, 4
1347707.698408, 4
1347707.718867, 4
1347707.739326, 4
1347707.759785, 4
1347707.780251, 4
1347707.800750, 4
1347707.821224, 4
1347707.841690, 4
1347707.862154, 4
1347707.882615, 4
1347707.903077, 4
1347707.923538, 4
1347707.944005, 4
1347707.964468, 4
1347707.984929, 4
1347708.005395, 4
1347708.025857, 4
1347708.046317, 4
1347708.067074, 4
1347708.087541, 4
1347708.108009, 4
1347708.128488, 4
1347708.148957, 4
1347708.169419, 4
1347708.189885, 4
1347708.210346, 4
1347708.230808, 4
1347708.251271, 4
1347708.271733, 4
1347708.292197, 4
1347708.312658, 4
1347708.333118, 4
1347708.353595, 4
1347708.374057, 4
1347708.394516, 4
1347708.414976, 4
1347708.435434, 4
1347708.455893, 4
1347708.476358, 4
1347708.496817, 4
1347708.517275, 4
1347708.537904, 4
1347708.558363, 4
1347708.578821, 4
1347708.599279, 4
1347708.619738, 4
1347708.640194, 4
1347708.660654, 4
1347708.681113, 4
1347708.701574, 4
1347708.722033, 4
1347708.742491, 4
1347708.762950, 4
1347708.783408, 4
1347708.803871, 4
1347708.824381, 4
1347708.844850, 4
1347708.865314, 4
1347708.885778, 4
1347708.906237, 4
1347708.926700, 4
1347708.947203, 4
1347708.967681, 4
1347708.988145, 4
1347709.008728, 4
1347709.029191, 4
1347709.049651, 4
1347709.070110, 4
1347709.090573, 4
1347709.111032, 4
1347709.131491, 4
1347709.151950, 4
1347709.172409, 4
1347709.192868, 4
1347709.213329, 4
1347709.233788, 4
1347709.254250, 4
1347709.274709, 4
1347709.295168, 4
1347709.315626, 4
1347709.336086, 4
1347709.356553, 4
1347709.377013, 4
1347709.397471, 4
1347709.417936, 4
1347709.438395, 4
1347709.458854, 4
1347709.479541, 4
1347709.499999, 4
1347709.520463, 4
1347709.540921, 4
1347709.561379, 4
1347709.581838, 4
1347709.602295, 4
1347709.622754, 4
1347709.643212, 4
1347709.663671, 4
1347709.684131, 4
1347709.704595, 4
1347709.725054, 4
1347709.745512, 4
1347709.765971, 4
1347709.786429, 4
1347709.806888, 4
1347709.827353, 4
1347709.847836, 4
1347709.868300, 4
1347709.888762, 4
1347709.909225, 4
1347709.929684, 4
1347709.950351, 4
1347709.970810, 4
1347709.991269, 4
1347710.011729, 4
1347710.032192, 4
1347710.052651, 4
1347710.073109, 4
1347710.093573, 4
1347710.114061, 4
1347710.134533, 4
1347710.154997, 4
1347710.175459, 4
1347710.195918, 4
1347710.216379, 4
1347710.236848, 4
1347710.257307, 4
1347710.277766, 4
1347710.298227, 4
1347710.318686, 4
1347710.339145, 4
1347710.359605, 4
1347710.380075, 4
1347710.400576, 4
1347710.421201, 4
1347710.441667, 4
1347710.462127, 4
1347710.482585, 4
1347710.503039, 4
1347710.523497, 4
1347710.543951, 4
1347710.564408, 4
1347710.584864, 4
1347710.605319, 4
1347710.625775, 4
1347710.646232, 4
1347710.666706, 4
1347710.687169, 4
1347710.707625, 4
1347710.728085, 4
1347710.748543, 4
1347710.769003, 4
1347710.789459, 4
1347710.809915, 4
1347710.830390, 4
1347710.850854, 4
1347710.871340, 4
1347710.891977, 4
1347710.912455, 4
1347710.932921, 4
1347710.953381, 4
1347710.973839, 4
1347710.994294, 4
1347711.014756, 4
1347711.035240, 4
1347711.055713, 4
1347711.076187, 4
1347711.096652, 4
1347711.117117, 4
1347711.137581, 4
1347711.158067, 4
1347711.178539, 4
1347711.199006, 4
1347711.219469, 4
1347711.239940, 4
1347711.260408, 4
1347711.280872, 4
1347711.301545, 4
1347711.322009, 4
1347711.342472, 4
1347711.362943, 4
1347711.383440, 4
1347711.403909, 4
1347711.424375, 4
1347711.444838, 4
1347711.465302, 4
1347711.485765, 4
1347711.506227, 4
1347711.526687, 4
1347711.547149, 4
1347711.567613, 4
1347711.588082, 4
1347711.608549, 4
1347711.629043, 4
1347711.649523, 4
1347711.669985, 4
1347711.690450, 4
1347711.711122, 4
1347711.731587, 4
1347711.752064, 4
1347711.772525, 4
1347711.792990, 4
1347711.813454, 4
1347711.833919, 4
1347711.854386, 4
1347711.874878, 4
1347711.895363, 4
1347711.915837, 4
1347711.936329, 4
1347711.956796, 4
1347711.977260, 4
1347711.997729, 4
1347712.018195, 4
1347712.038658, 4
1347712.059120, 4
1347712.079584, 4
1347712.100014, 4
1347712.120726, 4
1347712.141196, 4
1347712.161662, 4
1347712.182128, 4
1347712.202589, 4
1347712.223058, 4
1347712.243560, 4
1347712.264007, 4
1347712.284475, 4
1347712.304937, 4
1347712.325404, 4
1347712.345875, 4
1347712.366367, 4
1347712.386836, 4
1347712.407312, 4
1347712.427795, 4
1347712.448272, 4
1347712.468740, 4
1347712.489206, 4
1347712.509669, 4
1347712.530285, 4
1347712.550749, 4
1347712.571212, 4
1347712.591680, 4
1347712.612178, 4
1347712.632649, 4
1347712.653111, 4
1347712.673575, 4
1347712.694038, 4
1347712.714502, 4
1347712.734965, 4
1347712.755430, 4
1347712.775894, 4
1347712.796358, 4
1347712.816823, 4
1347712.837288, 4
1347712.857786, 4
1347712.878258, 4
1347712.898727, 4
1347712.919233, 4
1347712.939938, 4
1347712.960410, 4
1347712.980876, 4
1347713.001340, 4
1347713.021809, 4
1347713.042303, 4
1347713.062775, 4
1347713.083244, 4
1347713.103732, 4
1347713.124201, 4
1347713.144667, 4
1347713.165131, 4
1347713.185594, 4
1347713.206059, 4
1347713.226532, 4
1347713.246996, 4
1347713.267461, 4
1347713.287925, 4
1347713.308391, 4
1347713.328858, 4
1347713.349565, 4
1347713.370038, 4
1347713.390503, 4
1347713.410970, 4
1347713.431435, 4
1347713.451898, 4
1347713.472398, 4
1347713.492901, 4
1347713.513396, 4
1347713.533893, 4
1347713.554396, 4
1347713.574905, 4
1347713.595388, 4
1347713.615851, 4
1347713.636319, 4
1347713.656778, 4
1347713.677237, 4
1347713.697918, 4
1347713.718377, 4
1347713.738836, 4
1347713.759295, 4
1347713.779753, 4
1347713.800213, 4
1347713.820676, 4
1347713.841134, 4
1347713.861592, 4
1347713.882054, 4
1347713.902512, 4
1347713.922977, 4
1347713.943477, 4
1347713.963954, 4
1347713.984424, 4
1347714.004888, 4
1347714.025349, 4
1347714.045814, 4
1347714.066275, 4
1347714.086734, 4
1347714.107195, 4
1347714.127654, 4
1347714.148114, 4
1347714.168764, 4
1347714.189222, 4
1347714.209682, 4
1347714.230141, 4
1347714.250599, 4
1347714.271058, 4
1347714.291516, 4
1347714.311975, 4
1347714.332438, 4
1347714.352897, 4
1347714.373356, 4
1347714.393816, 4
1347714.414275, 4
1347714.434735, 4
1347714.455195, 4
1347714.475654, 4
1347714.496113, 4
1347714.516575, 4
1347714.537034, 4
1347714.557492, 4
1347714.577953, 4
1347714.598411, 4
1347714.618871, 4
1347714.639588, 4
1347714.660004, 4
1347714.680462, 4
1347714.700920, 4
1347714.721384, 4
1347714.741843, 4
1347714.762302, 4
1347714.782764, 4
1347714.803224, 4
1347714.823685, 4
1347714.844144, 4
1347714.864603, 4
1347714.885066, 4
1347714.905526, 4
1347714.925984, 4
1347714.946448, 4
1347714.966965, 4
1347714.987445, 4
1347715.007917, 4
1347715.028395, 4
1347715.048868, 4
1347715.069341, 4
1347715.089811, 4
1347715.110429, 4
1347715.130891, 4
1347715.151352, 4
1347715.171814, 4
1347715.192281, 4
1347715.212744, 4
1347715.233208, 4
1347715.253671, 4
1347715.274134, 4
1347715.294604, 4
1347715.315078, 4
1347715.335546, 4
1347715.356006, 4
1347715.376467, 4
1347715.396937, 4
1347715.417398, 4
1347715.437860, 4
1347715.458331, 4
1347715.478811, 4
1347715.499275, 4
1347715.520005, 4
1347715.540471, 4
1347715.560945, 4
1347715.581413, 4
1347715.601876, 4
1347715.622339, 4
1347715.642801, 4
1347715.663262, 4
1347715.683723, 4
1347715.704190, 4
1347715.724653, 4
1347715.745114, 4
1347715.765575, 4
1347715.786038, 4
1347715.806535, 4
1347715.827001, 4
1347715.847462, 4
1347715.867925, 4
1347715.888391, 4
1347715.908853, 4
1347715.929317, 4
1347715.949797, 4
1347715.970265, 4
1347715.990891, 4
1347716.011358, 4
1347716.031827, 4
1347716.052315, 4
1347716.072787, 4
1347716.093253, 4
1347716.113718, 4
1347716.134181, 4
1347716.154643, 4
1347716.175107, 4
1347716.195570, 4
1347716.216014, 4
1347716.236491, 4
1347716.256962, 4
1347716.277432, 4
1347716.297914, 4
1347716.318382, 4
1347716.338849, 4
1347716.359311, 4
1347716.379772, 4
1347716.400497, 4
1347716.420958, 4
1347716.441421, 4
1347716.461885, 4
1347716.482348, 4
1347716.502810, 4
1347716.523274, 4
1347716.543748, 4
1347716.564215, 4
1347716.584679, 4
1347716.605140, 4
1347716.625606, 4
1347716.646069, 4
1347716.666530, 4
1347716.686992, 4
1347716.707453, 4
1347716.727914, 4
1347716.748380, 4
1347716.768845, 4
1347716.789328, 4
1347716.809808, 4
1347716.830274, 4
1347716.850737, 4
1347716.871353, 4
1347716.891814, 4
1347716.912287, 4
1347716.932775, 4
1347716.953242, 4
1347716.973706, 4
1347716.994177, 4
1347717.014670, 4
1347717.035154, 4
1347717.055620, 4
1347717.076087, 4
1347717.096556, 4
1347717.117021, 4
1347717.137485, 4
1347717.157955, 4
1347717.178418, 4
1347717.198878, 4
1347717.219348, 4
1347717.239810, 4
1347717.260281, 4
1347717.281007, 4
1347717.301475, 4
1347717.321939, 4
1347717.342404, 4
1347717.362865, 4
1347717.383326, 4
1347717.403788, 4
1347717.424250, 4
1347717.444713, 4
1347717.465175, 4
1347717.485637, 4
1347717.506105, 4
1347717.526601, 4
1347717.547067, 4
1347717.567531, 4
1347717.587996, 4
1347717.608464, 4
1347717.628929, 4
1347717.649393, 4
1347717.669855, 4
1347717.690576, 4
1347717.711042, 4
1347717.731503, 4
1347717.751967, 4
1347717.772449, 4
1347717.792918, 4
1347717.813381, 4
1347717.833843, 4
1347717.854304, 4
1347717.874766, 4
1347717.895228, 4
1347717.915694, 4
1347717.936173, 4
1347717.956639, 4
1347717.977111, 4
1347717.997576, 4
1347718.018067, 4
1347718.038540, 4
1347718.059027, 4
1347718.079499, 4
1347718.100279, 4
1347718.120746, 4
1347718.141213, 4
1347718.161677, 4
1347718.182138, 4
1347718.202602, 4
1347718.223071, 4
1347718.243568, 4
1347718.264007, 4
1347718.284472, 4
1347718.304938, 4
1347718.325405, 4
1347718.345870, 4
1347718.366335, 4
1347718.386797, 4
1347718.407260, 4
1347718.427720, 4
1347718.448192, 4
1347718.468655, 4
1347718.489121, 4
1347718.509864, 4
1347718.530328, 4
1347718.550791, 4
1347718.571255, 4
1347718.591719, 4
1347718.612187, 4
1347718.632649, 4
1347718.653112, 4
1347718.673576, 4
1347718.694040, 4
1347718.714504, 4
1347718.734969, 4
1347718.755464, 4
1347718.775930, 4
1347718.796397, 4
1347718.816859, 4
1347718.837320, 4
1347718.857786, 4
1347718.878246, 4
1347718.898709, 4
1347718.919409, 4
1347718.939895, 4
1347718.960366, 4
1347718.980831, 4
1347719.001330, 4
1347719.021810, 4
1347719.042311, 4
1347719.062785, 4
1347719.083271, 4
1347719.103737, 4
1347719.124204, 4
1347719.144675, 4
1347719.165138, 4
1347719.185601, 4
1347719.206067, 4
1347719.226531, 4
1347719.247026, 4
1347719.267797, 4
1347719.288269, 4
1347719.308730, 4
1347719.329195, 4
1347719.349658, 4
1347719.370122, 4
1347719.390585, 4
1347719.411047, 4
1347719.431508, 4
1347719.451972, 4
1347719.472439, 4
1347719.492928, 4
1347719.513392, 4
1347719.533855, 4
1347719.554318, 4
1347719.574780, 4
1347719.595241, 4
1347719.615703, 4
1347719.636168, 4
1347719.656630, 4
1347719.677354, 4
1347719.697815, 4
1347719.718284, 4
1347719.738777, 4
1347719.759253, 4
1347719.779716, 4
1347719.800183, 4
1347719.820644, 4
1347719.841108, 4
1347719.861571, 4
1347719.882033, 4
1347719.902495, 4
1347719.922959, 4
1347719.943433, 4
1347719.963902, 4
1347719.984394, 4
1347720.004859, 4
1347720.025323, 4
1347720.045785, 4
1347720.066250, 4
1347720.086973, 4
1347720.107443, 4
1347720.127908, 4
1347720.148386, 4
1347720.168852, 4
1347720.189317, 4
1347720.209781, 4
1347720.230276, 4
1347720.250771, 4
1347720.271238, 4
1347720.291701, 4
1347720.312164, 4
1347720.332625, 4
1347720.353088, 4
1347720.373553, 4
1347720.394016, 4
1347720.414479, 4
1347720.434942, 4
1347720.455404, 4
1347720.475897, 4
1347720.496524, 4
1347720.516989, 4
1347720.537451, 4
1347720.557916, 4
1347720.578378, 4
1347720.598841, 4
1347720.619304, 4
1347720.639766, 4
1347720.660229, 4
1347720.680690, 4
1347720.701152, 4
1347720.721650, 4
1347720.742120, 4
1347720.762586, 4
1347720.783050, 4
1347720.803511, 4
1347720.823972, 4
1347720.844436, 4
1347720.864898, 4
1347720.885361, 4
1347720.906088, 4
1347720.926552, 4
1347720.947045, 4
1347720.967540, 4
1347720.988006, 4
1347721.008477, 4
1347721.028968, 4
1347721.049437, 4
1347721.069901, 4
1347721.090369, 4
1347721.110857, 4
1347721.131327, 4
1347721.151792, 4
1347721.172258, 4
1347721.192723, 4
1347721.213200, 4
1347721.233665, 4
1347721.254131, 4
1347721.274594, 4
1347721.295055, 4
1347721.315649, 4
1347721.336113, 4
1347721.356576, 4
1347721.377039, 4
1347721.397502, 4
1347721.417964, 4
1347721.438427, 4
1347721.458913, 4
1347721.479382, 4
1347721.499847, 4
1347721.520311, 4
1347721.540775, 4
1347721.561236, 4
1347721.581697, 4
1347721.602162, 4
1347721.622626, 4
1347721.643088, 4
1347721.663553, 4
1347721.684008, 4
1347721.704503, 4
1347721.725202, 4
1347721.745671, 4
1347721.766135, 4
1347721.786596, 4
1347721.807056, 4
1347721.827517, 4
1347721.847980, 4
1347721.868444, 4
1347721.888907, 4
1347721.909373, 4
1347721.929869, 4
1347721.950356, 4
1347721.970827, 4
1347721.991295, 4
1347722.011768, 4
1347722.032232, 4
1347722.052695, 4
1347722.073156, 4
1347722.093618, 4
1347722.114087, 4
1347722.134833, 4
1347722.155301, 4
1347722.175768, 4
1347722.196246, 4
1347722.216716, 4
1347722.237188, 4
1347722.257654, 4
1347722.278118, 4
1347722.298581, 4
1347722.319045, 4
1347722.339509, 4
1347722.359972, 4
1347722.380437, 4
1347722.400903, 4
1347722.421389, 4
1347722.441867, 4
1347722.462343, 4
1347722.482845, 4
1347722.503319, 4
1347722.523785, 4
1347722.544294, 4
1347722.564754, 4
1347722.585218, 4
1347722.605677, 4
1347722.626136, 4
1347722.646598, 4
1347722.667056, 4
1347722.687515, 4
1347722.707974, 4
1347722.728432, 4
1347722.748891, 4
1347722.769351, 4
1347722.789809, 4
1347722.810270, 4
1347722.830730, 4
1347722.851189, 4
1347722.871648, 4
1347722.892109, 4
1347722.912567, 4
1347722.933026, 4
1347722.953486, 4
1347722.973948, 4
1347722.994406, 4
1347723.015042, 4
1347723.035501, 4
1347723.055960, 4
1347723.076419, 4
1347723.096885, 4
1347723.117343, 4
1347723.137803, 4
1347723.158268, 4
1347723.178760, 4
1347723.199256, 4
1347723.219754, 4
1347723.240257, 4
1347723.260755, 4
1347723.281237, 4
1347723.301750, 4
1347723.322235, 4
1347723.342703, 4
1347723.363379, 4
1347723.383839, 4
1347723.404303, 4
1347723.424802, 4
1347723.445297, 4
1347723.465795, 4
1347723.486292, 4
1347723.506783, 4
1347723.527280, 4
1347723.547779, 4
1347723.568283, 4
1347723.588796, 4
1347723.609280, 4
1347723.629746, 4
1347723.650211, 4
1347723.670674, 4
1347723.691135, 4
1347723.711719, 4
1347723.732184, 4
1347723.752643, 4
1347723.773102, 4
1347723.793561, 4
1347723.814021, 4
1347723.834479, 4
1347723.854938, 4
1347723.875398, 4
1347723.895860, 4
1347723.916379, 4
1347723.936877, 4
1347723.957373, 4
1347723.977866, 4
1347723.998377, 4
1347724.018862, 4
1347724.039327, 4
1347724.060070, 4
1347724.080533, 4
1347724.100993, 4
1347724.121453, 4
1347724.141911, 4
1347724.162370, 4
1347724.182832, 4
1347724.203319, 4
1347724.223784, 4
1347724.244249, 4
1347724.264709, 4
1347724.285170, 4
1347724.305630, 4
1347724.326089, 4
1347724.346550, 4
1347724.367010, 4
1347724.387469, 4
1347724.407930, 4
1347724.428393, 4
1347724.448854, 4
1347724.469605, 4
1347724.490067, 4
1347724.510526, 4
1347724.530986, 4
1347724.551446, 4
1347724.571907, 4
1347724.592367, 4
1347724.612829, 4
1347724.633288, 4
1347724.653748, 4
1347724.674207, 4
1347724.694667, 4
1347724.715126, 4
1347724.735585, 4
1347724.756005, 4
1347724.776463, 4
1347724.796938, 4
1347724.817401, 4
1347724.837865, 4
1347724.858325, 4
1347724.878788, 4
1347724.899247, 4
1347724.919705, 4
1347724.940399, 4
1347724.960857, 4
1347724.981320, 4
1347725.001779, 4
1347725.022239, 4
1347725.042698, 4
1347725.063157, 4
1347725.083615, 4
1347725.104079, 4
1347725.124538, 4
1347725.144996, 4
1347725.165454, 4
1347725.185913, 4
1347725.206375, 4
1347725.226863, 4
1347725.247327, 4
1347725.267789, 4
1347725.288252, 4
1347725.308712, 4
1347725.329172, 4
1347725.349635, 4
1347725.370096, 4
1347725.390555, 4
1347725.411208, 4
1347725.431668, 4
1347725.452128, 4
1347725.472588, 4
1347725.493046, 4
1347725.513508, 4
1347725.533967, 4
1347725.554426, 4
1347725.574885, 4
1347725.595347, 4
1347725.615805, 4
1347725.636270, 4
1347725.656729, 4
1347725.677188, 4
1347725.697647, 4
1347725.718110, 4
1347725.738569, 4
1347725.759029, 4
1347725.779488, 4
1347725.799948, 4
1347725.820416, 4
1347725.840877, 4
1347725.861336, 4
1347725.881988, 4
1347725.902447, 4
1347725.922906, 4
1347725.943365, 4
1347725.963824, 4
1347725.984284, 4
1347726.004743, 4
1347726.025202, 4
1347726.045663, 4
1347726.066123, 4
1347726.086581, 4
1347726.107048, 4
1347726.127549, 4
1347726.148009, 4
1347726.168531, 4
1347726.189016, 4
1347726.209487, 4
1347726.229957, 4
1347726.250448, 4
1347726.270919, 4
1347726.291601, 4
1347726.312073, 4
1347726.332541, 4
1347726.353036, 4
1347726.373522, 4
1347726.393987, 4
1347726.414454, 4
1347726.434918, 4
1347726.455383, 4
1347726.475847, 4
1347726.496312, 4
1347726.516775, 4
1347726.537237, 4
1347726.557702, 4
1347726.578169, 4
1347726.598668, 4
1347726.619152, 4
1347726.639631, 4
1347726.660106, 4
1347726.680591, 4
1347726.701211, 4
1347726.721673, 4
1347726.742136, 4
1347726.762598, 4
1347726.783060, 4
1347726.803521, 4
1347726.823988, 4
1347726.844487, 4
1347726.864980, 4
1347726.885452, 4
1347726.905917, 4
1347726.926382, 4
1347726.946876, 4
1347726.967347, 4
1347726.987813, 4
1347727.008285, 4
1347727.028782, 4
1347727.049254, 4
1347727.069722, 4
1347727.090218, 4
1347727.122931, 4
1347727.143399, 4
1347727.163862, 4
1347727.184327, 4
1347727.204920, 4
1347727.225380, 4
1347727.245847, 4
1347727.266340, 4
1347727.286813, 4
1347727.307280, 4
1347727.327743, 4
1347727.348227, 4
1347727.368705, 4
1347727.389170, 4
1347727.409637, 4
1347727.430103, 4
1347727.450568, 4
1347727.471031, 4
1347727.491502, 4
1347727.511965, 4
1347727.532427, 4
1347727.552891, 4
1347727.573354, 4
1347727.593831, 4
1347727.614487, 4
1347727.634948, 4
1347727.655409, 4
1347727.675875, 4
1347727.696385, 4
1347727.716854, 4
1347727.737319, 4
1347727.757785, 4
1347727.778249, 4
1347727.798713, 4
1347727.819176, 4
1347727.839669, 4
1347727.860141, 4
1347727.880609, 4
1347727.901078, 4
1347727.921544, 4
1347727.942036, 4
1347727.962506, 4
1347727.982977, 4
1347728.003462, 4
1347728.024066, 4
1347728.044532, 4
1347728.065000, 4
1347728.085498, 4
1347728.105988, 4
1347728.126459, 4
1347728.146924, 4
1347728.167388, 4
1347728.187853, 4
1347728.208317, 4
1347728.228784, 4
1347728.249279, 4
1347728.269751, 4
1347728.290241, 4
1347728.310714, 4
1347728.331190, 4
1347728.351660, 4
1347728.372130, 4
1347728.392597, 4
1347728.413062, 4
1347728.433643, 4
1347728.454106, 4
1347728.474569, 4
1347728.495032, 4
1347728.515497, 4
1347728.535959, 4
1347728.556423, 4
1347728.576905, 4
1347728.597375, 4
1347728.617840, 4
1347728.638302, 4
1347728.658767, 4
1347728.679232, 4
1347728.699694, 4
1347728.720162, 4
1347728.740625, 4
1347728.761088, 4
1347728.781553, 4
1347728.802016, 4
1347728.822511, 4
1347728.843228, 4
1347728.863694, 4
1347728.884159, 4
1347728.904621, 4
1347728.925087, 4
1347728.945584, 4
1347728.966058, 4
1347728.986522, 4
1347729.006986, 4
1347729.027450, 4
1347729.047925, 4
1347729.068400, 4
1347729.088864, 4
1347729.109326, 4
1347729.129788, 4
1347729.150249, 4
1347729.170710, 4
1347729.191177, 4
1347729.211641, 4
1347729.232107, 4
1347729.252799, 4
1347729.273264, 4
1347729.293734, 4
1347729.314223, 4
1347729.334689, 4
1347729.355151, 4
1347729.375615, 4
1347729.396085, 4
1347729.416549, 4
1347729.437011, 4
1347729.457472, 4
1347729.477953, 4
1347729.498420, 4
1347729.518887, 4
1347729.539380, 4
1347729.559867, 4
1347729.580336, 4
1347729.600809, 4
1347729.621273, 4
1347729.641735, 4
1347729.662414, 4
1347729.682874, 4
1347729.703336, 4
1347729.723798, 4
1347729.744267, 4
1347729.764732, 4
1347729.785208, 4
1347729.805694, 4
1347729.826159, 4
1347729.846624, 4
1347729.867088, 4
1347729.887551, 4
1347729.908006, 4
1347729.928469, 4
1347729.948954, 4
1347729.969419, 4
1347729.989882, 4
1347730.010350, 4
1347730.030820, 4
1347730.051299, 4
1347730.072006, 4
1347730.092468, 4
1347730.112931, 4
1347730.133397, 4
1347730.153910, 4
1347730.174412, 4
1347730.194910, 4
1347730.215411, 4
1347730.235914, 4
1347730.256414, 4
1347730.276910, 4
1347730.297408, 4
1347730.317878, 4
1347730.338372, 4
1347730.358856, 4
1347730.379328, 4
1347730.399792, 4
1347730.420412, 4
1347730.440871, 4
1347730.461330, 4
1347730.481790, 4
1347730.502249, 4
1347730.522709, 4
1347730.543168, 4
1347730.563630, 4
1347730.584090, 4
1347730.604550, 4
1347730.625009, 4
1347730.645468, 4
1347730.665927, 4
1347730.686386, 4
1347730.706845, 4
1347730.727305, 4
1347730.747765, 4
1347730.768241, 4
1347730.788701, 4
1347730.809165, 4
1347730.829624, 4
1347730.850084, 4
1347730.870543, 4
1347730.891218, 4
1347730.911676, 4
1347730.932135, 4
1347730.952595, 4
1347730.973054, 4
1347730.993513, 4
1347731.013972, 4
1347731.034430, 4
1347731.054890, 4
1347731.075350, 4
1347731.095809, 4
1347731.116272, 4
1347731.136731, 4
1347731.157189, 4
1347731.177650, 4
1347731.198109, 4
1347731.218568, 4
1347731.239038, 4
1347731.259497, 4
1347731.279957, 4
1347731.300420, 4
1347731.320880, 4
1347731.341340, 4
1347731.362067, 4
1347731.382563, 4
1347731.403036, 4
1347731.423500, 4
1347731.443960, 4
1347731.464420, 4
1347731.484879, 4
1347731.505339, 4
1347731.525798, 4
1347731.546257, 4
1347731.566716, 4
1347731.587177, 4
1347731.607637, 4
1347731.628099, 4
1347731.648562, 4
1347731.669021, 4
1347731.689482, 4
1347731.709943, 4
1347731.730404, 4
1347731.750864, 4
1347731.771326, 4
1347731.791786, 4
1347731.812247, 4
1347731.832832, 4
1347731.853294, 4
1347731.873753, 4
1347731.894212, 4
1347731.914673, 4
1347731.935131, 4
1347731.955591, 4
1347731.976008, 4
1347731.996466, 4
1347732.016928, 4
1347732.037387, 4
1347732.057846, 4
1347732.078307, 4
1347732.098771, 4
1347732.136739, 4
1347732.157220, 4
1347732.177685, 4
1347732.198149, 4
1347732.218616, 4
1347732.239077, 4
1347732.259536, 4
1347732.280130, 4
1347732.300591, 4
1347732.321053, 4
1347732.341512, 4
1347732.361975, 4
1347732.382464, 4
1347732.402947, 4
1347732.423413, 4
1347732.443876, 4
1347732.464351, 4
1347732.484832, 4
1347732.505302, 4
1347732.525764, 4
1347732.546228, 4
1347732.566696, 4
1347732.587156, 4
1347732.607615, 4
1347732.628083, 4
1347732.648546, 4
1347732.669007, 4
1347732.689468, 4
1347732.709937, 4
1347732.730418, 4
1347732.750997, 4
1347732.771462, 4
1347732.791924, 4
1347732.812385, 4
1347732.832846, 4
1347732.853309, 4
1347732.873769, 4
1347732.894230, 4
1347732.914694, 4
1347732.935186, 4
1347732.955669, 4
1347732.976166, 4
1347732.996636, 4
1347733.017100, 4
1347733.037566, 4
1347733.058027, 4
1347733.078491, 4
1347733.098953, 4
1347733.119414, 4
1347733.139874, 4
1347733.160586, 4
1347733.181048, 4
1347733.201512, 4
1347733.221992, 4
1347733.242454, 4
1347733.262917, 4
1347733.283378, 4
1347733.303838, 4
1347733.324300, 4
1347733.344760, 4
1347733.365220, 4
1347733.385684, 4
1347733.406182, 4
1347733.426650, 4
1347733.447122, 4
1347733.467592, 4
1347733.488066, 4
1347733.508537, 4
1347733.529001, 4
1347733.549461, 4
1347733.570177, 4
1347733.590637, 4
1347733.611096, 4
1347733.631555, 4
1347733.652004, 4
1347733.672465, 4
1347733.692930, 4
1347733.713419, 4
1347733.733890, 4
1347733.754353, 4
1347733.774813, 4
1347733.795276, 4
1347733.815737, 4
1347733.836198, 4
1347733.856660, 4
1347733.877123, 4
1347733.897585, 4
1347733.918050, 4
1347733.938553, 4
1347733.959044, 4
1347733.979784, 4
1347734.000249, 4
1347734.020710, 4
1347734.041172, 4
1347734.061632, 4
1347734.082092, 4
1347734.102556, 4
1347734.123048, 4
1347734.143538, 4
1347734.164005, 4
1347734.184471, 4
1347734.204950, 4
1347734.225425, 4
1347734.245892, 4
1347734.266355, 4
1347734.286815, 4
1347734.307275, 4
1347734.327739, 4
1347734.348223, 4
1347734.368687, 4
1347734.389385, 4
1347734.409853, 4
1347734.430345, 4
1347734.450830, 4
1347734.471303, 4
1347734.491766, 4
1347734.512228, 4
1347734.532689, 4
1347734.553148, 4
1347734.573611, 4
1347734.594073, 4
1347734.614535, 4
1347734.634995, 4
1347734.655455, 4
1347734.675921, 4
1347734.696404, 4
1347734.716878, 4
1347734.737342, 4
1347734.757803, 4
1347734.778265, 4
1347734.798999, 4
1347734.819462, 4
1347734.839921, 4
1347734.860381, 4
1347734.880843, 4
1347734.901307, 4
1347734.921792, 4
1347734.942276, 4
1347734.962769, 4
1347734.983268, 4
1347735.003766, 4
1347735.024260, 4
1347735.044754, 4
1347735.065249, 4
1347735.085777, 4
1347735.106259, 4
1347735.126724, 4
1347735.147426, 4
1347735.167888, 4
1347735.188355, 4
1347735.208815, 4
1347735.229276, 4
1347735.249736, 4
1347735.270197, 4
1347735.290658, 4
1347735.311117, 4
1347735.331578, 4
1347735.352005, 4
1347735.372465, 4
1347735.392925, 4
1347735.413385, 4
1347735.433853, 4
1347735.454351, 4
1347735.474825, 4
1347735.495293, 4
1347735.515757, 4
1347735.536222, 4
1347735.556687, 4
1347735.577150, 4
1347735.597612, 4
1347735.618375, 4
1347735.638835, 4
1347735.659297, 4
1347735.679757, 4
1347735.700222, 4
1347735.720685, 4
1347735.741150, 4
1347735.761613, 4
1347735.782076, 4
1347735.802537, 4
1347735.822998, 4
1347735.843459, 4
1347735.863920, 4
1347735.884385, 4
1347735.904845, 4
1347735.925306, 4
1347735.945767, 4
1347735.966229, 4
1347735.986690, 4
1347736.007151, 4
1347736.027621, 4
1347736.048085, 4
1347736.068549, 4
1347736.089247, 4
1347736.109714, 4
1347736.130176, 4
1347736.150640, 4
1347736.171102, 4
1347736.191564, 4
1347736.212005, 4
1347736.232474, 4
1347736.252967, 4
1347736.273435, 4
1347736.293898, 4
1347736.314360, 4
1347736.334821, 4
1347736.355282, 4
1347736.375748, 4
1347736.396213, 4
1347736.416681, 4
1347736.437233, 4
1347736.457701, 4
1347736.478158, 4
1347736.498855, 4
1347736.519308, 4
1347736.539760, 4
1347736.560219, 4
1347736.580679, 4
1347736.601139, 4
1347736.621599, 4
1347736.642058, 4
1347736.662519, 4
1347736.682980, 4
1347736.703439, 4
1347736.723899, 4
1347736.744364, 4
1347736.764823, 4
1347736.785283, 4
1347736.805744, 4
1347736.826209, 4
1347736.846680, 4
1347736.867148, 4
1347736.887610, 4
1347736.908079, 4
1347736.928541, 4
1347736.949000, 4
1347736.969673, 4
1347736.990132, 4
1347737.010596, 4
1347737.031084, 4
1347737.051549, 4
1347737.072008, 4
1347737.092470, 4
1347737.141707, 4
1347737.162174, 4
1347737.182634, 4
1347737.203093, 4
1347737.223554, 4
1347737.244006, 4
1347737.264465, 4
1347737.285123, 4
1347737.305583, 4
1347737.326047, 4
1347737.346513, 4
1347737.366976, 4
1347737.387435, 4
1347737.407897, 4
1347737.428370, 4
1347737.448830, 4
1347737.469293, 4
1347737.489752, 4
1347737.510213, 4
1347737.530680, 4
1347737.551142, 4
1347737.571602, 4
1347737.592067, 4
1347737.612526, 4
1347737.632993, 4
1347737.653454, 4
1347737.673914, 4
1347737.694373, 4
1347737.714837, 4
1347737.735324, 4
1347737.755956, 4
1347737.776418, 4
1347737.796880, 4
1347737.817342, 4
1347737.837803, 4
1347737.858269, 4
1347737.878733, 4
1347737.899196, 4
1347737.919656, 4
1347737.940116, 4
1347737.960579, 4
1347737.981039, 4
1347738.001499, 4
1347738.021959, 4
1347738.042422, 4
1347738.062887, 4
1347738.083348, 4
1347738.103814, 4
1347738.124309, 4
1347738.144778, 4
1347738.165253, 4
1347738.185714, 4
1347738.206173, 4
1347738.226759, 4
1347738.247224, 4
1347738.267687, 4
1347738.288149, 4
1347738.308609, 4
1347738.329069, 4
1347738.349529, 4
1347738.369996, 4
1347738.390482, 4
1347738.410948, 4
1347738.431412, 4
1347738.451881, 4
1347738.472349, 4
1347738.492810, 4
1347738.513271, 4
1347738.533733, 4
1347738.554191, 4
1347738.574659, 4
1347738.595119, 4
1347738.615579, 4
1347738.636006, 4
1347738.656469, 4
1347738.676930, 4
1347738.697562, 4
1347738.718021, 4
1347738.738479, 4
1347738.758938, 4
1347738.779396, 4
1347738.799855, 4
1347738.820315, 4
1347738.840791, 4
1347738.861255, 4
1347738.881716, 4
1347738.902178, 4
1347738.922640, 4
1347738.943101, 4
1347738.963564, 4
1347738.984004, 4
1347739.004465, 4
1347739.024925, 4
1347739.045393, 4
1347739.065853, 4
1347739.086311, 4
1347739.106773, 4
1347739.127232, 4
1347739.147704, 4
1347739.168387, 4
1347739.188847, 4
1347739.209307, 4
1347739.229766, 4
1347739.250226, 4
1347739.270684, 4
1347739.291144, 4
1347739.311605, 4
1347739.332068, 4
1347739.352529, 4
1347739.372995, 4
1347739.393457, 4
1347739.413918, 4
1347739.434377, 4
1347739.454837, 4
1347739.475296, 4
1347739.495757, 4
1347739.516226, 4
1347739.536690, 4
1347739.557181, 4
1347739.577649, 4
1347739.598113, 4
1347739.618574, 4
1347739.639221, 4
1347739.659682, 4
1347739.680142, 4
1347739.700604, 4
1347739.721065, 4
1347739.741553, 4
1347739.762020, 4
1347739.782486, 4
1347739.802946, 4
1347739.823406, 4
1347739.843866, 4
1347739.864327, 4
1347739.884787, 4
1347739.905251, 4
1347739.925720, 4
1347739.946180, 4
1347739.966640, 4
1347739.987106, 4
1347740.007567, 4
1347740.028006, 4
1347740.048468, 4
1347740.068928, 4
1347740.089387, 4
1347740.110048, 4
1347740.130511, 4
1347740.150971, 4
1347740.171431, 4
1347740.191893, 4
1347740.212357, 4
1347740.232816, 4
1347740.253275, 4
1347740.273734, 4
1347740.294193, 4
1347740.314653, 4
1347740.335113, 4
1347740.355573, 4
1347740.376014, 4
1347740.396502, 4
1347740.416971, 4
1347740.437435, 4
1347740.457896, 4
1347740.478356, 4
1347740.498816, 4
1347740.519277, 4
1347740.539737, 4
1347740.560211, 4
1347740.580927, 4
1347740.601393, 4
1347740.621854, 4
1347740.642314, 4
1347740.662774, 4
1347740.683234, 4
1347740.703693, 4
1347740.724153, 4
1347740.744614, 4
1347740.765073, 4
1347740.785534, 4
1347740.806000, 4
1347740.826494, 4
1347740.846959, 4
1347740.867421, 4
1347740.887880, 4
1347740.908345, 4
1347740.928812, 4
1347740.949272, 4
1347740.969731, 4
1347740.990200, 4
1347741.010662, 4
1347741.031121, 4
1347741.051721, 4
1347741.072188, 4
1347741.092647, 4
1347741.113107, 4
1347741.133566, 4
1347741.154025, 4
1347741.174484, 4
1347741.194945, 4
1347741.215407, 4
1347741.235867, 4
1347741.256328, 4
1347741.276787, 4
1347741.297246, 4
1347741.317704, 4
1347741.338162, 4
1347741.358621, 4
1347741.379080, 4
1347741.399549, 4
1347741.420006, 4
1347741.440468, 4
1347741.460936, 4
1347741.481396, 4
1347741.501858, 4
1347741.522556, 4
1347741.543016, 4
1347741.563475, 4
1347741.583938, 4
1347741.604421, 4
1347741.624888, 4
1347741.645352, 4
1347741.665813, 4
1347741.686274, 4
1347741.706738, 4
1347741.727200, 4
1347741.747701, 4
1347741.768176, 4
1347741.788637, 4
1347741.809103, 4
1347741.829563, 4
1347741.850024, 4
1347741.870489, 4
1347741.890949, 4
1347741.911408, 4
1347741.931879, 4
1347741.952346, 4
1347741.972812, 4
1347741.993402, 4
1347742.013861, 4
1347742.034323, 4
1347742.054784, 4
1347742.075244, 4
1347742.095704, 4
1347742.146314, 4
1347742.166780, 4
1347742.187240, 4
1347742.207700, 4
1347742.228161, 4
1347742.248629, 4
1347742.269091, 4
1347742.289553, 4
1347742.310013, 4
1347742.330472, 4
1347742.350940, 4
1347742.371401, 4
1347742.391887, 4
1347742.412473, 4
1347742.432936, 4
1347742.453402, 4
1347742.473869, 4
1347742.494333, 4
1347742.514793, 4
1347742.535254, 4
1347742.555712, 4
1347742.576177, 4
1347742.596641, 4
1347742.617127, 4
1347742.637593, 4
1347742.658059, 4
1347742.678520, 4
1347742.698988, 4
1347742.719451, 4
1347742.739913, 4
1347742.760384, 4
1347742.780845, 4
1347742.801304, 4
1347742.821773, 4
1347742.842233, 4
1347742.862703, 4
1347742.883300, 4
1347742.903760, 4
1347742.924223, 4
1347742.944681, 4
1347742.965141, 4
1347742.985601, 4
1347743.006066, 4
1347743.026525, 4
1347743.046985, 4
1347743.067448, 4
1347743.087908, 4
1347743.108370, 4
1347743.128857, 4
1347743.149323, 4
1347743.169785, 4
1347743.190248, 4
1347743.210708, 4
1347743.231170, 4
1347743.251632, 4
1347743.272099, 4
1347743.292562, 4
1347743.313023, 4
1347743.333485, 4
1347743.354132, 4
1347743.374595, 4
1347743.395055, 4
1347743.415515, 4
1347743.435975, 4
1347743.456437, 4
1347743.476901, 4
1347743.497361, 4
1347743.517840, 4
1347743.538302, 4
1347743.558763, 4
1347743.579227, 4
1347743.599688, 4
1347743.620155, 4
1347743.640672, 4
1347743.661138, 4
1347743.681604, 4
1347743.702074, 4
1347743.722538, 4
1347743.743029, 4
1347743.763717, 4
1347743.784186, 4
1347743.804647, 4
1347743.825108, 4
1347743.845567, 4
1347743.866028, 4
1347743.886492, 4
1347743.906952, 4
1347743.927411, 4
1347743.947871, 4
1347743.968332, 4
1347743.988792, 4
1347744.009253, 4
1347744.029713, 4
1347744.050183, 4
1347744.070644, 4
1347744.091111, 4
1347744.111582, 4
1347744.132006, 4
1347744.152466, 4
1347744.172927, 4
1347744.193386, 4
1347744.213847, 4
1347744.234487, 4
1347744.254947, 4
1347744.275407, 4
1347744.295871, 4
1347744.316333, 4
1347744.336793, 4
1347744.357253, 4
1347744.377715, 4
1347744.398200, 4
1347744.418665, 4
1347744.439127, 4
1347744.459588, 4
1347744.480006, 4
1347744.500469, 4
1347744.520929, 4
1347744.541390, 4
1347744.561849, 4
1347744.582311, 4
1347744.602771, 4
1347744.623231, 4
1347744.643700, 4
1347744.664208, 4
1347744.684683, 4
1347744.705276, 4
1347744.725738, 4
1347744.746198, 4
1347744.766659, 4
1347744.787119, 4
1347744.807579, 4
1347744.828004, 4
1347744.848465, 4
1347744.868926, 4
1347744.889386, 4
1347744.909849, 4
1347744.930309, 4
1347744.950770, 4
1347744.971230, 4
1347744.991690, 4
1347745.012157, 4
1347745.032617, 4
1347745.053088, 4
1347745.073550, 4
1347745.094011, 4
1347745.114474, 4
1347745.134934, 4
1347745.155400, 4
1347745.176129, 4
1347745.196600, 4
1347745.217066, 4
1347745.237529, 4
1347745.257992, 4
1347745.278455, 4
1347745.298919, 4
1347745.319384, 4
1347745.339846, 4
1347745.360310, 4
1347745.380774, 4
1347745.401235, 4
1347745.421696, 4
1347745.442158, 4
1347745.462622, 4
1347745.483085, 4
1347745.503547, 4
1347745.524004, 4
1347745.544465, 4
1347745.564926, 4
1347745.585387, 4
1347745.605848, 4
1347745.626308, 4
1347745.646896, 4
1347745.667359, 4
1347745.687825, 4
1347745.708328, 4
1347745.728801, 4
1347745.749269, 4
1347745.769764, 4
1347745.790235, 4
1347745.810705, 4
1347745.831171, 4
1347745.851634, 4
1347745.872096, 4
1347745.892560, 4
1347745.913023, 4
1347745.933487, 4
1347745.953951, 4
1347745.974413, 4
1347745.994877, 4
1347746.015341, 4
1347746.035802, 4
1347746.056538, 4
1347746.076999, 4
1347746.097460, 4
1347746.117921, 4
1347746.138382, 4
1347746.158843, 4
1347746.179306, 4
1347746.199769, 4
1347746.220231, 4
1347746.240698, 4
1347746.261196, 4
1347746.281668, 4
1347746.302135, 4
1347746.322600, 4
1347746.343064, 4
1347746.363527, 4
1347746.383988, 4
1347746.404460, 4
1347746.424922, 4
1347746.445385, 4
1347746.465855, 4
1347746.486318, 4
1347746.506781, 4
1347746.527366, 4
1347746.547827, 4
1347746.568290, 4
1347746.588752, 4
1347746.609213, 4
1347746.629673, 4
1347746.650136, 4
1347746.670597, 4
1347746.691060, 4
1347746.711525, 4
1347746.732005, 4
1347746.752481, 4
1347746.772963, 4
1347746.793430, 4
1347746.813900, 4
1347746.834364, 4
1347746.854828, 4
1347746.875294, 4
1347746.895757, 4
1347746.916229, 4
1347746.937028, 4
1347746.957494, 4
1347746.977955, 4
1347746.998415, 4
1347747.018874, 4
1347747.039333, 4
1347747.059792, 4
1347747.080255, 4
1347747.100716, 4
1347747.123334, 4
1347747.143798, 4
1347747.164263, 4
1347747.184722, 4
1347747.205353, 4
1347747.225812, 4
1347747.246272, 4
1347747.266730, 4
1347747.287189, 4
1347747.307648, 4
1347747.328108, 4
1347747.348568, 4
1347747.369029, 4
1347747.389489, 4
1347747.409948, 4
1347747.430407, 4
1347747.450868, 4
1347747.471327, 4
1347747.491787, 4
1347747.512248, 4
1347747.532707, 4
1347747.553174, 4
1347747.573639, 4
1347747.594107, 4
1347747.614568, 4
1347747.635028, 4
1347747.655487, 4
1347747.676229, 4
1347747.696687, 4
1347747.717151, 4
1347747.737638, 4
1347747.758105, 4
1347747.778570, 4
1347747.799031, 4
1347747.819492, 4
1347747.839955, 4
1347747.860417, 4
1347747.880878, 4
1347747.901338, 4
1347747.921798, 4
1347747.942257, 4
1347747.962717, 4
1347747.983177, 4
1347748.003636, 4
1347748.024107, 4
1347748.044568, 4
1347748.065028, 4
1347748.085496, 4
1347748.105959, 4
1347748.126456, 4
1347748.147130, 4
1347748.167594, 4
1347748.188078, 4
1347748.208540, 4
1347748.229001, 4
1347748.249460, 4
1347748.269919, 4
1347748.290379, 4
1347748.310840, 4
1347748.331335, 4
1347748.351802, 4
1347748.372274, 4
1347748.392762, 4
1347748.413241, 4
1347748.433711, 4
1347748.454176, 4
1347748.474637, 4
1347748.495098, 4
1347748.515558, 4
1347748.536006, 4
1347748.556474, 4
1347748.576933, 4
1347748.597393, 4
1347748.617992, 4
1347748.638451, 4
1347748.658911, 4
1347748.679369, 4
1347748.699827, 4
1347748.720287, 4
1347748.740751, 4
1347748.761245, 4
1347748.781712, 4
1347748.802179, 4
1347748.822642, 4
1347748.843103, 4
1347748.863568, 4
1347748.884006, 4
1347748.904466, 4
1347748.924927, 4
1347748.945388, 4
1347748.965852, 4
1347748.986312, 4
1347749.006772, 4
1347749.027236, 4
1347749.047696, 4
1347749.068156, 4
1347749.088851, 4
1347749.109311, 4
1347749.129770, 4
1347749.150231, 4
1347749.170692, 4
1347749.191152, 4
1347749.211613, 4
1347749.232078, 4
1347749.252539, 4
1347749.272998, 4
1347749.293458, 4
1347749.313917, 4
1347749.334377, 4
1347749.354837, 4
1347749.375296, 4
1347749.395756, 4
1347749.416217, 4
1347749.436679, 4
1347749.457138, 4
1347749.477598, 4
1347749.498067, 4
1347749.518527, 4
1347749.538987, 4
1347749.559695, 4
1347749.580157, 4
1347749.600616, 4
1347749.621080, 4
1347749.641539, 4
1347749.661999, 4
1347749.682460, 4
1347749.702919, 4
1347749.723378, 4
1347749.743839, 4
1347749.764299, 4
1347749.784763, 4
1347749.805255, 4
1347749.825725, 4
1347749.846190, 4
1347749.866653, 4
1347749.887115, 4
1347749.907577, 4
1347749.928005, 4
1347749.948467, 4
1347749.968928, 4
1347749.989388, 4
1347750.009849, 4
1347750.030604, 4
1347750.051069, 4
1347750.071554, 4
1347750.092005, 4
1347750.112472, 4
1347750.132960, 4
1347750.153429, 4
1347750.173892, 4
1347750.194352, 4
1347750.214814, 4
1347750.235281, 4
1347750.255743, 4
1347750.276205, 4
1347750.296665, 4
1347750.317125, 4
1347750.337585, 4
1347750.358046, 4
1347750.378512, 4
1347750.399004, 4
1347750.419470, 4
1347750.439938, 4
1347750.460401, 4
1347750.480862, 4
1347750.501611, 4
1347750.522072, 4
1347750.542533, 4
1347750.562993, 4
1347750.583454, 4
1347750.603914, 4
1347750.624376, 4
1347750.644840, 4
1347750.665301, 4
1347750.685762, 4
1347750.706222, 4
1347750.726682, 4
1347750.747141, 4
1347750.767602, 4
1347750.788074, 4
1347750.808564, 4
1347750.829036, 4
1347750.849502, 4
1347750.869964, 4
1347750.890427, 4
1347750.910898, 4
1347750.931360, 4
1347750.951822, 4
1347750.972288, 4
1347750.992750, 4
1347751.013212, 4
1347751.033863, 4
1347751.054328, 4
1347751.074789, 4
1347751.095252, 4
1347751.115714, 4
1347751.136179, 4
1347751.156641, 4
1347751.177101, 4
1347751.197565, 4
1347751.218027, 4
1347751.238488, 4
1347751.258951, 4
1347751.279412, 4
1347751.299873, 4
1347751.320339, 4
1347751.340800, 4
1347751.361260, 4
1347751.381724, 4
1347751.402185, 4
1347751.422647, 4
1347751.443110, 4
1347751.463575, 4
1347751.484005, 4
1347751.504466, 4
1347751.524927, 4
1347751.545387, 4
1347751.566100, 4
1347751.586564, 4
1347751.607025, 4
1347751.627486, 4
1347751.647947, 4
1347751.668414, 4
1347751.688874, 4
1347751.709335, 4
1347751.729795, 4
1347751.750256, 4
1347751.770719, 4
1347751.791179, 4
1347751.811630, 4
1347751.832127, 4
1347751.852599, 4
1347751.873065, 4
1347751.893531, 4
1347751.913997, 4
1347751.934462, 4
1347751.954925, 4
1347751.975389, 4
1347751.995852, 4
1347752.016318, 4
1347752.036785, 4
1347752.057247, 4
1347752.077708, 4
1347752.098336, 4
1347752.118807, 4
1347752.139277, 4
1347752.159743, 4
1347752.180207, 4
1347752.200671, 4
1347752.221134, 4
1347752.241596, 4
1347752.262060, 4
1347752.282545, 4
1347752.303017, 4
1347752.323480, 4
1347752.343942, 4
1347752.364407, 4
1347752.384870, 4
1347752.405335, 4
1347752.425799, 4
1347752.446265, 4
1347752.466730, 4
1347752.487192, 4
1347752.507656, 4
1347752.528118, 4
1347752.548579, 4
1347752.569044, 4
1347752.589545, 4
1347752.610016, 4
1347752.630591, 4
1347752.651056, 4
1347752.671519, 4
1347752.691984, 4
1347752.712455, 4
1347752.732918, 4
1347752.753386, 4
1347752.773884, 4
1347752.794361, 4
1347752.814830, 4
1347752.835302, 4
1347752.855831, 4
1347752.876310, 4
1347752.896778, 4
1347752.917257, 4
1347752.937720, 4
1347752.958185, 4
1347752.978650, 4
1347752.999114, 4
1347753.019579, 4
1347753.040242, 4
1347753.060706, 4
1347753.081168, 4
1347753.101629, 4
1347753.122098, 4
1347753.142594, 4
1347753.163067, 4
1347753.183536, 4
1347753.203998, 4
1347753.224467, 4
1347753.244928, 4
1347753.265388, 4
1347753.285848, 4
1347753.306310, 4
1347753.326776, 4
1347753.347238, 4
1347753.367699, 4
1347753.388168, 4
1347753.408628, 4
1347753.429092, 4
1347753.449557, 4
1347753.470020, 4
1347753.490482, 4
1347753.511095, 4
1347753.531556, 4
1347753.552005, 4
1347753.572465, 4
1347753.592930, 4
1347753.613415, 4
1347753.633880, 4
1347753.654344, 4
1347753.674808, 4
1347753.695272, 4
1347753.715736, 4
1347753.736201, 4
1347753.756667, 4
1347753.777166, 4
1347753.797634, 4
1347753.818097, 4
1347753.838559, 4
1347753.859029, 4
1347753.879528, 4
1347753.899997, 4
1347753.920716, 4
1347753.941182, 4
1347753.961645, 4
1347753.982110, 4
1347754.002573, 4
1347754.023038, 4
1347754.043501, 4
1347754.063962, 4
1347754.084428, 4
1347754.104889, 4
1347754.125355, 4
1347754.145819, 4
1347754.166284, 4
1347754.186746, 4
1347754.207211, 4
1347754.227672, 4
1347754.248141, 4
1347754.268635, 4
1347754.289104, 4
1347754.309568, 4
1347754.330033, 4
1347754.350495, 4
1347754.370958, 4
1347754.391567, 4
1347754.412006, 4
1347754.432470, 4
1347754.452935, 4
1347754.473398, 4
1347754.493860, 4
1347754.514323, 4
1347754.534785, 4
1347754.555246, 4
1347754.575707, 4
1347754.596173, 4
1347754.616639, 4
1347754.637123, 4
1347754.657589, 4
1347754.678056, 4
1347754.698521, 4
1347754.718983, 4
1347754.739448, 4
1347754.759916, 4
1347754.780409, 4
1347754.800882, 4
1347754.821347, 4
1347754.841811, 4
1347754.862411, 4
1347754.882876, 4
1347754.903346, 4
1347754.923812, 4
1347754.944281, 4
1347754.964744, 4
1347754.985206, 4
1347755.005675, 4
1347755.026160, 4
1347755.046632, 4
1347755.067096, 4
1347755.087558, 4
1347755.108006, 4
1347755.128467, 4
1347755.148932, 4
1347755.169395, 4
1347755.189859, 4
1347755.210332, 4
1347755.230797, 4
1347755.251258, 4
1347755.271721, 4
1347755.292189, 4
1347755.312650, 4
1347755.333253, 4
1347755.353714, 4
1347755.374175, 4
1347755.394638, 4
1347755.415099, 4
1347755.435562, 4
1347755.456005, 4
1347755.476468, 4
1347755.496932, 4
1347755.517393, 4
1347755.537855, 4
1347755.558319, 4
1347755.578782, 4
1347755.599242, 4
1347755.619704, 4
1347755.640166, 4
1347755.660628, 4
1347755.681096, 4
1347755.701559, 4
1347755.722021, 4
1347755.742486, 4
1347755.762951, 4
1347755.783445, 4
1347755.804096, 4
1347755.824563, 4
1347755.845024, 4
1347755.865485, 4
1347755.885946, 4
1347755.906407, 4
1347755.926872, 4
1347755.947333, 4
1347755.967794, 4
1347755.988266, 4
1347756.008729, 4
1347756.029194, 4
1347756.049658, 4
1347756.070120, 4
1347756.090583, 4
1347756.111044, 4
1347756.131505, 4
1347756.151967, 4
1347756.172431, 4
1347756.192894, 4
1347756.213359, 4
1347756.233822, 4
1347756.254289, 4
1347756.274969, 4
1347756.295439, 4
1347756.315903, 4
1347756.336371, 4
1347756.356833, 4
1347756.377294, 4
1347756.397755, 4
1347756.418216, 4
1347756.438677, 4
1347756.459141, 4
1347756.479603, 4
1347756.500070, 4
1347756.520532, 4
1347756.540993, 4
1347756.561463, 4
1347756.581926, 4
1347756.602388, 4
1347756.622850, 4
1347756.643311, 4
1347756.663772, 4
1347756.684238, 4
1347756.704700, 4
1347756.725162, 4
1347756.745803, 4
1347756.766266, 4
1347756.786757, 4
1347756.807228, 4
1347756.827696, 4
1347756.848160, 4
1347756.868623, 4
1347756.889086, 4
1347756.909547, 4
1347756.930009, 4
1347756.950475, 4
1347756.970936, 4
1347756.991397, 4
1347757.011862, 4
1347757.032331, 4
1347757.052794, 4
1347757.073258, 4
1347757.093722, 4
1347757.114184, 4
1347757.157968, 4
1347757.178432, 4
1347757.198892, 4
1347757.219354, 4
1347757.239817, 4
1347757.260281, 4
1347757.280743, 4
1347757.301453, 4
1347757.321913, 4
1347757.342373, 4
1347757.362833, 4
1347757.383294, 4
1347757.403753, 4
1347757.424216, 4
1347757.444678, 4
1347757.465139, 4
1347757.485601, 4
1347757.506064, 4
1347757.526539, 4
1347757.547004, 4
1347757.567467, 4
1347757.587931, 4
1347757.608394, 4
1347757.628854, 4
1347757.649317, 4
1347757.669777, 4
1347757.690239, 4
1347757.710703, 4
1347757.731165, 4
1347757.751630, 4
1347757.772329, 4
1347757.792797, 4
1347757.813265, 4
1347757.833728, 4
1347757.854189, 4
1347757.874651, 4
1347757.895112, 4
1347757.915572, 4
1347757.936006, 4
1347757.956468, 4
1347757.976929, 4
1347757.997390, 4
1347758.017850, 4
1347758.038313, 4
1347758.058783, 4
1347758.079247, 4
1347758.099711, 4
1347758.120185, 4
1347758.140680, 4
1347758.161145, 4
1347758.181910, 4
1347758.202373, 4
1347758.222836, 4
1347758.243299, 4
1347758.263768, 4
1347758.284256, 4
1347758.304722, 4
1347758.325184, 4
1347758.345644, 4
1347758.366107, 4
1347758.386568, 4
1347758.407029, 4
1347758.427490, 4
1347758.447955, 4
1347758.468422, 4
1347758.488885, 4
1347758.509349, 4
1347758.529822, 4
1347758.550286, 4
1347758.570757, 4
1347758.591576, 4
1347758.612006, 4
1347758.632470, 4
1347758.652932, 4
1347758.673393, 4
1347758.693854, 4
1347758.714313, 4
1347758.734774, 4
1347758.755236, 4
1347758.775696, 4
1347758.796158, 4
1347758.816618, 4
1347758.837078, 4
1347758.857539, 4
1347758.878008, 4
1347758.898467, 4
1347758.918927, 4
1347758.939391, 4
1347758.959853, 4
1347758.980317, 4
1347759.000803, 4
1347759.021275, 4
1347759.041741, 4
1347759.062323, 4
1347759.082786, 4
1347759.103247, 4
1347759.123709, 4
1347759.144180, 4
1347759.164643, 4
1347759.185103, 4
1347759.205563, 4
1347759.226022, 4
1347759.246482, 4
1347759.266942, 4
1347759.287403, 4
1347759.307863, 4
1347759.328325, 4
1347759.348788, 4
1347759.369249, 4
1347759.389711, 4
1347759.410173, 4
1347759.430634, 4
1347759.451094, 4
1347759.471555, 4
1347759.492006, 4
1347759.512465, 4
1347759.533143, 4
1347759.553607, 4
1347759.574067, 4
1347759.594526, 4
1347759.614987, 4
1347759.635446, 4
1347759.655909, 4
1347759.676371, 4
1347759.696831, 4
1347759.717291, 4
1347759.737751, 4
1347759.758213, 4
1347759.778673, 4
1347759.799132, 4
1347759.819592, 4
1347759.840012, 4
1347759.860473, 4
1347759.880934, 4
1347759.901394, 4
1347759.921852, 4
1347759.942322, 4
1347759.962796, 4
1347759.983261, 4
1347760.003959, 4
1347760.024441, 4
1347760.044906, 4
1347760.065367, 4
1347760.085828, 4
1347760.106292, 4
1347760.126785, 4
1347760.147259, 4
1347760.167727, 4
1347760.188195, 4
1347760.208657, 4
1347760.229119, 4
1347760.249580, 4
1347760.270040, 4
1347760.290503, 4
1347760.310964, 4
1347760.331424, 4
1347760.351886, 4
1347760.372355, 4
1347760.392848, 4
1347760.413583, 4
1347760.434048, 4
1347760.454510, 4
1347760.474970, 4
1347760.495430, 4
1347760.515891, 4
1347760.536356, 4
1347760.556817, 4
1347760.577277, 4
1347760.597738, 4
1347760.618199, 4
1347760.638659, 4
1347760.659119, 4
1347760.679580, 4
1347760.700004, 4
1347760.720465, 4
1347760.740925, 4
1347760.761395, 4
1347760.781861, 4
1347760.802323, 4
1347760.822793, 4
1347760.843254, 4
1347760.863714, 4
1347760.884410, 4
1347760.904869, 4
1347760.925329, 4
1347760.945789, 4
1347760.966249, 4
1347760.986709, 4
1347761.007169, 4
1347761.027635, 4
1347761.048131, 4
1347761.068606, 4
1347761.089070, 4
1347761.109532, 4
1347761.129994, 4
1347761.150455, 4
1347761.170924, 4
1347761.191387, 4
1347761.211850, 4
1347761.232320, 4
1347761.252781, 4
1347761.273241, 4
1347761.293702, 4
1347761.314163, 4
1347761.334623, 4
1347761.355250, 4
1347761.375710, 4
1347761.396176, 4
1347761.416636, 4
1347761.437097, 4
1347761.457557, 4
1347761.478018, 4
1347761.498478, 4
1347761.518937, 4
1347761.539397, 4
1347761.559856, 4
1347761.580318, 4
1347761.600781, 4
1347761.621242, 4
1347761.641702, 4
1347761.662165, 4
1347761.682624, 4
1347761.703089, 4
1347761.723549, 4
1347761.744009, 4
1347761.764530, 4
1347761.785000, 4
1347761.805465, 4
1347761.826122, 4
1347761.846584, 4
1347761.867044, 4
1347761.887504, 4
1347761.907965, 4
1347761.928427, 4
1347761.948886, 4
1347761.969346, 4
1347761.989806, 4
1347762.010266, 4
1347762.030726, 4
1347762.051187, 4
1347762.071647, 4
1347762.092109, 4
1347762.112573, 4
1347762.163057, 4
1347762.183527, 4
1347762.204061, 4
1347762.224540, 4
1347762.245200, 4
1347762.265660, 4
1347762.286120, 4
1347762.306580, 4
1347762.327039, 4
1347762.347497, 4
1347762.367964, 4
1347762.388460, 4
1347762.408955, 4
1347762.429421, 4
1347762.449887, 4
1347762.470351, 4
1347762.490815, 4
1347762.511278, 4
1347762.531742, 4
1347762.552205, 4
1347762.572669, 4
1347762.593182, 4
1347762.613659, 4
1347762.634122, 4
1347762.654850, 4
1347762.675341, 4
1347762.695806, 4
1347762.716279, 4
1347762.736743, 4
1347762.757203, 4
1347762.777664, 4
1347762.798125, 4
1347762.818586, 4
1347762.839049, 4
1347762.859510, 4
1347762.879971, 4
1347762.900437, 4
1347762.920940, 4
1347762.941437, 4
1347762.961908, 4
1347762.982375, 4
1347763.002841, 4
1347763.023304, 4
1347763.043765, 4
1347763.064504, 4
1347763.084970, 4
1347763.105458, 4
1347763.125929, 4
1347763.146399, 4
1347763.166892, 4
1347763.187365, 4
1347763.207830, 4
1347763.228295, 4
1347763.248759, 4
1347763.269220, 4
1347763.289682, 4
1347763.310147, 4
1347763.330610, 4
1347763.351075, 4
1347763.371537, 4
1347763.392007, 4
1347763.412487, 4
1347763.432967, 4
1347763.453430, 4
1347763.474167, 4
1347763.494632, 4
1347763.515093, 4
1347763.535555, 4
1347763.556005, 4
1347763.576468, 4
1347763.596929, 4
1347763.617389, 4
1347763.637853, 4
1347763.658337, 4
1347763.678806, 4
1347763.699270, 4
1347763.719732, 4
1347763.740199, 4
1347763.760665, 4
1347763.781127, 4
1347763.801587, 4
1347763.822053, 4
1347763.842514, 4
1347763.862974, 4
1347763.883439, 4
1347763.903923, 4
1347763.924402, 4
1347763.945105, 4
1347763.965573, 4
1347763.986039, 4
1347764.006504, 4
1347764.026965, 4
1347764.047427, 4
1347764.067888, 4
1347764.088361, 4
1347764.108828, 4
1347764.129319, 4
1347764.149820, 4
1347764.170292, 4
1347764.190758, 4
1347764.211221, 4
1347764.231686, 4
1347764.252148, 4
1347764.272612, 4
1347764.293077, 4
1347764.313538, 4
1347764.333999, 4
1347764.354686, 4
1347764.375152, 4
1347764.395646, 4
1347764.416114, 4
1347764.436580, 4
1347764.457043, 4
1347764.477504, 4
1347764.497966, 4
1347764.518430, 4
1347764.538891, 4
1347764.559353, 4
1347764.579814, 4
1347764.600283, 4
1347764.620750, 4
1347764.641254, 4
1347764.661722, 4
1347764.682185, 4
1347764.702648, 4
1347764.723110, 4
1347764.743571, 4
1347764.764331, 4
1347764.784792, 4
1347764.805253, 4
1347764.825717, 4
1347764.846178, 4
1347764.866643, 4
1347764.887134, 4
1347764.907603, 4
1347764.928079, 4
1347764.948571, 4
1347764.969053, 4
1347764.989515, 4
1347765.009977, 4
1347765.030438, 4
1347765.050902, 4
1347765.071364, 4
1347765.091827, 4
1347765.112293, 4
1347765.132789, 4
1347765.153257, 4
1347765.173946, 4
1347765.194412, 4
1347765.214873, 4
1347765.235334, 4
1347765.255794, 4
1347765.276265, 4
1347765.296728, 4
1347765.317191, 4
1347765.337653, 4
1347765.358120, 4
1347765.378615, 4
1347765.399085, 4
1347765.419551, 4
1347765.440008, 4
1347765.460476, 4
1347765.480940, 4
1347765.501400, 4
1347765.521865, 4
1347765.542329, 4
1347765.562789, 4
1347765.583251, 4
1347765.603715, 4
1347765.624207, 4
1347765.644791, 4
1347765.665261, 4
1347765.685722, 4
1347765.706186, 4
1347765.726646, 4
1347765.747106, 4
1347765.767568, 4
1347765.788086, 4
1347765.808549, 4
1347765.829010, 4
1347765.849476, 4
1347765.869961, 4
1347765.890439, 4
1347765.910907, 4
1347765.931379, 4
1347765.951858, 4
1347765.972327, 4
1347765.992793, 4
1347766.013259, 4
1347766.033720, 4
1347766.054397, 4
1347766.074860, 4
1347766.095327, 4
1347766.115828, 4
1347766.136319, 4
1347766.156799, 4
1347766.177275, 4
1347766.197740, 4
1347766.218204, 4
1347766.238666, 4
1347766.259127, 4
1347766.279588, 4
1347766.300005, 4
1347766.320469, 4
1347766.340963, 4
1347766.361464, 4
1347766.381936, 4
1347766.402488, 4
1347766.422958, 4
1347766.443422, 4
1347766.464004, 4
1347766.484469, 4
1347766.504935, 4
1347766.525396, 4
1347766.545858, 4
1347766.566292, 4
1347766.586782, 4
1347766.607251, 4
1347766.627717, 4
1347766.648188, 4
1347766.668650, 4
1347766.689116, 4
1347766.709581, 4
1347766.730046, 4
1347766.750511, 4
1347766.770978, 4
1347766.791479, 4
1347766.811959, 4
1347766.832423, 4
1347766.852887, 4
1347766.873368, 4
1347766.893833, 4
1347766.914297, 4
1347766.934869, 4
1347766.955335, 4
1347766.975798, 4
1347766.996555, 4
1347767.017022, 4
1347767.037511, 4
1347767.057981, 4
1347767.078447, 4
1347767.098911, 4
1347767.119375, 4
1347767.163414, 4
1347767.183881, 4
1347767.204352, 4
1347767.224814, 4
1347767.245278, 4
1347767.265742, 4
1347767.286206, 4
1347767.306807, 4
1347767.327273, 4
1347767.347736, 4
1347767.368198, 4
1347767.388663, 4
1347767.409125, 4
1347767.429590, 4
1347767.450054, 4
1347767.470517, 4
1347767.490981, 4
1347767.511445, 4
1347767.531907, 4
1347767.552372, 4
1347767.572835, 4
1347767.593297, 4
1347767.613760, 4
1347767.634221, 4
1347767.654686, 4
1347767.675148, 4
1347767.695613, 4
1347767.716083, 4
1347767.736547, 4
1347767.757017, 4
1347767.777665, 4
1347767.798166, 4
1347767.818637, 4
1347767.839105, 4
1347767.859568, 4
1347767.880004, 4
1347767.900467, 4
1347767.920930, 4
1347767.941392, 4
1347767.961854, 4
1347767.982316, 4
1347768.002778, 4
1347768.023241, 4
1347768.043704, 4
1347768.064183, 4
1347768.084646, 4
1347768.105108, 4
1347768.125577, 4
1347768.146069, 4
1347768.166539, 4
1347768.187303, 4
1347768.207772, 4
1347768.228238, 4
1347768.248702, 4
1347768.269173, 4
1347768.289669, 4
1347768.310144, 4
1347768.330611, 4
1347768.351077, 4
1347768.371541, 4
1347768.392005, 4
1347768.412469, 4
1347768.432932, 4
1347768.453395, 4
1347768.473862, 4
1347768.494328, 4
1347768.514792, 4
1347768.535260, 4
1347768.555727, 4
1347768.576195, 4
1347768.596954, 4
1347768.617417, 4
1347768.637880, 4
1347768.658345, 4
1347768.678808, 4
1347768.699272, 4
1347768.719736, 4
1347768.740201, 4
1347768.760671, 4
1347768.781170, 4
1347768.801640, 4
1347768.822108, 4
1347768.842575, 4
1347768.863039, 4
1347768.883504, 4
1347768.903967, 4
1347768.924432, 4
1347768.944899, 4
1347768.965364, 4
1347768.985828, 4
1347769.006292, 4
1347769.026756, 4
1347769.047220, 4
1347769.067797, 4
1347769.088266, 4
1347769.108729, 4
1347769.129191, 4
1347769.149652, 4
1347769.170113, 4
1347769.190574, 4
1347769.211036, 4
1347769.231498, 4
1347769.251961, 4
1347769.272427, 4
1347769.292888, 4
1347769.313351, 4
1347769.333815, 4
1347769.354280, 4
1347769.374746, 4
1347769.395208, 4
1347769.415674, 4
1347769.436139, 4
1347769.456603, 4
1347769.477074, 4
1347769.497538, 4
1347769.518001, 4
1347769.538467, 4
1347769.558932, 4
1347769.579395, 4
1347769.600005, 4
1347769.620474, 4
1347769.640937, 4
1347769.661399, 4
1347769.681863, 4
1347769.702329, 4
1347769.722792, 4
1347769.743257, 4
1347769.763725, 4
1347769.784208, 4
1347769.804681, 4
1347769.825148, 4
1347769.845610, 4
1347769.866073, 4
1347769.886543, 4
1347769.907005, 4
1347769.927467, 4
1347769.947985, 4
1347769.968463, 4
1347769.988930, 4
1347770.009644, 4
1347770.030106, 4
1347770.050566, 4
1347770.071026, 4
1347770.091486, 4
1347770.111949, 4
1347770.132411, 4
1347770.152873, 4
1347770.173333, 4
1347770.193792, 4
1347770.214254, 4
1347770.234714, 4
1347770.255177, 4
1347770.275680, 4
1347770.296157, 4
1347770.316624, 4
1347770.337086, 4
1347770.357549, 4
1347770.378010, 4
1347770.398471, 4
1347770.418933, 4
1347770.439397, 4
1347770.459858, 4
1347770.480495, 4
1347770.500955, 4
1347770.521415, 4
1347770.541877, 4
1347770.562338, 4
1347770.582798, 4
1347770.603258, 4
1347770.623718, 4
1347770.644190, 4
1347770.664651, 4
1347770.685110, 4
1347770.705570, 4
1347770.726029, 4
1347770.746491, 4
1347770.766951, 4
1347770.787412, 4
1347770.807878, 4
1347770.828384, 4
1347770.848855, 4
1347770.869337, 4
1347770.889804, 4
1347770.910303, 4
1347770.930809, 4
1347770.951418, 4
1347770.971885, 4
1347770.992358, 4
1347771.012819, 4
1347771.033280, 4
1347771.053744, 4
1347771.074204, 4
1347771.094664, 4
1347771.115124, 4
1347771.135584, 4
1347771.156006, 4
1347771.176466, 4
1347771.196927, 4
1347771.217387, 4
1347771.237848, 4
1347771.258310, 4
1347771.278776, 4
1347771.299262, 4
1347771.319728, 4
1347771.340196, 4
1347771.360665, 4
1347771.381125, 4
1347771.401586, 4
1347771.422270, 4
1347771.442730, 4
1347771.463192, 4
1347771.483653, 4
1347771.504113, 4
1347771.524574, 4
1347771.545034, 4
1347771.565515, 4
1347771.585977, 4
1347771.606438, 4
1347771.626898, 4
1347771.647358, 4
1347771.667818, 4
1347771.688284, 4
1347771.708745, 4
1347771.729205, 4
1347771.749664, 4
1347771.770136, 4
1347771.790600, 4
1347771.811061, 4
1347771.831531, 4
1347771.851991, 4
1347771.872457, 4
1347771.893149, 4
1347771.913608, 4
1347771.934067, 4
1347771.954527, 4
1347771.974987, 4
1347771.995450, 4
1347772.015914, 4
1347772.036413, 4
1347772.056881, 4
1347772.077343, 4
1347772.097808, 4
1347772.118270, 4
1347772.168751, 4
1347772.189217, 4
1347772.209679, 4
1347772.230139, 4
1347772.250600, 4
1347772.271061, 4
1347772.291526, 4
1347772.312305, 4
1347772.332779, 4
1347772.353243, 4
1347772.373704, 4
1347772.394168, 4
1347772.414632, 4
1347772.435094, 4
1347772.455555, 4
1347772.476006, 4
1347772.496469, 4
1347772.516933, 4
1347772.537394, 4
1347772.557855, 4
1347772.578315, 4
1347772.598785, 4
1347772.619247, 4
1347772.639707, 4
1347772.660179, 4
1347772.680643, 4
1347772.701105, 4
1347772.721577, 4
1347772.742040, 4
1347772.762502, 4
1347772.783121, 4
1347772.803582, 4
1347772.824006, 4
1347772.844468, 4
1347772.864930, 4
1347772.885392, 4
1347772.905853, 4
1347772.926318, 4
1347772.946780, 4
1347772.967242, 4
1347772.987704, 4
1347773.008172, 4
1347773.028636, 4
1347773.049098, 4
1347773.069561, 4
1347773.090023, 4
1347773.110484, 4
1347773.130979, 4
1347773.151448, 4
1347773.171912, 4
1347773.192386, 4
1347773.212857, 4
1347773.233319, 4
1347773.253947, 4
1347773.274434, 4
1347773.294900, 4
1347773.315366, 4
1347773.335828, 4
1347773.356293, 4
1347773.376756, 4
1347773.397220, 4
1347773.417685, 4
1347773.438151, 4
1347773.458615, 4
1347773.479079, 4
1347773.499541, 4
1347773.520004, 4
1347773.540474, 4
1347773.560936, 4
1347773.581397, 4
1347773.601868, 4
1347773.622332, 4
1347773.642796, 4
1347773.663261, 4
1347773.683722, 4
1347773.704188, 4
1347773.724786, 4
1347773.745248, 4
1347773.765720, 4
1347773.786214, 4
1347773.806681, 4
1347773.827144, 4
1347773.847607, 4
1347773.868076, 4
1347773.888538, 4
1347773.908999, 4
1347773.929466, 4
1347773.949931, 4
1347773.970396, 4
1347773.990859, 4
1347774.011321, 4
1347774.031782, 4
1347774.052247, 4
1347774.072721, 4
1347774.093181, 4
1347774.113642, 4
1347774.134109, 4
1347774.154570, 4
1347774.175030, 4
1347774.195640, 4
1347774.216103, 4
1347774.236566, 4
1347774.257029, 4
1347774.277496, 4
1347774.297982, 4
1347774.318448, 4
1347774.338916, 4
1347774.359436, 4
1347774.379908, 4
1347774.400396, 4
1347774.420867, 4
1347774.441338, 4
1347774.461803, 4
1347774.482275, 4
1347774.502742, 4
1347774.523204, 4
1347774.543669, 4
1347774.564132, 4
1347774.584597, 4
1347774.605280, 4
1347774.625744, 4
1347774.646209, 4
1347774.666673, 4
1347774.687137, 4
1347774.707598, 4
1347774.728068, 4
1347774.748531, 4
1347774.768998, 4
1347774.789492, 4
1347774.809960, 4
1347774.830423, 4
1347774.850885, 4
1347774.871347, 4
1347774.891819, 4
1347774.912315, 4
1347774.932789, 4
1347774.953257, 4
1347774.973722, 4
1347774.994185, 4
1347775.014928, 4
1347775.035409, 4
1347775.055874, 4
1347775.076346, 4
1347775.096809, 4
1347775.117270, 4
1347775.137731, 4
1347775.158192, 4
1347775.178654, 4
1347775.199114, 4
1347775.219576, 4
1347775.240005, 4
1347775.260466, 4
1347775.280927, 4
1347775.301388, 4
1347775.321848, 4
1347775.342309, 4
1347775.362788, 4
1347775.383288, 4
1347775.403762, 4
1347775.424234, 4
1347775.444701, 4
1347775.465167, 4
1347775.485775, 4
1347775.506239, 4
1347775.526702, 4
1347775.547164, 4
1347775.567627, 4
1347775.588089, 4
1347775.608554, 4
1347775.629016, 4
1347775.649482, 4
1347775.669950, 4
1347775.690415, 4
1347775.710881, 4
1347775.731343, 4
1347775.751808, 4
1347775.772295, 4
1347775.792787, 4
1347775.813254, 4
1347775.833720, 4
1347775.854183, 4
1347775.874646, 4
1347775.895392, 4
1347775.915859, 4
1347775.936326, 4
1347775.956790, 4
1347775.977253, 4
1347775.997716, 4
1347776.018182, 4
1347776.038645, 4
1347776.059108, 4
1347776.079571, 4
1347776.100005, 4
1347776.120468, 4
1347776.140929, 4
1347776.161393, 4
1347776.181855, 4
1347776.202319, 4
1347776.222781, 4
1347776.243268, 4
1347776.263735, 4
1347776.284199, 4
1347776.304690, 4
1347776.325160, 4
1347776.345626, 4
1347776.366238, 4
1347776.386703, 4
1347776.407197, 4
1347776.427668, 4
1347776.448137, 4
1347776.468602, 4
1347776.489067, 4
1347776.509531, 4
1347776.529995, 4
1347776.550462, 4
1347776.570926, 4
1347776.591388, 4
1347776.611851, 4
1347776.632316, 4
1347776.652786, 4
1347776.673251, 4
1347776.693714, 4
1347776.714180, 4
1347776.734645, 4
1347776.755107, 4
1347776.775574, 4
1347776.796077, 4
1347776.816545, 4
1347776.837184, 4
1347776.857648, 4
1347776.878110, 4
1347776.898573, 4
1347776.919036, 4
1347776.939501, 4
1347776.959963, 4
1347776.980428, 4
1347777.000893, 4
1347777.021358, 4
1347777.041825, 4
1347777.062291, 4
1347777.082756, 4
1347777.103219, 4
1347777.123681, 4
1347777.144154, 4
1347777.164622, 4
1347777.185088, 4
1347777.205550, 4
1347777.226013, 4
1347777.246476, 4
1347777.266940, 4
1347777.287402, 4
1347777.307868, 4
1347777.328331, 4
1347777.348794, 4
1347777.369411, 4
1347777.389873, 4
1347777.410336, 4
1347777.430799, 4
1347777.451262, 4
1347777.471724, 4
1347777.492194, 4
1347777.512659, 4
1347777.533123, 4
1347777.553588, 4
1347777.574051, 4
1347777.594514, 4
1347777.614977, 4
1347777.635440, 4
1347777.655903, 4
1347777.676373, 4
1347777.696837, 4
1347777.717304, 4
1347777.737769, 4
1347777.758233, 4
1347777.778701, 4
1347777.799195, 4
1347777.819662, 4
1347777.840415, 4
1347777.860880, 4
1347777.881342, 4
1347777.901805, 4
1347777.922269, 4
1347777.942737, 4
1347777.963200, 4
1347777.983662, 4
1347778.004127, 4
1347778.024589, 4
1347778.045053, 4
1347778.065519, 4
1347778.085983, 4
1347778.106444, 4
1347778.126907, 4
1347778.147369, 4
1347778.167831, 4
1347778.188299, 4
1347778.208764, 4
1347778.229229, 4
1347778.249697, 4
1347778.270161, 4
1347778.290627, 4
1347778.311418, 4
1347778.331890, 4
1347778.352362, 4
1347778.372830, 4
1347778.393315, 4
1347778.413783, 4
1347778.434260, 4
1347778.454777, 4
1347778.475255, 4
1347778.495726, 4
1347778.516198, 4
1347778.536662, 4
1347778.557129, 4
1347778.577592, 4
1347778.598057, 4
1347778.618522, 4
1347778.638984, 4
1347778.659446, 4
1347778.679908, 4
1347778.700372, 4
1347778.721012, 4
1347778.741475, 4
1347778.761937, 4
1347778.782400, 4
1347778.802881, 4
1347778.823346, 4
1347778.843810, 4
1347778.864275, 4
1347778.884740, 4
1347778.905202, 4
1347778.925665, 4
1347778.946127, 4
1347778.966588, 4
1347778.987050, 4
1347779.007518, 4
1347779.028008, 4
1347779.048484, 4
1347779.068963, 4
1347779.089425, 4
1347779.109898, 4
1347779.130705, 4
1347779.151178, 4
1347779.171647, 4
1347779.192110, 4
1347779.212572, 4
1347779.233033, 4
1347779.253493, 4
1347779.273957, 4
1347779.294417, 4
1347779.314877, 4
1347779.335337, 4
1347779.355798, 4
1347779.376270, 4
1347779.396731, 4
1347779.417193, 4
1347779.437653, 4
1347779.458119, 4
1347779.478662, 4
1347779.499138, 4
1347779.519602, 4
1347779.540295, 4
1347779.560756, 4
1347779.581222, 4
1347779.601685, 4
1347779.622145, 4
1347779.642605, 4
1347779.663066, 4
1347779.683530, 4
1347779.703990, 4
1347779.724458, 4
1347779.744918, 4
1347779.765379, 4
1347779.785843, 4
1347779.806304, 4
1347779.826764, 4
1347779.847225, 4
1347779.867686, 4
1347779.888152, 4
1347779.908613, 4
1347779.929074, 4
1347779.949536, 4
1347779.969996, 4
1347779.990458, 4
1347780.011137, 4
1347780.031616, 4
1347780.052086, 4
1347780.072548, 4
1347780.093011, 4
1347780.113473, 4
1347780.133942, 4
1347780.154405, 4
1347780.174865, 4
1347780.195325, 4
1347780.215788, 4
1347780.236251, 4
1347780.256711, 4
1347780.277173, 4
1347780.297634, 4
1347780.318098, 4
1347780.338559, 4
1347780.359023, 4
1347780.379484, 4
1347780.399945, 4
1347780.420411, 4
1347780.440873, 4
1347780.461333, 4
1347780.482004, 4
1347780.502465, 4
1347780.522970, 4
1347780.543441, 4
1347780.563906, 4
1347780.584371, 4
1347780.604831, 4
1347780.625292, 4
1347780.645752, 4
1347780.666212, 4
1347780.686672, 4
1347780.707132, 4
1347780.727593, 4
1347780.748007, 4
1347780.768467, 4
1347780.788926, 4
1347780.809386, 4
1347780.829849, 4
1347780.850314, 4
1347780.870808, 4
1347780.891283, 4
1347780.911762, 4
1347780.932227, 4
1347780.952895, 4
1347780.973355, 4
1347780.993815, 4
1347781.014276, 4
1347781.034736, 4
1347781.055196, 4
1347781.075656, 4
1347781.096117, 4
1347781.116577, 4
1347781.137037, 4
1347781.157497, 4
1347781.177957, 4
1347781.198416, 4
1347781.218875, 4
1347781.239335, 4
1347781.259795, 4
1347781.280263, 4
1347781.300724, 4
1347781.321184, 4
1347781.341643, 4
1347781.362104, 4
1347781.382564, 4
1347781.403024, 4
1347781.423759, 4
1347781.444221, 4
1347781.464682, 4
1347781.485142, 4
1347781.505606, 4
1347781.526104, 4
1347781.546603, 4
1347781.567074, 4
1347781.587541, 4
1347781.608007, 4
1347781.628468, 4
1347781.648930, 4
1347781.669390, 4
1347781.689850, 4
1347781.710312, 4
1347781.730772, 4
1347781.751232, 4
1347781.771704, 4
1347781.792166, 4
1347781.812626, 4
1347781.833360, 4
1347781.853821, 4
1347781.874284, 4
1347781.894745, 4
1347781.915205, 4
1347781.935665, 4
1347781.956126, 4
1347781.976589, 4
1347781.997049, 4
1347782.017508, 4
1347782.037967, 4
1347782.058426, 4
1347782.078889, 4
1347782.099349, 4
1347782.119809, 4
1347782.140278, 4
1347782.160739, 4
1347782.181204, 4
1347782.201664, 4
1347782.222123, 4
1347782.242584, 4
1347782.263044, 4
1347782.283507, 4
1347782.304193, 4
1347782.324655, 4
1347782.345116, 4
1347782.365575, 4
1347782.386038, 4
1347782.406499, 4
1347782.426959, 4
1347782.447418, 4
1347782.467878, 4
1347782.488346, 4
1347782.508806, 4
1347782.529269, 4
1347782.549771, 4
1347782.570267, 4
1347782.590740, 4
1347782.611205, 4
1347782.631666, 4
1347782.652138, 4
1347782.672598, 4
1347782.693057, 4
1347782.713518, 4
1347782.733978, 4
1347782.754438, 4
1347782.775052, 4
1347782.795512, 4
1347782.815972, 4
1347782.836432, 4
1347782.856892, 4
1347782.877352, 4
1347782.897812, 4
1347782.918272, 4
1347782.938731, 4
1347782.959190, 4
1347782.979650, 4
1347783.000110, 4
1347783.020569, 4
1347783.041029, 4
1347783.061488, 4
1347783.081947, 4
1347783.102406, 4
1347783.122874, 4
1347783.143374, 4
1347783.163874, 4
1347783.184354, 4
1347783.204818, 4
1347783.225283, 4
1347783.245892, 4
1347783.266352, 4
1347783.286812, 4
1347783.307272, 4
1347783.327735, 4
1347783.348196, 4
1347783.368657, 4
1347783.389119, 4
1347783.409581, 4
1347783.430049, 4
1347783.450510, 4
1347783.470971, 4
1347783.491431, 4
1347783.511892, 4
1347783.532362, 4
1347783.552822, 4
1347783.573318, 4
1347783.593816, 4
1347783.614284, 4
1347783.634747, 4
1347783.655210, 4
1347783.675673, 4
1347783.696134, 4
1347783.716727, 4
1347783.737186, 4
1347783.757646, 4
1347783.778111, 4
1347783.798571, 4
1347783.819031, 4
1347783.839491, 4
1347783.859950, 4
1347783.880411, 4
1347783.900870, 4
1347783.921330, 4
1347783.941790, 4
1347783.962250, 4
1347783.982710, 4
1347784.003169, 4
1347784.023633, 4
1347784.044127, 4
1347784.064602, 4
1347784.085064, 4
1347784.105524, 4
1347784.125988, 4
1347784.146451, 4
1347784.166911, 4
1347784.187598, 4
1347784.208066, 4
1347784.228527, 4
1347784.248987, 4
1347784.269447, 4
1347784.289907, 4
1347784.310367, 4
1347784.330826, 4
1347784.351285, 4
1347784.371745, 4
1347784.392208, 4
1347784.412668, 4
1347784.433128, 4
1347784.453587, 4
1347784.474046, 4
1347784.494505, 4
1347784.514965, 4
1347784.535434, 4
1347784.555894, 4
1347784.576359, 4
1347784.596829, 4
1347784.617326, 4
1347784.637795, 4
1347784.658440, 4
1347784.678901, 4
1347784.699362, 4
1347784.719828, 4
1347784.740291, 4
1347784.760752, 4
1347784.781212, 4
1347784.801673, 4
1347784.822136, 4
1347784.842596, 4
1347784.863056, 4
1347784.883516, 4
1347784.903976, 4
1347784.924439, 4
1347784.944899, 4
1347784.965359, 4
1347784.985818, 4
1347785.006279, 4
1347785.026742, 4
1347785.047204, 4
1347785.067666, 4
1347785.088127, 4
1347785.108588, 4
1347785.129293, 4
1347785.149753, 4
1347785.170212, 4
1347785.190672, 4
1347785.211131, 4
1347785.231593, 4
1347785.252066, 4
1347785.272526, 4
1347785.292987, 4
1347785.313446, 4
1347785.333909, 4
1347785.354368, 4
1347785.374828, 4
1347785.395287, 4
1347785.415747, 4
1347785.436209, 4
1347785.456669, 4
1347785.477138, 4
1347785.497598, 4
1347785.518058, 4
1347785.538521, 4
1347785.558998, 4
1347785.579460, 4
1347785.600112, 4
1347785.620575, 4
1347785.641060, 4
1347785.661526, 4
1347785.681988, 4
1347785.702451, 4
1347785.722911, 4
1347785.743370, 4
1347785.763834, 4
1347785.784298, 4
1347785.804766, 4
1347785.825248, 4
1347785.845716, 4
1347785.866178, 4
1347785.886640, 4
1347785.907104, 4
1347785.927565, 4
1347785.948007, 4
1347785.968466, 4
1347785.988926, 4
1347786.009390, 4
1347786.029851, 4
1347786.050311, 4
1347786.070939, 4
1347786.091399, 4
1347786.111860, 4
1347786.132323, 4
1347786.152784, 4
1347786.173244, 4
1347786.193705, 4
1347786.214165, 4
1347786.234630, 4
1347786.255089, 4
1347786.275550, 4
1347786.296006, 4
1347786.316465, 4
1347786.336928, 4
1347786.357388, 4
1347786.377848, 4
1347786.398308, 4
1347786.418769, 4
1347786.439233, 4
1347786.459693, 4
1347786.480155, 4
1347786.500615, 4
1347786.521076, 4
1347786.541791, 4
1347786.562250, 4
1347786.582710, 4
1347786.603169, 4
1347786.623629, 4
1347786.644094, 4
1347786.664589, 4
1347786.685057, 4
1347786.705522, 4
1347786.725983, 4
1347786.746447, 4
1347786.766909, 4
1347786.787369, 4
1347786.807829, 4
1347786.828291, 4
1347786.848754, 4
1347786.869214, 4
1347786.889676, 4
1347786.910136, 4
1347786.930596, 4
1347786.951058, 4
1347786.971519, 4
1347786.991978, 4
1347787.012635, 4
1347787.033095, 4
1347787.053557, 4
1347787.074016, 4
1347787.094476, 4
1347787.114936, 4
1347787.135395, 4
1347787.174949, 4
1347787.195410, 4
1347787.215869, 4
1347787.236330, 4
1347787.256793, 4
1347787.277254, 4
1347787.297713, 4
1347787.318174, 4
1347787.338633, 4
1347787.359092, 4
1347787.379555, 4
1347787.400006, 4
1347787.420465, 4
1347787.441104, 4
1347787.461563, 4
1347787.482025, 4
1347787.502483, 4
1347787.522942, 4
1347787.543402, 4
1347787.563861, 4
1347787.584325, 4
1347787.604785, 4
1347787.625244, 4
1347787.645703, 4
1347787.666166, 4
1347787.686665, 4
1347787.707136, 4
1347787.727600, 4
1347787.748068, 4
1347787.768528, 4
1347787.788993, 4
1347787.809455, 4
1347787.829915, 4
1347787.850376, 4
1347787.870835, 4
1347787.891295, 4
1347787.911927, 4
1347787.932391, 4
1347787.952850, 4
1347787.973311, 4
1347787.993774, 4
1347788.014240, 4
1347788.034742, 4
1347788.055213, 4
1347788.075676, 4
1347788.096142, 4
1347788.116603, 4
1347788.137066, 4
1347788.157565, 4
1347788.178042, 4
1347788.198515, 4
1347788.218978, 4
1347788.239439, 4
1347788.259901, 4
1347788.280366, 4
1347788.300830, 4
1347788.321564, 4
1347788.342024, 4
1347788.362484, 4
1347788.382945, 4
1347788.403410, 4
1347788.423872, 4
1347788.444333, 4
1347788.464794, 4
1347788.485254, 4
1347788.505717, 4
1347788.526177, 4
1347788.546644, 4
1347788.567105, 4
1347788.587565, 4
1347788.608006, 4
1347788.628469, 4
1347788.648929, 4
1347788.669391, 4
1347788.689852, 4
1347788.710352, 4
1347788.730824, 4
1347788.751286, 4
1347788.771748, 4
1347788.792413, 4
1347788.812873, 4
1347788.833336, 4
1347788.853796, 4
1347788.874256, 4
1347788.894716, 4
1347788.915176, 4
1347788.935640, 4
1347788.956101, 4
1347788.976561, 4
1347788.997020, 4
1347789.017481, 4
1347789.037944, 4
1347789.058404, 4
1347789.078864, 4
1347789.099324, 4
1347789.119784, 4
1347789.140249, 4
1347789.160710, 4
1347789.181170, 4
1347789.201631, 4
1347789.222091, 4
1347789.242554, 4
1347789.263215, 4
1347789.283675, 4
1347789.304135, 4
1347789.324595, 4
1347789.345058, 4
1347789.365518, 4
1347789.385977, 4
1347789.406437, 4
1347789.426896, 4
1347789.447359, 4
1347789.467819, 4
1347789.488281, 4
1347789.508740, 4
1347789.529200, 4
1347789.549663, 4
1347789.570123, 4
1347789.590582, 4
1347789.611045, 4
1347789.631505, 4
1347789.651968, 4
1347789.672430, 4
1347789.692889, 4
1347789.713352, 4
1347789.734081, 4
1347789.754551, 4
1347789.775016, 4
1347789.795480, 4
1347789.815942, 4
1347789.836407, 4
1347789.856870, 4
1347789.877331, 4
1347789.897796, 4
1347789.918255, 4
1347789.938714, 4
1347789.959174, 4
1347789.979636, 4
1347790.000097, 4
1347790.020558, 4
1347790.041018, 4
1347790.061479, 4
1347790.081951, 4
1347790.102411, 4
1347790.122872, 4
1347790.143337, 4
1347790.163798, 4
1347790.184269, 4
1347790.204852, 4
1347790.225311, 4
1347790.245787, 4
1347790.266249, 4
1347790.286711, 4
1347790.307171, 4
1347790.327631, 4
1347790.348091, 4
1347790.368554, 4
1347790.389017, 4
1347790.409478, 4
1347790.429937, 4
1347790.450396, 4
1347790.470856, 4
1347790.491319, 4
1347790.511778, 4
1347790.532240, 4
1347790.552701, 4
1347790.573161, 4
1347790.593623, 4
1347790.614085, 4
1347790.634544, 4
1347790.655003, 4
1347790.675644, 4
1347790.696107, 4
1347790.716567, 4
1347790.737029, 4
1347790.757529, 4
1347790.778005, 4
1347790.798471, 4
1347790.818932, 4
1347790.839394, 4
1347790.859859, 4
1347790.880344, 4
1347790.900813, 4
1347790.921274, 4
1347790.941734, 4
1347790.962197, 4
1347790.982657, 4
1347791.003120, 4
1347791.023588, 4
1347791.044007, 4
1347791.064467, 4
1347791.084929, 4
1347791.105392, 4
1347791.125856, 4
1347791.146445, 4
1347791.166905, 4
1347791.187367, 4
1347791.207827, 4
1347791.228291, 4
1347791.248751, 4
1347791.269211, 4
1347791.289670, 4
1347791.310130, 4
1347791.330592, 4
1347791.351052, 4
1347791.371511, 4
1347791.391971, 4
1347791.412432, 4
1347791.432894, 4
1347791.453354, 4
1347791.473814, 4
1347791.494275, 4
1347791.514735, 4
1347791.535198, 4
1347791.555661, 4
1347791.576122, 4
1347791.596581, 4
1347791.617251, 4
1347791.637713, 4
1347791.658173, 4
1347791.678634, 4
1347791.699093, 4
1347791.719552, 4
1347791.740006, 4
1347791.760467, 4
1347791.780966, 4
1347791.801438, 4
1347791.821900, 4
1347791.842364, 4
1347791.862824, 4
1347791.883285, 4
1347791.903749, 4
1347791.924211, 4
1347791.944673, 4
1347791.965135, 4
1347791.985594, 4
1347792.006059, 4
1347792.026844, 4
1347792.047313, 4
1347792.067774, 4
1347792.088235, 4
1347792.108696, 4
1347792.129155, 4
1347792.179733, 4
1347792.200199, 4
1347792.220660, 4
1347792.241119, 4
1347792.261583, 4
1347792.282043, 4
1347792.302503, 4
1347792.322964, 4
1347792.343424, 4
1347792.363887, 4
1347792.384629, 4
1347792.405089, 4
1347792.425549, 4
1347792.446009, 4
1347792.466472, 4
1347792.486932, 4
1347792.507392, 4
1347792.527851, 4
1347792.548313, 4
1347792.568776, 4
1347792.589235, 4
1347792.609695, 4
1347792.630155, 4
1347792.650614, 4
1347792.671076, 4
1347792.691537, 4
1347792.711996, 4
1347792.732463, 4
1347792.752923, 4
1347792.773387, 4
1347792.793848, 4
1347792.814308, 4
1347792.834767, 4
1347792.855448, 4
1347792.875910, 4
1347792.896371, 4
1347792.916831, 4
1347792.937290, 4
1347792.957750, 4
1347792.978211, 4
1347792.998671, 4
1347793.019130, 4
1347793.039589, 4
1347793.060009, 4
1347793.080469, 4
1347793.100928, 4
1347793.121387, 4
1347793.141848, 4
1347793.162347, 4
1347793.182816, 4
1347793.203283, 4
1347793.223745, 4
1347793.244207, 4
1347793.264670, 4
1347793.285152, 4
1347793.305624, 4
1347793.326283, 4
1347793.346754, 4
1347793.367218, 4
1347793.387680, 4
1347793.408145, 4
1347793.428607, 4
1347793.449066, 4
1347793.469526, 4
1347793.489986, 4
1347793.510449, 4
1347793.530910, 4
1347793.551370, 4
1347793.571830, 4
1347793.592292, 4
1347793.612763, 4
1347793.633223, 4
1347793.653691, 4
1347793.674161, 4
1347793.694622, 4
1347793.715086, 4
1347793.735548, 4
1347793.756006, 4
1347793.776468, 4
1347793.797056, 4
1347793.817521, 4
1347793.837982, 4
1347793.858446, 4
1347793.878908, 4
1347793.899370, 4
1347793.919837, 4
1347793.940300, 4
1347793.960763, 4
1347793.981224, 4
1347794.001685, 4
1347794.022148, 4
1347794.042610, 4
1347794.063072, 4
1347794.083533, 4
1347794.103994, 4
1347794.124464, 4
1347794.144929, 4
1347794.165390, 4
1347794.185853, 4
1347794.206316, 4
1347794.226778, 4
1347794.247239, 4
1347794.267877, 4
1347794.288345, 4
1347794.308807, 4
1347794.329268, 4
1347794.349730, 4
1347794.370191, 4
1347794.390652, 4
1347794.411114, 4
1347794.431576, 4
1347794.452005, 4
1347794.472467, 4
1347794.492928, 4
1347794.513389, 4
1347794.533848, 4
1347794.554316, 4
1347794.574808, 4
1347794.595278, 4
1347794.615745, 4
1347794.636209, 4
1347794.656672, 4
1347794.677135, 4
1347794.697597, 4
1347794.718058, 4
1347794.738685, 4
1347794.759146, 4
1347794.779608, 4
1347794.800075, 4
1347794.820536, 4
1347794.840999, 4
1347794.861461, 4
1347794.881923, 4
1347794.902385, 4
1347794.922846, 4
1347794.943330, 4
1347794.963796, 4
1347794.984268, 4
1347795.004729, 4
1347795.025191, 4
1347795.045651, 4
1347795.066110, 4
1347795.086572, 4
1347795.107032, 4
1347795.127491, 4
1347795.147953, 4
1347795.168414, 4
1347795.188874, 4
1347795.209485, 4
1347795.229944, 4
1347795.250404, 4
1347795.270863, 4
1347795.291324, 4
1347795.311785, 4
1347795.332245, 4
1347795.352705, 4
1347795.373168, 4
1347795.393629, 4
1347795.414089, 4
1347795.434550, 4
1347795.455011, 4
1347795.475471, 4
1347795.495935, 4
1347795.516395, 4
1347795.536855, 4
1347795.557324, 4
1347795.577784, 4
1347795.598246, 4
1347795.618708, 4
1347795.639169, 4
1347795.659628, 4
1347795.680313, 4
1347795.700776, 4
1347795.721235, 4
1347795.741695, 4
1347795.762154, 4
1347795.782612, 4
1347795.803073, 4
1347795.823533, 4
1347795.843995, 4
1347795.864463, 4
1347795.884923, 4
1347795.905387, 4
1347795.925848, 4
1347795.946308, 4
1347795.966768, 4
1347795.987227, 4
1347796.007694, 4
1347796.028207, 4
1347796.048675, 4
1347796.069137, 4
1347796.089599, 4
1347796.110063, 4
1347796.130523, 4
1347796.151158, 4
1347796.171619, 4
1347796.192083, 4
1347796.212547, 4
1347796.233007, 4
1347796.253467, 4
1347796.273927, 4
1347796.294387, 4
1347796.314850, 4
1347796.335310, 4
1347796.355770, 4
1347796.376232, 4
1347796.396693, 4
1347796.417158, 4
1347796.437652, 4
1347796.458122, 4
1347796.478585, 4
1347796.499049, 4
1347796.519513, 4
1347796.539974, 4
1347796.560437, 4
1347796.580897, 4
1347796.601359, 4
1347796.621981, 4
1347796.642442, 4
1347796.662902, 4
1347796.683363, 4
1347796.703823, 4
1347796.724326, 4
1347796.744802, 4
1347796.765267, 4
1347796.785735, 4
1347796.806223, 4
1347796.826721, 4
1347796.847195, 4
1347796.867645, 4
1347796.888159, 4
1347796.908628, 4
1347796.929090, 4
1347796.949555, 4
1347796.970018, 4
1347796.990478, 4
1347797.010938, 4
1347797.031608, 4
1347797.052080, 4
1347797.072540, 4
1347797.093001, 4
1347797.113461, 4
1347797.133921, 4
1347797.179842, 4
1347797.200304, 4
1347797.220765, 4
1347797.241224, 4
1347797.261688, 4
1347797.282150, 4
1347797.302611, 4
1347797.323072, 4
1347797.343533, 4
1347797.363997, 4
1347797.384750, 4
1347797.405210, 4
1347797.425671, 4
1347797.446132, 4
1347797.466595, 4
1347797.487055, 4
1347797.507515, 4
1347797.527975, 4
1347797.548436, 4
1347797.568899, 4
1347797.589360, 4
1347797.609822, 4
1347797.630282, 4
1347797.650745, 4
1347797.671208, 4
1347797.691669, 4
1347797.712131, 4
1347797.732596, 4
1347797.753057, 4
1347797.773521, 4
1347797.793988, 4
1347797.814448, 4
1347797.834908, 4
1347797.855586, 4
1347797.876007, 4
1347797.896472, 4
1347797.916966, 4
1347797.937463, 4
1347797.957933, 4
1347797.978402, 4
1347797.998868, 4
1347798.019332, 4
1347798.039817, 4
1347798.060288, 4
1347798.080753, 4
1347798.101214, 4
1347798.121675, 4
1347798.142144, 4
1347798.162643, 4
1347798.183114, 4
1347798.203579, 4
1347798.224006, 4
1347798.244473, 4
1347798.264935, 4
1347798.285399, 4
1347798.305860, 4
1347798.326457, 4
1347798.346917, 4
1347798.367377, 4
1347798.387839, 4
1347798.408304, 4
1347798.428766, 4
1347798.449227, 4
1347798.469689, 4
1347798.490151, 4
1347798.510616, 4
1347798.531078, 4
1347798.551539, 4
1347798.572006, 4
1347798.592468, 4
1347798.612932, 4
1347798.633393, 4
1347798.653853, 4
1347798.674322, 4
1347798.694783, 4
1347798.715246, 4
1347798.735707, 4
1347798.756174, 4
1347798.776642, 4
1347798.797308, 4
1347798.817772, 4
1347798.838233, 4
1347798.858693, 4
1347798.879154, 4
1347798.899614, 4
1347798.920083, 4
1347798.940577, 4
1347798.961044, 4
1347798.981511, 4
1347799.001972, 4
1347799.022436, 4
1347799.042898, 4
1347799.063358, 4
1347799.083820, 4
1347799.104283, 4
1347799.124746, 4
1347799.145209, 4
1347799.165669, 4
1347799.186130, 4
1347799.206592, 4
1347799.227055, 4
1347799.247516, 4
1347799.268153, 4
1347799.288612, 4
1347799.309073, 4
1347799.329537, 4
1347799.349998, 4
1347799.370458, 4
1347799.390918, 4
1347799.411379, 4
1347799.431842, 4
1347799.452304, 4
1347799.472764, 4
1347799.493224, 4
1347799.513684, 4
1347799.534146, 4
1347799.554606, 4
1347799.575066, 4
1347799.595526, 4
1347799.616009, 4
1347799.636471, 4
1347799.656931, 4
1347799.677392, 4
1347799.697851, 4
1347799.718310, 4
1347799.738989, 4
1347799.759449, 4
1347799.779907, 4
1347799.800369, 4
1347799.820829, 4
1347799.841290, 4
1347799.861751, 4
1347799.882210, 4
1347799.902669, 4
1347799.923128, 4
1347799.943592, 4
1347799.964088, 4
1347799.984554, 4
1347800.005022, 4
1347800.025520, 4
1347800.045986, 4
1347800.066449, 4
1347800.086921, 4
1347800.107382, 4
1347800.127843, 4
1347800.148312, 4
1347800.168774, 4
1347800.189236, 4
1347800.209825, 4
1347800.230285, 4
1347800.250745, 4
1347800.271205, 4
1347800.291666, 4
1347800.312127, 4
1347800.332587, 4
1347800.353047, 4
1347800.373507, 4
1347800.393969, 4
1347800.414430, 4
1347800.434891, 4
1347800.455351, 4
1347800.475816, 4
1347800.496281, 4
1347800.516741, 4
1347800.537201, 4
1347800.557663, 4
1347800.578126, 4
1347800.598586, 4
1347800.619049, 4
1347800.639511, 4
1347800.659971, 4
1347800.680633, 4
1347800.701093, 4
1347800.721553, 4
1347800.742014, 4
1347800.762474, 4
1347800.782937, 4
1347800.803401, 4
1347800.823894, 4
1347800.844366, 4
1347800.864833, 4
1347800.885297, 4
1347800.905759, 4
1347800.926218, 4
1347800.946678, 4
1347800.967149, 4
1347800.987637, 4
1347801.008125, 4
1347801.028597, 4
1347801.049060, 4
1347801.069521, 4
1347801.090245, 4
1347801.110708, 4
1347801.131169, 4
1347801.151630, 4
1347801.172090, 4
1347801.192551, 4
1347801.213014, 4
1347801.233476, 4
1347801.253935, 4
1347801.274395, 4
1347801.294855, 4
1347801.315318, 4
1347801.335779, 4
1347801.356241, 4
1347801.376702, 4
1347801.397162, 4
1347801.417625, 4
1347801.438088, 4
1347801.458548, 4
1347801.479008, 4
1347801.499469, 4
1347801.519933, 4
1347801.540394, 4
1347801.561059, 4
1347801.581519, 4
1347801.601978, 4
1347801.622441, 4
1347801.642902, 4
1347801.663361, 4
1347801.683821, 4
1347801.704281, 4
1347801.724744, 4
1347801.745204, 4
1347801.765664, 4
1347801.786124, 4
1347801.806584, 4
1347801.827046, 4
1347801.847506, 4
1347801.867966, 4
1347801.888427, 4
1347801.908888, 4
1347801.929355, 4
1347801.949815, 4
1347801.970277, 4
1347801.990741, 4
1347802.011225, 4
1347802.031882, 4
1347802.052355, 4
1347802.072817, 4
1347802.093278, 4
1347802.113739, 4
1347802.134203, 4
1347802.157091, 4
1347802.177836, 4
1347802.198297, 4
1347802.218757, 4
1347802.239220, 4
1347802.259681, 4
1347802.280142, 4
1347802.300602, 4
1347802.321062, 4
1347802.341524, 4
1347802.361984, 4
1347802.382444, 4
1347802.402904, 4
1347802.423365, 4
1347802.443825, 4
1347802.464290, 4
1347802.484750, 4
1347802.505210, 4
1347802.525672, 4
1347802.546133, 4
1347802.566596, 4
1347802.587065, 4
1347802.607526, 4
1347802.627986, 4
1347802.648682, 4
1347802.669145, 4
1347802.689605, 4
1347802.710065, 4
1347802.730525, 4
1347802.750984, 4
1347802.771448, 4
1347802.791908, 4
1347802.812368, 4
1347802.832828, 4
1347802.853287, 4
1347802.873750, 4
1347802.894210, 4
1347802.914669, 4
1347802.935129, 4
1347802.955589, 4
1347802.976006, 4
1347802.996470, 4
1347803.016933, 4
1347803.037419, 4
1347803.057889, 4
1347803.078356, 4
1347803.098818, 4
1347803.119491, 4
1347803.139955, 4
1347803.160456, 4
1347803.180940, 4
1347803.201407, 4
1347803.221870, 4
1347803.242332, 4
1347803.262793, 4
1347803.283256, 4
1347803.303717, 4
1347803.324186, 4
1347803.344646, 4
1347803.365106, 4
1347803.385570, 4
1347803.406033, 4
1347803.426493, 4
1347803.446952, 4
1347803.467413, 4
1347803.487876, 4
1347803.508344, 4
1347803.528805, 4
1347803.549266, 4
1347803.569725, 4
1347803.590326, 4
1347803.610785, 4
1347803.631245, 4
1347803.651704, 4
1347803.672165, 4
1347803.692628, 4
1347803.713088, 4
1347803.733548, 4
1347803.754008, 4
1347803.774468, 4
1347803.794932, 4
1347803.815394, 4
1347803.835853, 4
1347803.856313, 4
1347803.876773, 4
1347803.897240, 4
1347803.917704, 4
1347803.938167, 4
1347803.958627, 4
1347803.979087, 4
1347803.999550, 4
1347804.020016, 4
1347804.040518, 4
1347804.061191, 4
1347804.081661, 4
1347804.102124, 4
1347804.122587, 4
1347804.143050, 4
1347804.163514, 4
1347804.183976, 4
1347804.204436, 4
1347804.224900, 4
1347804.245361, 4
1347804.265821, 4
1347804.286299, 4
1347804.306762, 4
1347804.327225, 4
1347804.347691, 4
1347804.368153, 4
1347804.388614, 4
1347804.409077, 4
1347804.429541, 4
1347804.450002, 4
1347804.470463, 4
1347804.490923, 4
1347804.511385, 4
1347804.532007, 4
1347804.552470, 4
1347804.572932, 4
1347804.593394, 4
1347804.613853, 4
1347804.634316, 4
1347804.654777, 4
1347804.675238, 4
1347804.695697, 4
1347804.716158, 4
1347804.736621, 4
1347804.757081, 4
1347804.777543, 4
1347804.798003, 4
1347804.818463, 4
1347804.838925, 4
1347804.859385, 4
1347804.879847, 4
1347804.900309, 4
1347804.920768, 4
1347804.941233, 4
1347804.961693, 4
1347804.982153, 4
1347805.002877, 4
1347805.023337, 4
1347805.043797, 4
1347805.064269, 4
1347805.084755, 4
1347805.105258, 4
1347805.125731, 4
1347805.146196, 4
1347805.166662, 4
1347805.187124, 4
1347805.207584, 4
1347805.228007, 4
1347805.248468, 4
1347805.268931, 4
1347805.289392, 4
1347805.309851, 4
1347805.330311, 4
1347805.350772, 4
1347805.371235, 4
1347805.391695, 4
1347805.412157, 4
1347805.432617, 4
1347805.453078, 4
1347805.473729, 4
1347805.494189, 4
1347805.514649, 4
1347805.535109, 4
1347805.555569, 4
1347805.576007, 4
1347805.596467, 4
1347805.616928, 4
1347805.637387, 4
1347805.657846, 4
1347805.678310, 4
1347805.698770, 4
1347805.719230, 4
1347805.739690, 4
1347805.760150, 4
1347805.780614, 4
1347805.801077, 4
1347805.821542, 4
1347805.842002, 4
1347805.862462, 4
1347805.882925, 4
1347805.903385, 4
1347805.923845, 4
1347805.944600, 4
1347805.965059, 4
1347805.985521, 4
1347806.005982, 4
1347806.026443, 4
1347806.046903, 4
1347806.067363, 4
1347806.087829, 4
1347806.108308, 4
1347806.128774, 4
1347806.149238, 4
1347806.169697, 4
1347806.190154, 4
1347806.210608, 4
1347806.231067, 4
1347806.251523, 4
1347806.271978, 4
1347806.292436, 4
1347806.312893, 4
1347806.333364, 4
1347806.353828, 4
1347806.374288, 4
1347806.394761, 4
1347806.415494, 4
1347806.435953, 4
1347806.456409, 4
1347806.476865, 4
1347806.497322, 4
1347806.517777, 4
1347806.538232, 4
1347806.558686, 4
1347806.579141, 4
1347806.599595, 4
1347806.620006, 4
1347806.640459, 4
1347806.660915, 4
1347806.681370, 4
1347806.701833, 4
1347806.722297, 4
1347806.742760, 4
1347806.763224, 4
1347806.783685, 4
1347806.804149, 4
1347806.824636, 4
1347806.845101, 4
1347806.865564, 4
1347806.886026, 4
1347806.906488, 4
1347806.926952, 4
1347806.947606, 4
1347806.968076, 4
1347806.988539, 4
1347807.009006, 4
1347807.029489, 4
1347807.049955, 4
1347807.070417, 4
1347807.090878, 4
1347807.111340, 4
1347807.131802, 4
1347807.152273, 4
1347807.172735, 4
1347807.193198, 4
1347807.213661, 4
1347807.234132, 4
1347807.254596, 4
1347807.275058, 4
1347807.295521, 4
1347807.315983, 4
1347807.336444, 4
1347807.356907, 4
1347807.377370, 4
1347807.397832, 4
1347807.418477, 4
1347807.438940, 4
1347807.459406, 4
1347807.479890, 4
1347807.500366, 4
1347807.520832, 4
1347807.541295, 4
1347807.561756, 4
1347807.582217, 4
1347807.602678, 4
1347807.623139, 4
1347807.643600, 4
1347807.664069, 4
1347807.684530, 4
1347807.705034, 4
1347807.725515, 4
1347807.745978, 4
1347807.766443, 4
1347807.786904, 4
1347807.807370, 4
1347807.828108, 4
1347807.848568, 4
1347807.869031, 4
1347807.889491, 4
1347807.909951, 4
1347807.930411, 4
1347807.950871, 4
1347807.971334, 4
1347807.991794, 4
1347808.012262, 4
1347808.032757, 4
1347808.053225, 4
1347808.073692, 4
1347808.094155, 4
1347808.114617, 4
1347808.135080, 4
1347808.155580, 4
1347808.176078, 4
1347808.196544, 4
1347808.217007, 4
1347808.237469, 4
1347808.257930, 4
1347808.278394, 4
1347808.299000, 4
1347808.319497, 4
1347808.339967, 4
1347808.360434, 4
1347808.380898, 4
1347808.401360, 4
1347808.421822, 4
1347808.442282, 4
1347808.462742, 4
1347808.483205, 4
1347808.503666, 4
1347808.524128, 4
1347808.544592, 4
1347808.565051, 4
1347808.585525, 4
1347808.605985, 4
1347808.626447, 4
1347808.646907, 4
1347808.667367, 4
1347808.687829, 4
1347808.708292, 4
1347808.728752, 4
1347808.749211, 4
1347808.769853, 4
1347808.790317, 4
1347808.810776, 4
1347808.831237, 4
1347808.851696, 4
1347808.872156, 4
1347808.892618, 4
1347808.913078, 4
1347808.933554, 4
1347808.954015, 4
1347808.974475, 4
1347808.994935, 4
1347809.015403, 4
1347809.035864, 4
1347809.056326, 4
1347809.076785, 4
1347809.097245, 4
1347809.117709, 4
1347809.138169, 4
1347809.158634, 4
1347809.179128, 4
1347809.199595, 4
1347809.220071, 4
1347809.240722, 4
1347809.261184, 4
1347809.281652, 4
1347809.302112, 4
1347809.322577, 4
1347809.343038, 4
1347809.363500, 4
1347809.383960, 4
1347809.404420, 4
1347809.424882, 4
1347809.445342, 4
1347809.465802, 4
1347809.486262, 4
1347809.506722, 4
1347809.527186, 4
1347809.547647, 4
1347809.568108, 4
1347809.588570, 4
1347809.609030, 4
1347809.629493, 4
1347809.649955, 4
1347809.670415, 4
1347809.690876, 4
1347809.711536, 4
1347809.731998, 4
1347809.752465, 4
1347809.772924, 4
1347809.793384, 4
1347809.813844, 4
1347809.834306, 4
1347809.854766, 4
1347809.875226, 4
1347809.895685, 4
1347809.916146, 4
1347809.936612, 4
1347809.957072, 4
1347809.977531, 4
1347809.997992, 4
1347810.018451, 4
1347810.038914, 4
1347810.059384, 4
1347810.079844, 4
1347810.100305, 4
1347810.120766, 4
1347810.141228, 4
1347810.161690, 4
1347810.182374, 4
1347810.202835, 4
1347810.223295, 4
1347810.243755, 4
1347810.264223, 4
1347810.284683, 4
1347810.305144, 4
1347810.325604, 4
1347810.346064, 4
1347810.366526, 4
1347810.386986, 4
1347810.407447, 4
1347810.427907, 4
1347810.448368, 4
1347810.468831, 4
1347810.489292, 4
1347810.509751, 4
1347810.530222, 4
1347810.550682, 4
1347810.571145, 4
1347810.591607, 4
1347810.612074, 4
1347810.632534, 4
1347810.653214, 4
1347810.673675, 4
1347810.694136, 4
1347810.714596, 4
1347810.735057, 4
1347810.755516, 4
1347810.775979, 4
1347810.796441, 4
1347810.816900, 4
1347810.837362, 4
1347810.857822, 4
1347810.878284, 4
1347810.898745, 4
1347810.919205, 4
1347810.939665, 4
1347810.960126, 4
1347810.980588, 4
1347811.001050, 4
1347811.021510, 4
1347811.041971, 4
1347811.062433, 4
1347811.082896, 4
1347811.103356, 4
1347811.124077, 4
1347811.144538, 4
1347811.164999, 4
1347811.185461, 4
1347811.205923, 4
1347811.226384, 4
1347811.246849, 4
1347811.267309, 4
1347811.287771, 4
1347811.308233, 4
1347811.328692, 4
1347811.349152, 4
1347811.369612, 4
1347811.390073, 4
1347811.410533, 4
1347811.430993, 4
1347811.451453, 4
1347811.471915, 4
1347811.492418, 4
1347811.512889, 4
1347811.533359, 4
1347811.553824, 4
1347811.574288, 4
1347811.594916, 4
1347811.615377, 4
1347811.635838, 4
1347811.656302, 4
1347811.676765, 4
1347811.697226, 4
1347811.717688, 4
1347811.738150, 4
1347811.758612, 4
1347811.779075, 4
1347811.799540, 4
1347811.820006, 4
1347811.840476, 4
1347811.860941, 4
1347811.881404, 4
1347811.901864, 4
1347811.922324, 4
1347811.942790, 4
1347811.963251, 4
1347811.983711, 4
1347812.004179, 4
1347812.024640, 4
1347812.045101, 4
1347812.065733, 4
1347812.086194, 4
1347812.106654, 4
1347812.127115, 4
1347812.147575, 4
1347812.168004, 4
1347812.188465, 4
1347812.208926, 4
1347812.229395, 4
1347812.249860, 4
1347812.270322, 4
1347812.290787, 4
1347812.311254, 4
1347812.331753, 4
1347812.352224, 4
1347812.372693, 4
1347812.393177, 4
1347812.413651, 4
1347812.434118, 4
1347812.454582, 4
1347812.475052, 4
1347812.495517, 4
1347812.515981, 4
1347812.536560, 4
1347812.557024, 4
1347812.577487, 4
1347812.597948, 4
1347812.618410, 4
1347812.638870, 4
1347812.659333, 4
1347812.679794, 4
1347812.700256, 4
1347812.720718, 4
1347812.741180, 4
1347812.761643, 4
1347812.782106, 4
1347812.802571, 4
1347812.823051, 4
1347812.843522, 4
1347812.863985, 4
1347812.884449, 4
1347812.904910, 4
1347812.925371, 4
1347812.945833, 4
1347812.966294, 4
1347812.986754, 4
1347813.007401, 4
1347813.027862, 4
1347813.048326, 4
1347813.068786, 4
1347813.089246, 4
1347813.109706, 4
1347813.130167, 4
1347813.150628, 4
1347813.171089, 4
1347813.191550, 4
1347813.212005, 4
1347813.232467, 4
1347813.252928, 4
1347813.273392, 4
1347813.293857, 4
1347813.314322, 4
1347813.334787, 4
1347813.355253, 4
1347813.375715, 4
1347813.396182, 4
1347813.416645, 4
1347813.437107, 4
1347813.457572, 4
1347813.478226, 4
1347813.498689, 4
1347813.519151, 4
1347813.539612, 4
1347813.560082, 4
1347813.580545, 4
1347813.601023, 4
1347813.621486, 4
1347813.641947, 4
1347813.662408, 4
1347813.682869, 4
1347813.703329, 4
1347813.723791, 4
1347813.744255, 4
1347813.764724, 4
1347813.785189, 4
1347813.805660, 4
1347813.826151, 4
1347813.846618, 4
1347813.867082, 4
1347813.887821, 4
1347813.908286, 4
1347813.928748, 4
1347813.949209, 4
1347813.969669, 4
1347813.990129, 4
1347814.010589, 4
1347814.031049, 4
1347814.051509, 4
1347814.071969, 4
1347814.092433, 4
1347814.112893, 4
1347814.133359, 4
1347814.153825, 4
1347814.174286, 4
1347814.194751, 4
1347814.215211, 4
1347814.235677, 4
1347814.256141, 4
1347814.276604, 4
1347814.297072, 4
1347814.317538, 4
1347814.338010, 4
1347814.358646, 4
1347814.379113, 4
1347814.399601, 4
1347814.420075, 4
1347814.440542, 4
1347814.461008, 4
1347814.481472, 4
1347814.501939, 4
1347814.522401, 4
1347814.542861, 4
1347814.563326, 4
1347814.583791, 4
1347814.604256, 4
1347814.624718, 4
1347814.645183, 4
1347814.665643, 4
1347814.686104, 4
1347814.706567, 4
1347814.727031, 4
1347814.747493, 4
1347814.767962, 4
1347814.788426, 4
1347814.808890, 4
1347814.829506, 4
1347814.849973, 4
1347814.870437, 4
1347814.890899, 4
1347814.911360, 4
1347814.931823, 4
1347814.952287, 4
1347814.972749, 4
1347814.993263, 4
1347815.013730, 4
1347815.034225, 4
1347815.054691, 4
1347815.075155, 4
1347815.095616, 4
1347815.116086, 4
1347815.136550, 4
1347815.157011, 4
1347815.177484, 4
1347815.197944, 4
1347815.218404, 4
1347815.239099, 4
1347815.259559, 4
1347815.280005, 4
1347815.300473, 4
1347815.320951, 4
1347815.341417, 4
1347815.361885, 4
1347815.382348, 4
1347815.402811, 4
1347815.423274, 4
1347815.443740, 4
1347815.464205, 4
1347815.484669, 4
1347815.505132, 4
1347815.525600, 4
1347815.546061, 4
1347815.566522, 4
1347815.586988, 4
1347815.607452, 4
1347815.627915, 4
1347815.648380, 4
1347815.668841, 4
1347815.689301, 4
1347815.709914, 4
1347815.730375, 4
1347815.750836, 4
1347815.771301, 4
1347815.791769, 4
1347815.812265, 4
1347815.832733, 4
1347815.853195, 4
1347815.873657, 4
1347815.894117, 4
1347815.914579, 4
1347815.935040, 4
1347815.955500, 4
1347815.975961, 4
1347815.996430, 4
1347816.016891, 4
1347816.037351, 4
1347816.057822, 4
1347816.078283, 4
1347816.098743, 4
1347816.119205, 4
1347816.139666, 4
1347816.160134, 4
1347816.180730, 4
1347816.201192, 4
1347816.221653, 4
1347816.242116, 4
1347816.262581, 4
1347816.283042, 4
1347816.303505, 4
1347816.323973, 4
1347816.344464, 4
1347816.364931, 4
1347816.385398, 4
1347816.405883, 4
1347816.426351, 4
1347816.446818, 4
1347816.467285, 4
1347816.487750, 4
1347816.508214, 4
1347816.528676, 4
1347816.549138, 4
1347816.569600, 4
1347816.590338, 4
1347816.610802, 4
1347816.631264, 4
1347816.651728, 4
1347816.672196, 4
1347816.692657, 4
1347816.713120, 4
1347816.733582, 4
1347816.754045, 4
1347816.774509, 4
1347816.794977, 4
1347816.815458, 4
1347816.835923, 4
1347816.856390, 4
1347816.876861, 4
1347816.897321, 4
1347816.917783, 4
1347816.938250, 4
1347816.958710, 4
1347816.979171, 4
1347816.999633, 4
1347817.020096, 4
1347817.040560, 4
1347817.061164, 4
1347817.081625, 4
1347817.102086, 4
1347817.122547, 4
1347817.143008, 4
1347817.163474, 4
1347817.183935, 4
1347817.204400, 4
1347817.224860, 4
1347817.245320, 4
1347817.265780, 4
1347817.286241, 4
1347817.306704, 4
1347817.327167, 4
1347817.347631, 4
1347817.368097, 4
1347817.388560, 4
1347817.409022, 4
1347817.429482, 4
1347817.449943, 4
1347817.470405, 4
1347817.490866, 4
1347817.511325, 4
1347817.531952, 4
1347817.552416, 4
1347817.572876, 4
1347817.593337, 4
1347817.613797, 4
1347817.634259, 4
1347817.654722, 4
1347817.675185, 4
1347817.695647, 4
1347817.716108, 4
1347817.736570, 4
1347817.757033, 4
1347817.777496, 4
1347817.797960, 4
1347817.818458, 4
1347817.838928, 4
1347817.859391, 4
1347817.879866, 4
1347817.900331, 4
1347817.920795, 4
1347817.941559, 4
1347817.962020, 4
1347817.982481, 4
1347818.002941, 4
1347818.023401, 4
1347818.043862, 4
1347818.064325, 4
1347818.084786, 4
1347818.105246, 4
1347818.125707, 4
1347818.146167, 4
1347818.166629, 4
1347818.187090, 4
1347818.207550, 4
1347818.228005, 4
1347818.248485, 4
1347818.268949, 4
1347818.289414, 4
1347818.309877, 4
1347818.330340, 4
1347818.350820, 4
1347818.371295, 4
1347818.391778, 4
1347818.412385, 4
1347818.432852, 4
1347818.453317, 4
1347818.473782, 4
1347818.494245, 4
1347818.514708, 4
1347818.535170, 4
1347818.555631, 4
1347818.576092, 4
1347818.596555, 4
1347818.617016, 4
1347818.637478, 4
1347818.657941, 4
1347818.678403, 4
1347818.698867, 4
1347818.719331, 4
1347818.739791, 4
1347818.760255, 4
1347818.780716, 4
1347818.801180, 4
1347818.821673, 4
1347818.842141, 4
1347818.862605, 4
1347818.883208, 4
1347818.903669, 4
1347818.924132, 4
1347818.944595, 4
1347818.965057, 4
1347818.985519, 4
1347819.005987, 4
1347819.026465, 4
1347819.046929, 4
1347819.067392, 4
1347819.087852, 4
1347819.108315, 4
1347819.128778, 4
1347819.149239, 4
1347819.169707, 4
1347819.190171, 4
1347819.210634, 4
1347819.231107, 4
1347819.251569, 4
1347819.272004, 4
1347819.292467, 4
1347819.312931, 4
1347819.333394, 4
1347819.354002, 4
1347819.374466, 4
1347819.394930, 4
1347819.415392, 4
1347819.435857, 4
1347819.456323, 4
1347819.476784, 4
1347819.497246, 4
1347819.517709, 4
1347819.538170, 4
1347819.558632, 4
1347819.579092, 4
1347819.599554, 4
1347819.620005, 4
1347819.640472, 4
1347819.660933, 4
1347819.681396, 4
1347819.701861, 4
1347819.722325, 4
1347819.742788, 4
1347819.763250, 4
1347819.783713, 4
1347819.804186, 4
1347819.824818, 4
1347819.845288, 4
1347819.865755, 4
1347819.886218, 4
1347819.906679, 4
1347819.927139, 4
1347819.947601, 4
1347819.968067, 4
1347819.988529, 4
1347820.008990, 4
1347820.029450, 4
1347820.049911, 4
1347820.070373, 4
1347820.090833, 4
1347820.111297, 4
1347820.131758, 4
1347820.152222, 4
1347820.172696, 4
1347820.193157, 4
1347820.213617, 4
1347820.234083, 4
1347820.254545, 4
1347820.275008, 4
1347820.295605, 4
1347820.316077, 4
1347820.336554, 4
1347820.357025, 4
1347820.377491, 4
1347820.397972, 4
1347820.418440, 4
1347820.438904, 4
1347820.459368, 4
1347820.479832, 4
1347820.500296, 4
1347820.520760, 4
1347820.541223, 4
1347820.561684, 4
1347820.582148, 4
1347820.602608, 4
1347820.623069, 4
1347820.643535, 4
1347820.663996, 4
1347820.684463, 4
1347820.704928, 4
1347820.725391, 4
1347820.745854, 4
1347820.766465, 4
1347820.786925, 4
1347820.807389, 4
1347820.827873, 4
1347820.848346, 4
1347820.868810, 4
1347820.889280, 4
1347820.909770, 4
1347820.930236, 4
1347820.950702, 4
1347820.971167, 4
1347820.991651, 4
1347821.012120, 4
1347821.032587, 4
1347821.053054, 4
1347821.073523, 4
1347821.094008, 4
1347821.114476, 4
1347821.134939, 4
1347821.155400, 4
1347821.176120, 4
1347821.196599, 4
1347821.217065, 4
1347821.237528, 4
1347821.257991, 4
1347821.278452, 4
1347821.298913, 4
1347821.319375, 4
1347821.339837, 4
1347821.360301, 4
1347821.380764, 4
1347821.401228, 4
1347821.421690, 4
1347821.442154, 4
1347821.462705, 4
1347821.483180, 4
1347821.503645, 4
1347821.524109, 4
1347821.544572, 4
1347821.565062, 4
1347821.585774, 4
1347821.606235, 4
1347821.626696, 4
1347821.647156, 4
1347821.667616, 4
1347821.688082, 4
1347821.708542, 4
1347821.729002, 4
1347821.749462, 4
1347821.769922, 4
1347821.790388, 4
1347821.810875, 4
1347821.831343, 4
1347821.851810, 4
1347821.872283, 4
1347821.892744, 4
1347821.913205, 4
1347821.933667, 4
1347821.954128, 4
1347821.974588, 4
1347821.995049, 4
1347822.015510, 4
1347822.035971, 4
1347822.056624, 4
1347822.077085, 4
1347822.097545, 4
1347822.118006, 4
1347822.138476, 4
1347822.158967, 4
1347822.179439, 4
1347822.199904, 4
1347822.220371, 4
1347822.240830, 4
1347822.261291, 4
1347822.281751, 4
1347822.302211, 4
1347822.322671, 4
1347822.343139, 4
1347822.363599, 4
1347822.384063, 4
1347822.404526, 4
1347822.424995, 4
1347822.445457, 4
1347822.465915, 4
1347822.486438, 4
1347822.506914, 4
1347822.527476, 4
1347822.547939, 4
1347822.568401, 4
1347822.588862, 4
1347822.609322, 4
1347822.629786, 4
1347822.650247, 4
1347822.670707, 4
1347822.691167, 4
1347822.711627, 4
1347822.732091, 4
1347822.752552, 4
1347822.773013, 4
1347822.793473, 4
1347822.813935, 4
1347822.834397, 4
1347822.854857, 4
1347822.875329, 4
1347822.895791, 4
1347822.916271, 4
1347822.936739, 4
1347822.957199, 4
1347822.977659, 4
1347822.998313, 4
1347823.018772, 4
1347823.039235, 4
1347823.059696, 4
1347823.080156, 4
1347823.100617, 4
1347823.121077, 4
1347823.141539, 4
1347823.162002, 4
1347823.182503, 4
1347823.202972, 4
1347823.223439, 4
1347823.243902, 4
1347823.264370, 4
1347823.284832, 4
1347823.305296, 4
1347823.325800, 4
1347823.346273, 4
1347823.366741, 4
1347823.387203, 4
1347823.407666, 4
1347823.428128, 4
1347823.448588, 4
1347823.469272, 4
1347823.489732, 4
1347823.510199, 4
1347823.530660, 4
1347823.551120, 4
1347823.571583, 4
1347823.592006, 4
1347823.612466, 4
1347823.632925, 4
1347823.653384, 4
1347823.673847, 4
1347823.694307, 4
1347823.714768, 4
1347823.735227, 4
1347823.755687, 4
1347823.776151, 4
1347823.796612, 4
1347823.817078, 4
1347823.837538, 4
1347823.857998, 4
1347823.878464, 4
1347823.898928, 4
1347823.919389, 4
1347823.940118, 4
1347823.960578, 4
1347823.981041, 4
1347824.001500, 4
1347824.021965, 4
1347824.042465, 4
1347824.062935, 4
1347824.083404, 4
1347824.103865, 4
1347824.124328, 4
1347824.144789, 4
1347824.165256, 4
1347824.185720, 4
1347824.206182, 4
1347824.226646, 4
1347824.247106, 4
1347824.267566, 4
1347824.288007, 4
1347824.308467, 4
1347824.328927, 4
1347824.349388, 4
1347824.369848, 4
1347824.390317, 4
1347824.410993, 4
1347824.431454, 4
1347824.451914, 4
1347824.472374, 4
1347824.492836, 4
1347824.513297, 4
1347824.533760, 4
1347824.554221, 4
1347824.574681, 4
1347824.595141, 4
1347824.615603, 4
1347824.636070, 4
1347824.656531, 4
1347824.676990, 4
1347824.697449, 4
1347824.717912, 4
1347824.738373, 4
1347824.758834, 4
1347824.779293, 4
1347824.799753, 4
1347824.820220, 4
1347824.840679, 4
1347824.861139, 4
1347824.881863, 4
1347824.902322, 4
1347824.922787, 4
1347824.943247, 4
1347824.963707, 4
1347824.984174, 4
1347825.004634, 4
1347825.025097, 4
1347825.045556, 4
1347825.066016, 4
1347825.086475, 4
1347825.106936, 4
1347825.127399, 4
1347825.147859, 4
1347825.168320, 4
1347825.188779, 4
1347825.209239, 4
1347825.229702, 4
1347825.250163, 4
1347825.270622, 4
1347825.291083, 4
1347825.311543, 4
1347825.332006, 4
1347825.352733, 4
1347825.373193, 4
1347825.393653, 4
1347825.414113, 4
1347825.434576, 4
1347825.455035, 4
1347825.475495, 4
1347825.495955, 4
1347825.516417, 4
1347825.536879, 4
1347825.557343, 4
1347825.577802, 4
1347825.598262, 4
1347825.618722, 4
1347825.639184, 4
1347825.659645, 4
1347825.680106, 4
1347825.700568, 4
1347825.721027, 4
1347825.741489, 4
1347825.761952, 4
1347825.782412, 4
1347825.802873, 4
1347825.823617, 4
1347825.844115, 4
1347825.864592, 4
1347825.885060, 4
1347825.905538, 4
1347825.926005, 4
1347825.946467, 4
1347825.966929, 4
1347825.987391, 4
1347826.007856, 4
1347826.028336, 4
1347826.048802, 4
1347826.069266, 4
1347826.089728, 4
1347826.110191, 4
1347826.130653, 4
1347826.151114, 4
1347826.171579, 4
1347826.192013, 4
1347826.212494, 4
1347826.233256, 4
1347826.253719, 4
1347826.274183, 4
1347826.294646, 4
1347826.315110, 4
1347826.335576, 4
1347826.356078, 4
1347826.376549, 4
1347826.397033, 4
1347826.417500, 4
1347826.437967, 4
1347826.458432, 4
1347826.478898, 4
1347826.499361, 4
1347826.519827, 4
1347826.540292, 4
1347826.560755, 4
1347826.581262, 4
1347826.601755, 4
1347826.622222, 4
1347826.642899, 4
1347826.663360, 4
1347826.683826, 4
1347826.704306, 4
1347826.724778, 4
1347826.745241, 4
1347826.765709, 4
1347826.786170, 4
1347826.806630, 4
1347826.827091, 4
1347826.847551, 4
1347826.868004, 4
1347826.888465, 4
1347826.908932, 4
1347826.929401, 4
1347826.949875, 4
1347826.970349, 4
1347826.990826, 4
1347827.011289, 4
1347827.031748, 4
1347827.052209, 4
1347827.072667, 4
1347827.093125, 4
1347827.113863, 4
1347827.134323, 4
1347827.154783, 4
1347827.175245, 4
1347827.195713, 4
1347827.216208, 4
1347827.236677, 4
1347827.257139, 4
1347827.277598, 4
1347827.298058, 4
1347827.318517, 4
1347827.338974, 4
1347827.359434, 4
1347827.379891, 4
1347827.400356, 4
1347827.420819, 4
1347827.441298, 4
1347827.461789, 4
1347827.482259, 4
1347827.502722, 4
1347827.523184, 4
1347827.543644, 4
1347827.564119, 4
1347827.584858, 4
1347827.605326, 4
1347827.625798, 4
1347827.646265, 4
1347827.666731, 4
1347827.687209, 4
1347827.707701, 4
1347827.728170, 4
1347827.748637, 4
1347827.769102, 4
1347827.789562, 4
1347827.810021, 4
1347827.830484, 4
1347827.850943, 4
1347827.871403, 4
1347827.891862, 4
1347827.912324, 4
1347827.932805, 4
1347827.953297, 4
1347827.973761, 4
1347827.994226, 4
1347828.014690, 4
1347828.035150, 4
1347828.055855, 4
1347828.076314, 4
1347828.096773, 4
1347828.117235, 4
1347828.137694, 4
1347828.158157, 4
1347828.178656, 4
1347828.199152, 4
1347828.219649, 4
1347828.240144, 4
1347828.260641, 4
1347828.281139, 4
1347828.301637, 4
1347828.322136, 4
1347828.342646, 4
1347828.363131, 4
1347828.383597, 4
1347828.404072, 4
1347828.424556, 4
1347828.445051, 4
1347828.465586, 4
1347828.486051, 4
1347828.506513, 4
1347828.526975, 4
1347828.547433, 4
1347828.567894, 4
1347828.588360, 4
1347828.608819, 4
1347828.629285, 4
1347828.649780, 4
1347828.670279, 4
1347828.690776, 4
1347828.711273, 4
1347828.731770, 4
1347828.752276, 4
1347828.772756, 4
1347828.793226, 4
1347828.813984, 4
1347828.834443, 4
1347828.854902, 4
1347828.875362, 4
1347828.895825, 4
1347828.916318, 4
1347828.936819, 4
1347828.957314, 4
1347828.977781, 4
1347828.998243, 4
1347829.018704, 4
1347829.039163, 4
1347829.059622, 4
1347829.080083, 4
1347829.100544, 4
1347829.121003, 4
1347829.141470, 4
1347829.161961, 4
1347829.182427, 4
1347829.202891, 4
1347829.223586, 4
1347829.244005, 4
1347829.264465, 4
1347829.284926, 4
1347829.305385, 4
1347829.325845, 4
1347829.346306, 4
1347829.366765, 4
1347829.387228, 4
1347829.407703, 4
1347829.428176, 4
1347829.448636, 4
1347829.469095, 4
1347829.489553, 4
1347829.510021, 4
1347829.530515, 4
1347829.551006, 4
1347829.571480, 4
1347829.591944, 4
1347829.612406, 4
1347829.632872, 4
1347829.653359, 4
1347829.673835, 4
1347829.694415, 4
1347829.714875, 4
1347829.735334, 4
1347829.755793, 4
1347829.776253, 4
1347829.796715, 4
1347829.817178, 4
1347829.837638, 4
1347829.858098, 4
1347829.878562, 4
1347829.899033, 4
1347829.919503, 4
1347829.939975, 4
1347829.960448, 4
1347829.980912, 4
1347830.001370, 4
1347830.021830, 4
1347830.042295, 4
1347830.062755, 4
1347830.083215, 4
1347830.103676, 4
1347830.124144, 4
1347830.144639, 4
1347830.165276, 4
1347830.185737, 4
1347830.206199, 4
1347830.226661, 4
1347830.247121, 4
1347830.267581, 4
1347830.288005, 4
1347830.308464, 4
1347830.328927, 4
1347830.349386, 4
1347830.369853, 4
1347830.390344, 4
1347830.410811, 4
1347830.431277, 4
1347830.451739, 4
1347830.472203, 4
1347830.492669, 4
1347830.513131, 4
1347830.533591, 4
1347830.554050, 4
1347830.574510, 4
1347830.594969, 4
1347830.615431, 4
1347830.636151, 4
1347830.656617, 4
1347830.677125, 4
1347830.697622, 4
1347830.718120, 4
1347830.738606, 4
1347830.759105, 4
1347830.779618, 4
1347830.800119, 4
1347830.820604, 4
1347830.841089, 4
1347830.861602, 4
1347830.882084, 4
1347830.902549, 4
1347830.923014, 4
1347830.943474, 4
1347830.963938, 4
1347830.984549, 4
1347831.005009, 4
1347831.025470, 4
1347831.045930, 4
1347831.066395, 4
1347831.086856, 4
1347831.107316, 4
1347831.127775, 4
1347831.148237, 4
1347831.168700, 4
1347831.189161, 4
1347831.209621, 4
1347831.230081, 4
1347831.250540, 4
1347831.271003, 4
1347831.291464, 4
1347831.311923, 4
1347831.332385, 4
1347831.352845, 4
1347831.373308, 4
1347831.393769, 4
1347831.414229, 4
1347831.434688, 4
1347831.455415, 4
1347831.475877, 4
1347831.496344, 4
1347831.516803, 4
1347831.537263, 4
1347831.557722, 4
1347831.578184, 4
1347831.598643, 4
1347831.619102, 4
1347831.639561, 4
1347831.660006, 4
1347831.680468, 4
1347831.700929, 4
1347831.721390, 4
1347831.741849, 4
1347831.762309, 4
1347831.782772, 4
1347831.803233, 4
1347831.823693, 4
1347831.844154, 4
1347831.864614, 4
1347831.885076, 4
1347831.905536, 4
1347831.926259, 4
1347831.946718, 4
1347831.967178, 4
1347831.987642, 4
1347832.008108, 4
1347832.028602, 4
1347832.049070, 4
1347832.069535, 4
1347832.090002, 4
1347832.110465, 4
1347832.130926, 4
1347832.151386, 4
1347832.171847, 4
1347832.192311, 4
1347832.212772, 4
1347832.233247, 4
1347832.253709, 4
1347832.274171, 4
1347832.294631, 4
1347832.315094, 4
1347832.335556, 4
1347832.356006, 4
1347832.376467, 4
1347832.397102, 4
1347832.417566, 4
1347832.438026, 4
1347832.458487, 4
1347832.478947, 4
1347832.499407, 4
1347832.519869, 4
1347832.540330, 4
1347832.560790, 4
1347832.581250, 4
1347832.601710, 4
1347832.622174, 4
1347832.642634, 4
1347832.663093, 4
1347832.683553, 4
1347832.704006, 4
1347832.724475, 4
1347832.744937, 4
1347832.765397, 4
1347832.785857, 4
1347832.806318, 4
1347832.826781, 4
1347832.847241, 4
1347832.867958, 4
1347832.888419, 4
1347832.908878, 4
1347832.929341, 4
1347832.949800, 4
1347832.970260, 4
1347832.990720, 4
1347833.011179, 4
1347833.031640, 4
1347833.052101, 4
1347833.072561, 4
1347833.093021, 4
1347833.113483, 4
1347833.133946, 4
1347833.154411, 4
1347833.174905, 4
1347833.195398, 4
1347833.215868, 4
1347833.236336, 4
1347833.256798, 4
1347833.277260, 4
1347833.297720, 4
1347833.318180, 4
1347833.338817, 4
1347833.359278, 4
1347833.379739, 4
1347833.400201, 4
1347833.420660, 4
1347833.441122, 4
1347833.461582, 4
1347833.482042, 4
1347833.502501, 4
1347833.522960, 4
1347833.543419, 4
1347833.563880, 4
1347833.584347, 4
1347833.604808, 4
1347833.625268, 4
1347833.645727, 4
1347833.666189, 4
1347833.686648, 4
1347833.707108, 4
1347833.727568, 4
1347833.748007, 4
1347833.768472, 4
1347833.788932, 4
1347833.809645, 4
1347833.830105, 4
1347833.850565, 4
1347833.871027, 4
1347833.891487, 4
1347833.911946, 4
1347833.932407, 4
1347833.952866, 4
1347833.973327, 4
1347833.993787, 4
1347834.014246, 4
1347834.034706, 4
1347834.055165, 4
1347834.075627, 4
1347834.096088, 4
1347834.116548, 4
1347834.137012, 4
1347834.157474, 4
1347834.177937, 4
1347834.198397, 4
1347834.218858, 4
1347834.239318, 4
1347834.259777, 4
1347834.280511, 4
1347834.300971, 4
1347834.321431, 4
1347834.341890, 4
1347834.362350, 4
1347834.382812, 4
1347834.403272, 4
1347834.423731, 4
1347834.444196, 4
1347834.464655, 4
1347834.485117, 4
1347834.505577, 4
1347834.526036, 4
1347834.546495, 4
1347834.566954, 4
1347834.587415, 4
1347834.607876, 4
1347834.628349, 4
1347834.648810, 4
1347834.669270, 4
1347834.689741, 4
1347834.710201, 4
1347834.730662, 4
1347834.751354, 4
1347834.771814, 4
1347834.792309, 4
1347834.812813, 4
1347834.833298, 4
1347834.853795, 4
1347834.874292, 4
1347834.894795, 4
1347834.915298, 4
1347834.935796, 4
1347834.956297, 4
1347834.976798, 4
1347834.997276, 4
1347835.017741, 4
1347835.038210, 4
1347835.058709, 4
1347835.079182, 4
1347835.099896, 4
1347835.120377, 4
1347835.140873, 4
1347835.161349, 4
1347835.181816, 4
1347835.202277, 4
1347835.222738, 4
1347835.243198, 4
1347835.263657, 4
1347835.284122, 4
1347835.304620, 4
1347835.325091, 4
1347835.345557, 4
1347835.366020, 4
1347835.386482, 4
1347835.406944, 4
1347835.427403, 4
1347835.447864, 4
1347835.468328, 4
1347835.488790, 4
1347835.509250, 4
1347835.529715, 4
1347835.550208, 4
1347835.570792, 4
1347835.591254, 4
1347835.611714, 4
1347835.632184, 4
1347835.652647, 4
1347835.673106, 4
1347835.693566, 4
1347835.714027, 4
1347835.734489, 4
1347835.754949, 4
1347835.775411, 4
1347835.795905, 4
1347835.816402, 4
1347835.836876, 4
1347835.857339, 4
1347835.877800, 4
1347835.898265, 4
1347835.918731, 4
1347835.939238, 4
1347835.959709, 4
1347835.980408, 4
1347836.000868, 4
1347836.021330, 4
1347836.041790, 4
1347836.062249, 4
1347836.082709, 4
1347836.103168, 4
1347836.123628, 4
1347836.144087, 4
1347836.164551, 4
1347836.185014, 4
1347836.205472, 4
1347836.225931, 4
1347836.246393, 4
1347836.266894, 4
1347836.287392, 4
1347836.307888, 4
1347836.328398, 4
1347836.348885, 4
1347836.369352, 4
1347836.390037, 4
1347836.410499, 4
1347836.430959, 4
1347836.451419, 4
1347836.471879, 4
1347836.492345, 4
1347836.512806, 4
1347836.533268, 4
1347836.553729, 4
1347836.574189, 4
1347836.594651, 4
1347836.615110, 4
1347836.635570, 4
1347836.656004, 4
1347836.676462, 4
1347836.696922, 4
1347836.717381, 4
1347836.737842, 4
1347836.758304, 4
1347836.778763, 4
1347836.799224, 4
1347836.819688, 4
1347836.840195, 4
1347836.860916, 4
1347836.881378, 4
1347836.901858, 4
1347836.922319, 4
1347836.942779, 4
1347836.963239, 4
1347836.983697, 4
1347837.004159, 4
1347837.024617, 4
1347837.045076, 4
1347837.065535, 4
1347837.085994, 4
1347837.106453, 4
1347837.126913, 4
1347837.147372, 4
1347837.167830, 4
1347837.188294, 4
1347837.208755, 4
1347837.229214, 4
1347837.249675, 4
1347837.270138, 4
1347837.290597, 4
1347837.311058, 4
1347837.331744, 4
1347837.352204, 4
1347837.372663, 4
1347837.393121, 4
1347837.413584, 4
1347837.434043, 4
1347837.454502, 4
1347837.474961, 4
1347837.495420, 4
1347837.515879, 4
1347837.536348, 4
1347837.556808, 4
1347837.577267, 4
1347837.597726, 4
1347837.618185, 4
1347837.638643, 4
1347837.659102, 4
1347837.679563, 4
1347837.700005, 4
1347837.720464, 4
1347837.740924, 4
1347837.761385, 4
1347837.781845, 4
1347837.802594, 4
1347837.823053, 4
1347837.843516, 4
1347837.863992, 4
1347837.884470, 4
1347837.904938, 4
1347837.925400, 4
1347837.945862, 4
1347837.966322, 4
1347837.986782, 4
1347838.007240, 4
1347838.027701, 4
1347838.048161, 4
1347838.068623, 4
1347838.089084, 4
1347838.109544, 4
1347838.130005, 4
1347838.150468, 4
1347838.170929, 4
1347838.191390, 4
1347838.211851, 4
1347838.232318, 4
1347838.252778, 4
1347838.273452, 4
1347838.293911, 4
1347838.314377, 4
1347838.334836, 4
1347838.355295, 4
1347838.375754, 4
1347838.396214, 4
1347838.416675, 4
1347838.437136, 4
1347838.457595, 4
1347838.478059, 4
1347838.498519, 4
1347838.518979, 4
1347838.539438, 4
1347838.559899, 4
1347838.580362, 4
1347838.600821, 4
1347838.621283, 4
1347838.641743, 4
1347838.662201, 4
1347838.682662, 4
1347838.703128, 4
1347838.723605, 4
1347838.744338, 4
1347838.764809, 4
1347838.785276, 4
1347838.805737, 4
1347838.826197, 4
1347838.846660, 4
1347838.867126, 4
1347838.887609, 4
1347838.908085, 4
1347838.928551, 4
1347838.949058, 4
1347838.969542, 4
1347838.990043, 4
1347839.010520, 4
1347839.030985, 4
1347839.051447, 4
1347839.071908, 4
1347839.092368, 4
1347839.112827, 4
1347839.133289, 4
1347839.153970, 4
1347839.174430, 4
1347839.194894, 4
1347839.215382, 4
1347839.235883, 4
1347839.256368, 4
1347839.276831, 4
1347839.297291, 4
1347839.317754, 4
1347839.338213, 4
1347839.358672, 4
1347839.379130, 4
1347839.399590, 4
1347839.420004, 4
1347839.440467, 4
1347839.460953, 4
1347839.481439, 4
1347839.501926, 4
1347839.522392, 4
1347839.542851, 4
1347839.563311, 4
1347839.583772, 4
1347839.604231, 4
1347839.624820, 4
1347839.645282, 4
1347839.665741, 4
1347839.686203, 4
1347839.706680, 4
1347839.727155, 4
1347839.747631, 4
1347839.768094, 4
1347839.788555, 4
1347839.809014, 4
1347839.829479, 4
1347839.849938, 4
1347839.870398, 4
1347839.890860, 4
1347839.911363, 4
1347839.931855, 4
1347839.952349, 4
1347839.972843, 4
1347839.993310, 4
1347840.013774, 4
1347840.034499, 4
1347840.054958, 4
1347840.075418, 4
1347840.095877, 4
1347840.116343, 4
1347840.136801, 4
1347840.157261, 4
1347840.177724, 4
1347840.198226, 4
1347840.218725, 4
1347840.239200, 4
1347840.259663, 4
1347840.280127, 4
1347840.300586, 4
1347840.321054, 4
1347840.341518, 4
1347840.361976, 4
1347840.382437, 4
1347840.402898, 4
1347840.423361, 4
1347840.443841, 4
1347840.464321, 4
1347840.484787, 4
1347840.505381, 4
1347840.525844, 4
1347840.546302, 4
1347840.566761, 4
1347840.587221, 4
1347840.607679, 4
1347840.628139, 4
1347840.648601, 4
1347840.669068, 4
1347840.689541, 4
1347840.710018, 4
1347840.730490, 4
1347840.750956, 4
1347840.771417, 4
1347840.791875, 4
1347840.812340, 4
1347840.832799, 4
1347840.853259, 4
1347840.873718, 4
1347840.894177, 4
1347840.914641, 4
1347840.935116, 4
1347840.955592, 4
1347840.976319, 4
1347840.996780, 4
1347841.017242, 4
1347841.037705, 4
1347841.058164, 4
1347841.078623, 4
1347841.099083, 4
1347841.119542, 4
1347841.140000, 4
1347841.160468, 4
1347841.180953, 4
1347841.201448, 4
1347841.221918, 4
1347841.242379, 4
1347841.262840, 4
1347841.283300, 4
1347841.303761, 4
1347841.324223, 4
1347841.344683, 4
1347841.365145, 4
1347841.385609, 4
1347841.406073, 4
1347841.426551, 4
1347841.447251, 4
1347841.467717, 4
1347841.488183, 4
1347841.508643, 4
1347841.529103, 4
1347841.549574, 4
1347841.570035, 4
1347841.590494, 4
1347841.610953, 4
1347841.631413, 4
1347841.651876, 4
1347841.672350, 4
1347841.692843, 4
1347841.713312, 4
1347841.733773, 4
1347841.754232, 4
1347841.774691, 4
1347841.795155, 4
1347841.815614, 4
1347841.836081, 4
1347841.856552, 4
1347841.877010, 4
1347841.897472, 4
1347841.918189, 4
1347841.938679, 4
1347841.959162, 4
1347841.979636, 4
1347842.000099, 4
1347842.020559, 4
1347842.041020, 4
1347842.061480, 4
1347842.081940, 4
1347842.102399, 4
1347842.122859, 4
1347842.143322, 4
1347842.163800, 4
1347842.184285, 4
1347842.204757, 4
1347842.225221, 4
1347842.245685, 4
1347842.266149, 4
1347842.286630, 4
1347842.307136, 4
1347842.327925, 4
1347842.348393, 4
1347842.368857, 4
1347842.389325, 4
1347842.409787, 4
1347842.430247, 4
1347842.450708, 4
1347842.471169, 4
1347842.491632, 4
1347842.512093, 4
1347842.532553, 4
1347842.553012, 4
1347842.573472, 4
1347842.593934, 4
1347842.614394, 4
1347842.634854, 4
1347842.655314, 4
1347842.675776, 4
1347842.696240, 4
1347842.716700, 4
1347842.737161, 4
1347842.757621, 4
1347842.778080, 4
1347842.798540, 4
1347842.819003, 4
1347842.839464, 4
1347842.860064, 4
1347842.880524, 4
1347842.900984, 4
1347842.921446, 4
1347842.941905, 4
1347842.962372, 4
1347842.982850, 4
1347843.003317, 4
1347843.023780, 4
1347843.044244, 4
1347843.064704, 4
1347843.085165, 4
1347843.105625, 4
1347843.126088, 4
1347843.146549, 4
1347843.167014, 4
1347843.187518, 4
1347843.208007, 4
1347843.228475, 4
1347843.248937, 4
1347843.269399, 4
1347843.289860, 4
1347843.310321, 4
1347843.330957, 4
1347843.351419, 4
1347843.371880, 4
1347843.392349, 4
1347843.412810, 4
1347843.433274, 4
1347843.453734, 4
1347843.474194, 4
1347843.494654, 4
1347843.515114, 4
1347843.535577, 4
1347843.556006, 4
1347843.576466, 4
1347843.596927, 4
1347843.617387, 4
1347843.637852, 4
1347843.658311, 4
1347843.678773, 4
1347843.699233, 4
1347843.719692, 4
1347843.740158, 4
1347843.760618, 4
1347843.781078, 4
1347843.801540, 4
1347843.822000, 4
1347843.842464, 4
1347843.863065, 4
1347843.883525, 4
1347843.903985, 4
1347843.924446, 4
1347843.944907, 4
1347843.965368, 4
1347843.985829, 4
1347844.006294, 4
1347844.026789, 4
1347844.047257, 4
1347844.067730, 4
1347844.088197, 4
1347844.108658, 4
1347844.129118, 4
1347844.149578, 4
1347844.170049, 4
1347844.190511, 4
1347844.210970, 4
1347844.231431, 4
1347844.251891, 4
1347844.272364, 4
1347844.292824, 4
1347844.313285, 4
1347844.333965, 4
1347844.354424, 4
1347844.374893, 4
1347844.395354, 4
1347844.415814, 4
1347844.436277, 4
1347844.456737, 4
1347844.477200, 4
1347844.497660, 4
1347844.518119, 4
1347844.538579, 4
1347844.559038, 4
1347844.579500, 4
1347844.599959, 4
1347844.620419, 4
1347844.640878, 4
1347844.661337, 4
1347844.681800, 4
1347844.702260, 4
1347844.722719, 4
1347844.743180, 4
1347844.763640, 4
1347844.784102, 4
1347844.804563, 4
1347844.825023, 4
1347844.845483, 4
1347844.866193, 4
1347844.886657, 4
1347844.907118, 4
1347844.927577, 4
1347844.948006, 4
1347844.968466, 4
1347844.988928, 4
1347845.009394, 4
1347845.029886, 4
1347845.050352, 4
1347845.070821, 4
1347845.091288, 4
1347845.111751, 4
1347845.132214, 4
1347845.152674, 4
1347845.173134, 4
1347845.193597, 4
1347845.214057, 4
1347845.234518, 4
1347845.254979, 4
1347845.275450, 4
1347845.295911, 4
1347845.316375, 4
1347845.336837, 4
1347845.357297, 4
1347845.377757, 4
1347845.398500, 4
1347845.418963, 4
1347845.439423, 4
1347845.459882, 4
1347845.480349, 4
1347845.500809, 4
1347845.521273, 4
1347845.541732, 4
1347845.562192, 4
1347845.582651, 4
1347845.603111, 4
1347845.623573, 4
1347845.644006, 4
1347845.664466, 4
1347845.684926, 4
1347845.705387, 4
1347845.725849, 4
1347845.746310, 4
1347845.766772, 4
1347845.787233, 4
1347845.807705, 4
1347845.828214, 4
1347845.848687, 4
1347845.869151, 4
1347845.889613, 4
1347845.910077, 4
1347845.930710, 4
1347845.951170, 4
1347845.971630, 4
1347845.992091, 4
1347846.012552, 4
1347846.033016, 4
1347846.053493, 4
1347846.073956, 4
1347846.094418, 4
1347846.114881, 4
1347846.135341, 4
1347846.155803, 4
1347846.176273, 4
1347846.196734, 4
1347846.217212, 4
1347846.237675, 4
1347846.258137, 4
1347846.278606, 4
1347846.299066, 4
1347846.319526, 4
1347846.340007, 4
1347846.360470, 4
1347846.380931, 4
1347846.401622, 4
1347846.422084, 4
1347846.442549, 4
1347846.463008, 4
1347846.483469, 4
1347846.503928, 4
1347846.524388, 4
1347846.544850, 4
1347846.565310, 4
1347846.585769, 4
1347846.606228, 4
1347846.626687, 4
1347846.647148, 4
1347846.667607, 4
1347846.688085, 4
1347846.708545, 4
1347846.729005, 4
1347846.749468, 4
1347846.769928, 4
1347846.790388, 4
1347846.810849, 4
1347846.831309, 4
1347846.851773, 4
1347846.872236, 4
1347846.892695, 4
1347846.913155, 4
1347846.933810, 4
1347846.954272, 4
1347846.974732, 4
1347846.995192, 4
1347847.015651, 4
1347847.036112, 4
1347847.056576, 4
1347847.077035, 4
1347847.097496, 4
1347847.117956, 4
1347847.138415, 4
1347847.158877, 4
1347847.179337, 4
1347847.199796, 4
1347847.220263, 4
1347847.240722, 4
1347847.261185, 4
1347847.281646, 4
1347847.302105, 4
1347847.322564, 4
1347847.343025, 4
1347847.363487, 4
1347847.383948, 4
1347847.404409, 4
1347847.424869, 4
1347847.445330, 4
1347847.465992, 4
1347847.486452, 4
1347847.506912, 4
1347847.527371, 4
1347847.547833, 4
1347847.568325, 4
1347847.588823, 4
1347847.609323, 4
1347847.629812, 4
1347847.650310, 4
1347847.670810, 4
1347847.691311, 4
1347847.711804, 4
1347847.732287, 4
1347847.752759, 4
1347847.773219, 4
1347847.793683, 4
1347847.814144, 4
1347847.834604, 4
1347847.855064, 4
1347847.875683, 4
1347847.896147, 4
1347847.916608, 4
1347847.937071, 4
1347847.957531, 4
1347847.977990, 4
1347847.998453, 4
1347848.018918, 4
1347848.039414, 4
1347848.059881, 4
1347848.080352, 4
1347848.100817, 4
1347848.121277, 4
1347848.141737, 4
1347848.162197, 4
1347848.182664, 4
1347848.203151, 4
1347848.223619, 4
1347848.244087, 4
1347848.264549, 4
1347848.285011, 4
1347848.305478, 4
1347848.325943, 4
1347848.346579, 4
1347848.367040, 4
1347848.387500, 4
1347848.407964, 4
1347848.428426, 4
1347848.448886, 4
1347848.469349, 4
1347848.489809, 4
1347848.510272, 4
1347848.530733, 4
1347848.551193, 4
1347848.571654, 4
1347848.592115, 4
1347848.612577, 4
1347848.633037, 4
1347848.653496, 4
1347848.673956, 4
1347848.694417, 4
1347848.714880, 4
1347848.735341, 4
1347848.755802, 4
1347848.776269, 4
1347848.796729, 4
1347848.817192, 4
1347848.837652, 4
1347848.858112, 4
1347848.878718, 4
1347848.899177, 4
1347848.919636, 4
1347848.940101, 4
1347848.960561, 4
1347848.981021, 4
1347849.001481, 4
1347849.021940, 4
1347849.042403, 4
1347849.062863, 4
1347849.083323, 4
1347849.103783, 4
1347849.124245, 4
1347849.144707, 4
1347849.165167, 4
1347849.185626, 4
1347849.206085, 4
1347849.226546, 4
1347849.247009, 4
1347849.267469, 4
1347849.287930, 4
1347849.308391, 4
1347849.328851, 4
1347849.349316, 4
1347849.369777, 4
1347849.390236, 4
1347849.410840, 4
1347849.431299, 4
1347849.451760, 4
1347849.472222, 4
1347849.492729, 4
1347849.513225, 4
1347849.533722, 4
1347849.554222, 4
1347849.574713, 4
1347849.595209, 4
1347849.615705, 4
1347849.636207, 4
1347849.656671, 4
1347849.677130, 4
1347849.697591, 4
1347849.718051, 4
1347849.738511, 4
1347849.758975, 4
1347849.779435, 4
1347849.799894, 4
1347849.820537, 4
1347849.841003, 4
1347849.861465, 4
1347849.881925, 4
1347849.902384, 4
1347849.922843, 4
1347849.943304, 4
1347849.963776, 4
1347849.984243, 4
1347850.004704, 4
1347850.025164, 4
1347850.045623, 4
1347850.066086, 4
1347850.086546, 4
1347850.107006, 4
1347850.127466, 4
1347850.147926, 4
1347850.168399, 4
1347850.188860, 4
1347850.209321, 4
1347850.229789, 4
1347850.250249, 4
1347850.270709, 4
1347850.291402, 4
1347850.311864, 4
1347850.332325, 4
1347850.352784, 4
1347850.373246, 4
1347850.393710, 4
1347850.414171, 4
1347850.434631, 4
1347850.455090, 4
1347850.475550, 4
1347850.496008, 4
1347850.516469, 4
1347850.536929, 4
1347850.557389, 4
1347850.577849, 4
1347850.598311, 4
1347850.618770, 4
1347850.639232, 4
1347850.659691, 4
1347850.680152, 4
1347850.700616, 4
1347850.721077, 4
1347850.741536, 4
1347850.762274, 4
1347850.782736, 4
1347850.803198, 4
1347850.823659, 4
1347850.844120, 4
1347850.864594, 4
1347850.885057, 4
1347850.905520, 4
1347850.925979, 4
1347850.946439, 4
1347850.966899, 4
1347850.987358, 4
1347851.007820, 4
1347851.028282, 4
1347851.048742, 4
1347851.069201, 4
1347851.089660, 4
1347851.110123, 4
1347851.130583, 4
1347851.151044, 4
1347851.171505, 4
1347851.191965, 4
1347851.212429, 4
1347851.233138, 4
1347851.253602, 4
1347851.274065, 4
1347851.294526, 4
1347851.314988, 4
1347851.335450, 4
1347851.355909, 4
1347851.376370, 4
1347851.396830, 4
1347851.417293, 4
1347851.437753, 4
1347851.458212, 4
1347851.478672, 4
1347851.499131, 4
1347851.519590, 4
1347851.540007, 4
1347851.560467, 4
1347851.580928, 4
1347851.601388, 4
1347851.621848, 4
1347851.642314, 4
1347851.662773, 4
1347851.683233, 4
1347851.703694, 4
1347851.724155, 4
1347851.744617, 4
1347851.765219, 4
1347851.785679, 4
1347851.806140, 4
1347851.826600, 4
1347851.847063, 4
1347851.867523, 4
1347851.887982, 4
1347851.908443, 4
1347851.928903, 4
1347851.949365, 4
1347851.969824, 4
1347851.990283, 4
1347852.010746, 4
1347852.031232, 4
1347852.051701, 4
1347852.072164, 4
1347852.092625, 4
1347852.113087, 4
1347852.133548, 4
1347852.154011, 4
1347852.174477, 4
1347852.194977, 4
1347852.215449, 4
1347852.236089, 4
1347852.256555, 4
1347852.277017, 4
1347852.297478, 4
1347852.317938, 4
1347852.338398, 4
1347852.358862, 4
1347852.379322, 4
1347852.399783, 4
1347852.420246, 4
1347852.440707, 4
1347852.461169, 4
1347852.481629, 4
1347852.502090, 4
1347852.522550, 4
1347852.543009, 4
1347852.563471, 4
1347852.583933, 4
1347852.604394, 4
1347852.624855, 4
1347852.645318, 4
1347852.665781, 4
1347852.686241, 4
1347852.706970, 4
1347852.727430, 4
1347852.747889, 4
1347852.768358, 4
1347852.788819, 4
1347852.809278, 4
1347852.829737, 4
1347852.850196, 4
1347852.870655, 4
1347852.891114, 4
1347852.911575, 4
1347852.932006, 4
1347852.952464, 4
1347852.972924, 4
1347852.993384, 4
1347853.013843, 4
1347853.034301, 4
1347853.054762, 4
1347853.075221, 4
1347853.095681, 4
1347853.116141, 4
1347853.136600, 4
1347853.157060, 4
1347853.177527, 4
1347853.198015, 4
1347853.218508, 4
1347853.239058, 4
1347853.259525, 4
1347853.280011, 4
1347853.300486, 4
1347853.320977, 4
1347853.341450, 4
1347853.361913, 4
1347853.382375, 4
1347853.402836, 4
1347853.423297, 4
1347853.443757, 4
1347853.464218, 4
1347853.484678, 4
1347853.505137, 4
1347853.525599, 4
1347853.546059, 4
1347853.566518, 4
1347853.586979, 4
1347853.607439, 4
1347853.627898, 4
1347853.648365, 4
1347853.668824, 4
1347853.689284, 4
1347853.709917, 4
1347853.730376, 4
1347853.750837, 4
1347853.771297, 4
1347853.791756, 4
1347853.812216, 4
1347853.832675, 4
1347853.853135, 4
1347853.873594, 4
1347853.894054, 4
1347853.914512, 4
1347853.934971, 4
1347853.955430, 4
1347853.975889, 4
1347853.996357, 4
1347854.016816, 4
1347854.037275, 4
1347854.057736, 4
1347854.078194, 4
1347854.098654, 4
1347854.119114, 4
1347854.139573, 4
1347854.160006, 4
1347854.180471, 4
1347854.200930, 4
1347854.221392, 4
1347854.242060, 4
1347854.262547, 4
1347854.283014, 4
1347854.303477, 4
1347854.323940, 4
1347854.344402, 4
1347854.364865, 4
1347854.385325, 4
1347854.405786, 4
1347854.426246, 4
1347854.446707, 4
1347854.467168, 4
1347854.487628, 4
1347854.508088, 4
1347854.528549, 4
1347854.549008, 4
1347854.569468, 4
1347854.589930, 4
1347854.610390, 4
1347854.630849, 4
1347854.651315, 4
1347854.671775, 4
1347854.692237, 4
1347854.712895, 4
1347854.733354, 4
1347854.753817, 4
1347854.774277, 4
1347854.794736, 4
1347854.815196, 4
1347854.835656, 4
1347854.856120, 4
1347854.876581, 4
1347854.897040, 4
1347854.917500, 4
1347854.937960, 4
1347854.958422, 4
1347854.978883, 4
1347854.999342, 4
1347855.019801, 4
1347855.040269, 4
1347855.060732, 4
1347855.081192, 4
1347855.101657, 4
1347855.122118, 4
1347855.142577, 4
1347855.163040, 4
1347855.183787, 4
1347855.204247, 4
1347855.224706, 4
1347855.245170, 4
1347855.265665, 4
1347855.286164, 4
1347855.306663, 4
1347855.327160, 4
1347855.347657, 4
1347855.368157, 4
1347855.388655, 4
1347855.409146, 4
1347855.429617, 4
1347855.450085, 4
1347855.470551, 4
1347855.491017, 4
1347855.511478, 4
1347855.532239, 4
1347855.552703, 4
1347855.573164, 4
1347855.593629, 4
1347855.614089, 4
1347855.634554, 4
1347855.655053, 4
1347855.675552, 4
1347855.696012, 4
1347855.716512, 4
1347855.737009, 4
1347855.757506, 4
1347855.778003, 4
1347855.798488, 4
1347855.818995, 4
1347855.839470, 4
1347855.859942, 4
1347855.880659, 4
1347855.901124, 4
1347855.921584, 4
1347855.942045, 4
1347855.962505, 4
1347855.982964, 4
1347856.003428, 4
1347856.023893, 4
1347856.044399, 4
1347856.064865, 4
1347856.085326, 4
1347856.105789, 4
1347856.126250, 4
1347856.146710, 4
1347856.167170, 4
1347856.187631, 4
1347856.208098, 4
1347856.228561, 4
1347856.249021, 4
1347856.269484, 4
1347856.289990, 4
1347856.310474, 4
1347856.330942, 4
1347856.351560, 4
1347856.372008, 4
1347856.392470, 4
1347856.412943, 4
1347856.433463, 4
1347856.453951, 4
1347856.474419, 4
1347856.494882, 4
1347856.515347, 4
1347856.535808, 4
1347856.556275, 4
1347856.576735, 4
1347856.597195, 4
1347856.617711, 4
1347856.638174, 4
1347856.658635, 4
1347856.679095, 4
1347856.699556, 4
1347856.720006, 4
1347856.740470, 4
1347856.761222, 4
1347856.781682, 4
1347856.802142, 4
1347856.822603, 4
1347856.843066, 4
1347856.863527, 4
1347856.883987, 4
1347856.904448, 4
1347856.924906, 4
1347856.945367, 4
1347856.965828, 4
1347856.986288, 4
1347857.006747, 4
1347857.027206, 4
1347857.047669, 4
1347857.068130, 4
1347857.088589, 4
1347857.109050, 4
1347857.129509, 4
1347857.149972, 4
1347857.170434, 4
1347857.190893, 4
1347857.211353, 4
1347857.232099, 4
1347857.252563, 4
1347857.273023, 4
1347857.293484, 4
1347857.313984, 4
1347857.334480, 4
1347857.354948, 4
1347857.375410, 4
1347857.395871, 4
1347857.416334, 4
1347857.436795, 4
1347857.457257, 4
1347857.477718, 4
1347857.498179, 4
1347857.518648, 4
1347857.539108, 4
1347857.559570, 4
1347857.580006, 4
1347857.600465, 4
1347857.620925, 4
1347857.641386, 4
1347857.661849, 4
1347857.682309, 4
1347857.702965, 4
1347857.723426, 4
1347857.743885, 4
1347857.764357, 4
1347857.784817, 4
1347857.805276, 4
1347857.825735, 4
1347857.846199, 4
1347857.866664, 4
1347857.887123, 4
1347857.907582, 4
1347857.928006, 4
1347857.948465, 4
1347857.968926, 4
1347857.989387, 4
1347858.009846, 4
1347858.030305, 4
1347858.050767, 4
1347858.071226, 4
1347858.091688, 4
1347858.112152, 4
1347858.132612, 4
1347858.153071, 4
1347858.173819, 4
1347858.194305, 4
1347858.214805, 4
1347858.235275, 4
1347858.255738, 4
1347858.276201, 4
1347858.296664, 4
1347858.317128, 4
1347858.337627, 4
1347858.358106, 4
1347858.378572, 4
1347858.399039, 4
1347858.419503, 4
1347858.439963, 4
1347858.460427, 4
1347858.480887, 4
1347858.501351, 4
1347858.521814, 4
1347858.542275, 4
1347858.562734, 4
1347858.583446, 4
1347858.603913, 4
1347858.624375, 4
1347858.644835, 4
1347858.665294, 4
1347858.685754, 4
1347858.706217, 4
1347858.726677, 4
1347858.747137, 4
1347858.767597, 4
1347858.788063, 4
1347858.808526, 4
1347858.828987, 4
1347858.849447, 4
1347858.869906, 4
1347858.890365, 4
1347858.910828, 4
1347858.931295, 4
1347858.951755, 4
1347858.972216, 4
1347858.992676, 4
1347859.013146, 4
1347859.033641, 4
1347859.054282, 4
1347859.074746, 4
1347859.095207, 4
1347859.115670, 4
1347859.136133, 4
1347859.156593, 4
1347859.177052, 4
1347859.197511, 4
1347859.217973, 4
1347859.238433, 4
1347859.258892, 4
1347859.279351, 4
1347859.299810, 4
1347859.320277, 4
1347859.340740, 4
1347859.361228, 4
1347859.381712, 4
1347859.402226, 4
1347859.422710, 4
1347859.443175, 4
1347859.463926, 4
1347859.484388, 4
1347859.504849, 4
1347859.525309, 4
1347859.545770, 4
1347859.566230, 4
1347859.586690, 4
1347859.607150, 4
1347859.627609, 4
1347859.648076, 4
1347859.668536, 4
1347859.688995, 4
1347859.709454, 4
1347859.729913, 4
1347859.750376, 4
1347859.770836, 4
1347859.791295, 4
1347859.811758, 4
1347859.832219, 4
1347859.852686, 4
1347859.873147, 4
1347859.893606, 4
1347859.914066, 4
1347859.934790, 4
1347859.955253, 4
1347859.975713, 4
1347859.996179, 4
1347860.016643, 4
1347860.037127, 4
1347860.057595, 4
1347860.078057, 4
1347860.098519, 4
1347860.118979, 4
1347860.139439, 4
1347860.159901, 4
1347860.180398, 4
1347860.200861, 4
1347860.221335, 4
1347860.241796, 4
1347860.262258, 4
1347860.282719, 4
1347860.303179, 4
1347860.323638, 4
1347860.344100, 4
1347860.364566, 4
1347860.385067, 4
1347860.405681, 4
1347860.426149, 4
1347860.446614, 4
1347860.467076, 4
1347860.487541, 4
1347860.508007, 4
1347860.528468, 4
1347860.548929, 4
1347860.569389, 4
1347860.589852, 4
1347860.610313, 4
1347860.630773, 4
1347860.651233, 4
1347860.671693, 4
1347860.692156, 4
1347860.712617, 4
1347860.733077, 4
1347860.753540, 4
1347860.774000, 4
1347860.794468, 4
1347860.814957, 4
1347860.835424, 4
1347860.855887, 4
1347860.876498, 4
1347860.896961, 4
1347860.917421, 4
1347860.937881, 4
1347860.958341, 4
1347860.978800, 4
1347860.999264, 4
1347861.019724, 4
1347861.040190, 4
1347861.060651, 4
1347861.081110, 4
1347861.101573, 4
1347861.122033, 4
1347861.142492, 4
1347861.162952, 4
1347861.183411, 4
1347861.203874, 4
1347861.224339, 4
1347861.244800, 4
1347861.265261, 4
1347861.285723, 4
1347861.306185, 4
1347861.326645, 4
1347861.347322, 4
1347861.367782, 4
1347861.388246, 4
1347861.408734, 4
1347861.429200, 4
1347861.449666, 4
1347861.470128, 4
1347861.490588, 4
1347861.511054, 4
1347861.531515, 4
1347861.551975, 4
1347861.572438, 4
1347861.592898, 4
1347861.613361, 4
1347861.633833, 4
1347861.654294, 4
1347861.674754, 4
1347861.695216, 4
1347861.715676, 4
1347861.736140, 4
1347861.756602, 4
1347861.777062, 4
1347861.797522, 4
1347861.818140, 4
1347861.838602, 4
1347861.859066, 4
1347861.879531, 4
1347861.900011, 4
1347861.920508, 4
1347861.940992, 4
1347861.961490, 4
1347861.981988, 4
1347862.002484, 4
1347862.022984, 4
1347862.043502, 4
1347862.063994, 4
1347862.084464, 4
1347862.104926, 4
1347862.125386, 4
1347862.145845, 4
1347862.166563, 4
1347862.187022, 4
1347862.207482, 4
1347862.227940, 4
1347862.248399, 4
1347862.268862, 4
1347862.289361, 4
1347862.309844, 4
1347862.330309, 4
1347862.350769, 4
1347862.371233, 4
1347862.391728, 4
1347862.412206, 4
1347862.432710, 4
1347862.453210, 4
1347862.473690, 4
1347862.494156, 4
1347862.514624, 4
1347862.535117, 4
1347862.555585, 4
1347862.576196, 4
1347862.596657, 4
1347862.617120, 4
1347862.637579, 4
1347862.658040, 4
1347862.678501, 4
1347862.698961, 4
1347862.719422, 4
1347862.739883, 4
1347862.760353, 4
1347862.780838, 4
1347862.801334, 4
1347862.821831, 4
1347862.842326, 4
1347862.862827, 4
1347862.883298, 4
1347862.903761, 4
1347862.924225, 4
1347862.944704, 4
1347862.965171, 4
1347862.985825, 4
1347863.006288, 4
1347863.026779, 4
1347863.047247, 4
1347863.067711, 4
1347863.088183, 4
1347863.108645, 4
1347863.129105, 4
1347863.149564, 4
1347863.170023, 4
1347863.190484, 4
1347863.210942, 4
1347863.231401, 4
1347863.251864, 4
1347863.272369, 4
1347863.292843, 4
1347863.313308, 4
1347863.333771, 4
1347863.354232, 4
1347863.374691, 4
1347863.395151, 4
1347863.415610, 4
1347863.436076, 4
1347863.456729, 4
1347863.477225, 4
1347863.497697, 4
1347863.518185, 4
1347863.538649, 4
1347863.559112, 4
1347863.579573, 4
1347863.600004, 4
1347863.620464, 4
1347863.640922, 4
1347863.661382, 4
1347863.681844, 4
1347863.702303, 4
1347863.722762, 4
1347863.743226, 4
1347863.763716, 4
1347863.784190, 4
1347863.804653, 4
1347863.825114, 4
1347863.845574, 4
1347863.866304, 4
1347863.886763, 4
1347863.907222, 4
1347863.927685, 4
1347863.948165, 4
1347863.968635, 4
1347863.989099, 4
1347864.009582, 4
1347864.030053, 4
1347864.050515, 4
1347864.070974, 4
1347864.091434, 4
1347864.111894, 4
1347864.132361, 4
1347864.152822, 4
1347864.173282, 4
1347864.193744, 4
1347864.214214, 4
1347864.234677, 4
1347864.255170, 4
1347864.275917, 4
1347864.296381, 4
1347864.316847, 4
1347864.337337, 4
1347864.357808, 4
1347864.378290, 4
1347864.398765, 4
1347864.419228, 4
1347864.439689, 4
1347864.460152, 4
1347864.480636, 4
1347864.501120, 4
1347864.521589, 4
1347864.542054, 4
1347864.562516, 4
1347864.582977, 4
1347864.603437, 4
1347864.623907, 4
1347864.644371, 4
1347864.664830, 4
1347864.685523, 4
1347864.705984, 4
1347864.726447, 4
1347864.746940, 4
1347864.767407, 4
1347864.787871, 4
1347864.808333, 4
1347864.828794, 4
1347864.849271, 4
1347864.869733, 4
1347864.890195, 4
1347864.910659, 4
1347864.931135, 4
1347864.951620, 4
1347864.972090, 4
1347864.992587, 4
1347865.013057, 4
1347865.033519, 4
1347865.053979, 4
1347865.074440, 4
1347865.095145, 4
1347865.115604, 4
1347865.136069, 4
1347865.156528, 4
1347865.176987, 4
1347865.197449, 4
1347865.217911, 4
1347865.238412, 4
1347865.258883, 4
1347865.279345, 4
1347865.299805, 4
1347865.320274, 4
1347865.340740, 4
1347865.361199, 4
1347865.381660, 4
1347865.402118, 4
1347865.422578, 4
1347865.443047, 4
1347865.463509, 4
1347865.483971, 4
1347865.504472, 4
1347865.524958, 4
1347865.545432, 4
1347865.566078, 4
1347865.586540, 4
1347865.607001, 4
1347865.627461, 4
1347865.647920, 4
1347865.668380, 4
1347865.688839, 4
1347865.709298, 4
1347865.729757, 4
1347865.750216, 4
1347865.770674, 4
1347865.791134, 4
1347865.811592, 4
1347865.832007, 4
1347865.852470, 4
1347865.872930, 4
1347865.893392, 4
1347865.913855, 4
1347865.934314, 4
1347865.954773, 4
1347865.975238, 4
1347865.995697, 4
1347866.016157, 4
1347866.036619, 4
1347866.057078, 4
1347866.077540, 4
1347866.098000, 4
1347866.118460, 4
1347866.138919, 4
1347866.159519, 4
1347866.179980, 4
1347866.200448, 4
1347866.220911, 4
1347866.241370, 4
1347866.261830, 4
1347866.282294, 4
1347866.302754, 4
1347866.323214, 4
1347866.343673, 4
1347866.364136, 4
1347866.384625, 4
1347866.405095, 4
1347866.425560, 4
1347866.446026, 4
1347866.466486, 4
1347866.486949, 4
1347866.507414, 4
1347866.527907, 4
1347866.548410, 4
1347866.568910, 4
1347866.589380, 4
1347866.609851, 4
1347866.630391, 4
1347866.650853, 4
1347866.671315, 4
1347866.691778, 4
1347866.712240, 4
1347866.732699, 4
1347866.753159, 4
1347866.773621, 4
1347866.794081, 4
1347866.814540, 4
1347866.835000, 4
1347866.855460, 4
1347866.875921, 4
1347866.896381, 4
1347866.916842, 4
1347866.937305, 4
1347866.957767, 4
1347866.978230, 4
1347866.998690, 4
1347867.019150, 4
1347867.039612, 4
1347867.060077, 4
1347867.080537, 4
1347867.101277, 4
1347867.121737, 4
1347867.142196, 4
1347867.162655, 4
1347867.183121, 4
1347867.203584, 4
1347867.224006, 4
1347867.244466, 4
1347867.264925, 4
1347867.285385, 4
1347867.305844, 4
1347867.326305, 4
1347867.346764, 4
1347867.367226, 4
1347867.387685, 4
1347867.408146, 4
1347867.428605, 4
1347867.449066, 4
1347867.469526, 4
1347867.489985, 4
1347867.510446, 4
1347867.530911, 4
1347867.551394, 4
1347867.572151, 4
1347867.592616, 4
1347867.613080, 4
1347867.633542, 4
1347867.654002, 4
1347867.674470, 4
1347867.694931, 4
1347867.715391, 4
1347867.735852, 4
1347867.756313, 4
1347867.776772, 4
1347867.797232, 4
1347867.817691, 4
1347867.838151, 4
1347867.858618, 4
1347867.879077, 4
1347867.899537, 4
1347867.920007, 4
1347867.940466, 4
1347867.960926, 4
1347867.981387, 4
1347868.001847, 4
1347868.022311, 4
1347868.043018, 4
1347868.063486, 4
1347868.083949, 4
1347868.104410, 4
1347868.124870, 4
1347868.145331, 4
1347868.165791, 4
1347868.186262, 4
1347868.206752, 4
1347868.227249, 4
1347868.247717, 4
1347868.268190, 4
1347868.288650, 4
1347868.309115, 4
1347868.329614, 4
1347868.350083, 4
1347868.370548, 4
1347868.391011, 4
1347868.411472, 4
1347868.431933, 4
1347868.452650, 4
1347868.473109, 4
1347868.493569, 4
1347868.514028, 4
1347868.534487, 4
1347868.554948, 4
1347868.575407, 4
1347868.595867, 4
1347868.616328, 4
1347868.636789, 4
1347868.657248, 4
1347868.677708, 4
1347868.698167, 4
1347868.718626, 4
1347868.739085, 4
1347868.759545, 4
1347868.780006, 4
1347868.800470, 4
1347868.820930, 4
1347868.841390, 4
1347868.861850, 4
1347868.882310, 4
1347868.902777, 4
1347868.923569, 4
1347868.944076, 4
1347868.964547, 4
1347868.985013, 4
1347869.005473, 4
1347869.025937, 4
1347869.046398, 4
1347869.066857, 4
1347869.087316, 4
1347869.107775, 4
1347869.128240, 4
1347869.148725, 4
1347869.169213, 4
1347869.189681, 4
1347869.210156, 4
1347869.230617, 4
1347869.251077, 4
1347869.271538, 4
1347869.291998, 4
1347869.312462, 4
1347869.333141, 4
1347869.353600, 4
1347869.374062, 4
1347869.394537, 4
1347869.415012, 4
1347869.435474, 4
1347869.455936, 4
1347869.476395, 4
1347869.496870, 4
1347869.517336, 4
1347869.537795, 4
1347869.558253, 4
1347869.578720, 4
1347869.599218, 4
1347869.619696, 4
1347869.640200, 4
1347869.660691, 4
1347869.681157, 4
1347869.701621, 4
1347869.722084, 4
1347869.742797, 4
1347869.763257, 4
1347869.783715, 4
1347869.804182, 4
1347869.824641, 4
1347869.845099, 4
1347869.865566, 4
1347869.886068, 4
1347869.906554, 4
1347869.927036, 4
1347869.947534, 4
1347869.968006, 4
1347869.988470, 4
1347870.008929, 4
1347870.029390, 4
1347870.049849, 4
1347870.070307, 4
1347870.090769, 4
1347870.111233, 4
1347870.131712, 4
1347870.152457, 4
1347870.172923, 4
1347870.193383, 4
1347870.213844, 4
1347870.234303, 4
1347870.254761, 4
1347870.275221, 4
1347870.295680, 4
1347870.316139, 4
1347870.336598, 4
1347870.357065, 4
1347870.377545, 4
1347870.398025, 4
1347870.418494, 4
1347870.438955, 4
1347870.459421, 4
1347870.479881, 4
1347870.500349, 4
1347870.520856, 4
1347870.541355, 4
1347870.562099, 4
1347870.582560, 4
1347870.603024, 4
1347870.623516, 4
1347870.644008, 4
1347870.664479, 4
1347870.684945, 4
1347870.705410, 4
1347870.725869, 4
1347870.746329, 4
1347870.766788, 4
1347870.787247, 4
1347870.807706, 4
1347870.828166, 4
1347870.848631, 4
1347870.869114, 4
1347870.889615, 4
1347870.910088, 4
1347870.930563, 4
1347870.951045, 4
1347870.971770, 4
1347870.992236, 4
1347871.012697, 4
1347871.033158, 4
1347871.053621, 4
1347871.074080, 4
1347871.094544, 4
1347871.115025, 4
1347871.135516, 4
1347871.155983, 4
1347871.176449, 4
1347871.196909, 4
1347871.217368, 4
1347871.237827, 4
1347871.258288, 4
1347871.278746, 4
1347871.299205, 4
1347871.319665, 4
1347871.340129, 4
1347871.360606, 4
1347871.381081, 4
1347871.401548, 4
1347871.422008, 4
1347871.442590, 4
1347871.463049, 4
1347871.483507, 4
1347871.503967, 4
1347871.524426, 4
1347871.544885, 4
1347871.565344, 4
1347871.585807, 4
1347871.606277, 4
1347871.626748, 4
1347871.647236, 4
1347871.667728, 4
1347871.688200, 4
1347871.708668, 4
1347871.729137, 4
1347871.749600, 4
1347871.770062, 4
1347871.790524, 4
1347871.810984, 4
1347871.831448, 4
1347871.851945, 4
1347871.872441, 4
1347871.892909, 4
1347871.913464, 4
1347871.933935, 4
1347871.954407, 4
1347871.974874, 4
1347871.995339, 4
1347872.015799, 4
1347872.036273, 4
1347872.056734, 4
1347872.077198, 4
1347872.097669, 4
1347872.118143, 4
1347872.138605, 4
1347872.159066, 4
1347872.179527, 4
1347872.199989, 4
1347872.220449, 4
1347872.240909, 4
1347872.261377, 4
1347872.281839, 4
1347872.302298, 4
1347872.322762, 4
1347872.343233, 4
1347872.363726, 4
1347872.384308, 4
1347872.404775, 4
1347872.425251, 4
1347872.445734, 4
1347872.466213, 4
1347872.486678, 4
1347872.507138, 4
1347872.527599, 4
1347872.548076, 4
1347872.568541, 4
1347872.589028, 4
1347872.609502, 4
1347872.629964, 4
1347872.650428, 4
1347872.670919, 4
1347872.691394, 4
1347872.711858, 4
1347872.732320, 4
1347872.752781, 4
1347872.773240, 4
1347872.793918, 4
1347872.814381, 4
1347872.834841, 4
1347872.855300, 4
1347872.875759, 4
1347872.896218, 4
1347872.916677, 4
1347872.937137, 4
1347872.957596, 4
1347872.978056, 4
1347872.998515, 4
1347873.018973, 4
1347873.039433, 4
1347873.059892, 4
1347873.080356, 4
1347873.100815, 4
1347873.121273, 4
1347873.141737, 4
1347873.162196, 4
1347873.182654, 4
1347873.203115, 4
1347873.223576, 4
1347873.244005, 4
1347873.264473, 4
1347873.284932, 4
1347873.305390, 4
1347873.326114, 4
1347873.346572, 4
1347873.367031, 4
1347873.387489, 4
1347873.407948, 4
1347873.428406, 4
1347873.448865, 4
1347873.469323, 4
1347873.489782, 4
1347873.510241, 4
1347873.530700, 4
1347873.551158, 4
1347873.571617, 4
1347873.592080, 4
1347873.612538, 4
1347873.632996, 4
1347873.653458, 4
1347873.673921, 4
1347873.694414, 4
1347873.714892, 4
1347873.735359, 4
1347873.755821, 4
1347873.776282, 4
1347873.796986, 4
1347873.817446, 4
1347873.837906, 4
1347873.858368, 4
1347873.878831, 4
1347873.899289, 4
1347873.919749, 4
1347873.940211, 4
1347873.960670, 4
1347873.981129, 4
1347874.001588, 4
1347874.022046, 4
1347874.042505, 4
1347874.062964, 4
1347874.083424, 4
1347874.103883, 4
1347874.124348, 4
1347874.144808, 4
1347874.165282, 4
1347874.185745, 4
1347874.206211, 4
1347874.226671, 4
1347874.247130, 4
1347874.267816, 4
1347874.288280, 4
1347874.308744, 4
1347874.329209, 4
1347874.349671, 4
1347874.370129, 4
1347874.390590, 4
1347874.411050, 4
1347874.431509, 4
1347874.451970, 4
1347874.472429, 4
1347874.492890, 4
1347874.513348, 4
1347874.533808, 4
1347874.554272, 4
1347874.574733, 4
1347874.595192, 4
1347874.615653, 4
1347874.636113, 4
1347874.656572, 4
1347874.677031, 4
1347874.697492, 4
1347874.718000, 4
1347874.738640, 4
1347874.759108, 4
1347874.779571, 4
1347874.800004, 4
1347874.820464, 4
1347874.840925, 4
1347874.861387, 4
1347874.881847, 4
1347874.902306, 4
1347874.922765, 4
1347874.943227, 4
1347874.963688, 4
1347874.984149, 4
1347875.004610, 4
1347875.025075, 4
1347875.045535, 4
1347875.065995, 4
1347875.086457, 4
1347875.106916, 4
1347875.127375, 4
1347875.147834, 4
1347875.168297, 4
1347875.188757, 4
1347875.209405, 4
1347875.229865, 4
1347875.250325, 4
1347875.270784, 4
1347875.291243, 4
1347875.311702, 4
1347875.332161, 4
1347875.352620, 4
1347875.373079, 4
1347875.393537, 4
1347875.413996, 4
1347875.434456, 4
1347875.454916, 4
1347875.475375, 4
1347875.495834, 4
1347875.516294, 4
1347875.536753, 4
1347875.557221, 4
1347875.577686, 4
1347875.598146, 4
1347875.618606, 4
1347875.639066, 4
1347875.659525, 4
1347875.680191, 4
1347875.700650, 4
1347875.721110, 4
1347875.741610, 4
1347875.762107, 4
1347875.782574, 4
1347875.803035, 4
1347875.823498, 4
1347875.843960, 4
1347875.864428, 4
1347875.884888, 4
1347875.905348, 4
1347875.925807, 4
1347875.946267, 4
1347875.966728, 4
1347875.987188, 4
1347876.007647, 4
1347876.028108, 4
1347876.048571, 4
1347876.069031, 4
1347876.089773, 4
1347876.110231, 4
1347876.130691, 4
1347876.151149, 4
1347876.171609, 4
1347876.192083, 4
1347876.212542, 4
1347876.233001, 4
1347876.253460, 4
1347876.273921, 4
1347876.294383, 4
1347876.314845, 4
1347876.335304, 4
1347876.355763, 4
1347876.376223, 4
1347876.396682, 4
1347876.417143, 4
1347876.437612, 4
1347876.458073, 4
1347876.478532, 4
1347876.498994, 4
1347876.519453, 4
1347876.539913, 4
1347876.560591, 4
1347876.581057, 4
1347876.601517, 4
1347876.621976, 4
1347876.642436, 4
1347876.662894, 4
1347876.683353, 4
1347876.703813, 4
1347876.724276, 4
1347876.744736, 4
1347876.765227, 4
1347876.785718, 4
1347876.806183, 4
1347876.826648, 4
1347876.847108, 4
1347876.867567, 4
1347876.888005, 4
1347876.908468, 4
1347876.928927, 4
1347876.949386, 4
1347876.969846, 4
1347876.990305, 4
1347877.010765, 4
1347877.031437, 4
1347877.051896, 4
1347877.072361, 4
1347877.092820, 4
1347877.113279, 4
1347877.133739, 4
1347877.154198, 4
1347877.174658, 4
1347877.195117, 4
1347877.215577, 4
1347877.236004, 4
1347877.256467, 4
1347877.276927, 4
1347877.297387, 4
1347877.317849, 4
1347877.338307, 4
1347877.358767, 4
1347877.379227, 4
1347877.399686, 4
1347877.420146, 4
1347877.440608, 4
1347877.461069, 4
1347877.481530, 4
1347877.502265, 4
1347877.522723, 4
1347877.543182, 4
1347877.563642, 4
1347877.584101, 4
1347877.604561, 4
1347877.625021, 4
1347877.645483, 4
1347877.665942, 4
1347877.686402, 4
1347877.706861, 4
1347877.727319, 4
1347877.747777, 4
1347877.768238, 4
1347877.788729, 4
1347877.809218, 4
1347877.829686, 4
1347877.850151, 4
1347877.870619, 4
1347877.891086, 4
1347877.911547, 4
1347877.932005, 4
1347877.952468, 4
1347877.973089, 4
1347877.993547, 4
1347878.014007, 4
1347878.034465, 4
1347878.054924, 4
1347878.075383, 4
1347878.095843, 4
1347878.116302, 4
1347878.136762, 4
1347878.157220, 4
1347878.177681, 4
1347878.198143, 4
1347878.218602, 4
1347878.239062, 4
1347878.259521, 4
1347878.279979, 4
1347878.300440, 4
1347878.320903, 4
1347878.341362, 4
1347878.361821, 4
1347878.382290, 4
1347878.402749, 4
1347878.423209, 4
1347878.443910, 4
1347878.464369, 4
1347878.484831, 4
1347878.505289, 4
1347878.525749, 4
1347878.546210, 4
1347878.566669, 4
1347878.587133, 4
1347878.607594, 4
1347878.628009, 4
1347878.648469, 4
1347878.668928, 4
1347878.689390, 4
1347878.709849, 4
1347878.730308, 4
1347878.750766, 4
1347878.771225, 4
1347878.791686, 4
1347878.812179, 4
1347878.832700, 4
1347878.853173, 4
1347878.873642, 4
1347878.894106, 4
1347878.914759, 4
1347878.935219, 4
1347878.955678, 4
1347878.976137, 4
1347878.996597, 4
1347879.017055, 4
1347879.037513, 4
1347879.057973, 4
1347879.078431, 4
1347879.098890, 4
1347879.119349, 4
1347879.139808, 4
1347879.160276, 4
1347879.180737, 4
1347879.201198, 4
1347879.221662, 4
1347879.242121, 4
1347879.262581, 4
1347879.283041, 4
1347879.303502, 4
1347879.323964, 4
1347879.344423, 4
1347879.364882, 4
1347879.385610, 4
1347879.406069, 4
1347879.426528, 4
1347879.446987, 4
1347879.467446, 4
1347879.487904, 4
1347879.508363, 4
1347879.528822, 4
1347879.549281, 4
1347879.569739, 4
1347879.590198, 4
1347879.610656, 4
1347879.631115, 4
1347879.651573, 4
1347879.672005, 4
1347879.692467, 4
1347879.712926, 4
1347879.733386, 4
1347879.753847, 4
1347879.774305, 4
1347879.794766, 4
1347879.815227, 4
1347879.835723, 4
1347879.856507, 4
1347879.876979, 4
1347879.897440, 4
1347879.917903, 4
1347879.938364, 4
1347879.958825, 4
1347879.979284, 4
1347879.999745, 4
1347880.020208, 4
1347880.040667, 4
1347880.061127, 4
1347880.081589, 4
1347880.102047, 4
1347880.122506, 4
1347880.142966, 4
1347880.163425, 4
1347880.183885, 4
1347880.204357, 4
1347880.224817, 4
1347880.245277, 4
1347880.265737, 4
1347880.286195, 4
1347880.306655, 4
1347880.327312, 4
1347880.347770, 4
1347880.368230, 4
1347880.388689, 4
1347880.409148, 4
1347880.429607, 4
1347880.450065, 4
1347880.470524, 4
1347880.490982, 4
1347880.511441, 4
1347880.531900, 4
1347880.552362, 4
1347880.572821, 4
1347880.593280, 4
1347880.613741, 4
1347880.634199, 4
1347880.654658, 4
1347880.675118, 4
1347880.695577, 4
1347880.716005, 4
1347880.736476, 4
1347880.756935, 4
1347880.777398, 4
1347880.797858, 4
1347880.818317, 4
1347880.838777, 4
1347880.859424, 4
1347880.879908, 4
1347880.900380, 4
1347880.920843, 4
1347880.941306, 4
1347880.961765, 4
1347880.982225, 4
1347881.002686, 4
1347881.023145, 4
1347881.043603, 4
1347881.064067, 4
1347881.084528, 4
1347881.104987, 4
1347881.125446, 4
1347881.145906, 4
1347881.166370, 4
1347881.186829, 4
1347881.207290, 4
1347881.227750, 4
1347881.248212, 4
1347881.268676, 4
1347881.289135, 4
1347881.309594, 4
1347881.330223, 4
1347881.350682, 4
1347881.371143, 4
1347881.391602, 4
1347881.412067, 4
1347881.432527, 4
1347881.452986, 4
1347881.473445, 4
1347881.493905, 4
1347881.514367, 4
1347881.534826, 4
1347881.555286, 4
1347881.575746, 4
1347881.596206, 4
1347881.616670, 4
1347881.637128, 4
1347881.657588, 4
1347881.678052, 4
1347881.698511, 4
1347881.718970, 4
1347881.739438, 4
1347881.759897, 4
1347881.780361, 4
1347881.801043, 4
1347881.821501, 4
1347881.841961, 4
1347881.862421, 4
1347881.882913, 4
1347881.903394, 4
1347881.923856, 4
1347881.944316, 4
1347881.964777, 4
1347881.985237, 4
1347882.005696, 4
1347882.026156, 4
1347882.046614, 4
1347882.067073, 4
1347882.087534, 4
1347882.107993, 4
1347882.128458, 4
1347882.148928, 4
1347882.169387, 4
1347882.189846, 4
1347882.210306, 4
1347882.230764, 4
1347882.251223, 4
1347882.271827, 4
1347882.292288, 4
1347882.312747, 4
1347882.333206, 4
1347882.353668, 4
1347882.374128, 4
1347882.394590, 4
1347882.415049, 4
1347882.435509, 4
1347882.455970, 4
1347882.476428, 4
1347882.496887, 4
1347882.517346, 4
1347882.537805, 4
1347882.558263, 4
1347882.578722, 4
1347882.599182, 4
1347882.619644, 4
1347882.640104, 4
1347882.660566, 4
1347882.681025, 4
1347882.701484, 4
1347882.721945, 4
1347882.742609, 4
1347882.763066, 4
1347882.783525, 4
1347882.803984, 4
1347882.824445, 4
1347882.844906, 4
1347882.865367, 4
1347882.885836, 4
1347882.906343, 4
1347882.926844, 4
1347882.947317, 4
1347882.967787, 4
1347882.988252, 4
1347883.008713, 4
1347883.029176, 4
1347883.049639, 4
1347883.070101, 4
1347883.090566, 4
1347883.111026, 4
1347883.131492, 4
1347883.152227, 4
1347883.172686, 4
1347883.193146, 4
1347883.213615, 4
1347883.234075, 4
1347883.254537, 4
1347883.274997, 4
1347883.295458, 4
1347883.315925, 4
1347883.336386, 4
1347883.356850, 4
1347883.377314, 4
1347883.397775, 4
1347883.418238, 4
1347883.438699, 4
1347883.459160, 4
1347883.479635, 4
1347883.500100, 4
1347883.520563, 4
1347883.541024, 4
1347883.561485, 4
1347883.581948, 4
1347883.602409, 4
1347883.623047, 4
1347883.643507, 4
1347883.663968, 4
1347883.684431, 4
1347883.704892, 4
1347883.725353, 4
1347883.745816, 4
1347883.766276, 4
1347883.786735, 4
1347883.807195, 4
1347883.827655, 4
1347883.848116, 4
1347883.868578, 4
1347883.889039, 4
1347883.909468, 4
1347883.929963, 4
1347883.950431, 4
1347883.970898, 4
1347883.991361, 4
1347884.011827, 4
1347884.032337, 4
1347884.052811, 4
1347884.073275, 4
1347884.093861, 4
1347884.114327, 4
1347884.134789, 4
1347884.155251, 4
1347884.175713, 4
1347884.196189, 4
1347884.216651, 4
1347884.237112, 4
1347884.257574, 4
1347884.278034, 4
1347884.298496, 4
1347884.318956, 4
1347884.339418, 4
1347884.359884, 4
1347884.380351, 4
1347884.400812, 4
1347884.421273, 4
1347884.441736, 4
1347884.462196, 4
1347884.482657, 4
1347884.503118, 4
1347884.523579, 4
1347884.544006, 4
1347884.564712, 4
1347884.585172, 4
1347884.605639, 4
1347884.626101, 4
1347884.646563, 4
1347884.667025, 4
1347884.687486, 4
1347884.707947, 4
1347884.728408, 4
1347884.748868, 4
1347884.769329, 4
1347884.789790, 4
1347884.810251, 4
1347884.830711, 4
1347884.851172, 4
1347884.871633, 4
1347884.892095, 4
1347884.912558, 4
1347884.933021, 4
1347884.953486, 4
1347884.973949, 4
1347884.994409, 4
1347885.014870, 4
1347885.035531, 4
1347885.055991, 4
1347885.076458, 4
1347885.096918, 4
1347885.117380, 4
1347885.137840, 4
1347885.158301, 4
1347885.178761, 4
1347885.199223, 4
1347885.219683, 4
1347885.240145, 4
1347885.260605, 4
1347885.281066, 4
1347885.301527, 4
1347885.321990, 4
1347885.342450, 4
1347885.362911, 4
1347885.383374, 4
1347885.403834, 4
1347885.424296, 4
1347885.444757, 4
1347885.465218, 4
1347885.485679, 4
1347885.506337, 4
1347885.526798, 4
1347885.547258, 4
1347885.567720, 4
1347885.588187, 4
1347885.608647, 4
1347885.629108, 4
1347885.649569, 4
1347885.670030, 4
1347885.690492, 4
1347885.710952, 4
1347885.731413, 4
1347885.751874, 4
1347885.772342, 4
1347885.792803, 4
1347885.813269, 4
1347885.833732, 4
1347885.854196, 4
1347885.874663, 4
1347885.895125, 4
1347885.915586, 4
1347885.936006, 4
1347885.956469, 4
1347885.977170, 4
1347885.997631, 4
1347886.018093, 4
1347886.038553, 4
1347886.059014, 4
1347886.079477, 4
1347886.099938, 4
1347886.120399, 4
1347886.140860, 4
1347886.161321, 4
1347886.181782, 4
1347886.202244, 4
1347886.222705, 4
1347886.243167, 4
1347886.263628, 4
1347886.284090, 4
1347886.304551, 4
1347886.325020, 4
1347886.345484, 4
1347886.365945, 4
1347886.386407, 4
1347886.406868, 4
1347886.427332, 4
1347886.448005, 4
1347886.468466, 4
1347886.488928, 4
1347886.509389, 4
1347886.529851, 4
1347886.550312, 4
1347886.570773, 4
1347886.591235, 4
1347886.611695, 4
1347886.632160, 4
1347886.652653, 4
1347886.673144, 4
1347886.693640, 4
1347886.714138, 4
1347886.734633, 4
1347886.755103, 4
1347886.775567, 4
1347886.796007, 4
1347886.816467, 4
1347886.836929, 4
1347886.857625, 4
1347886.878086, 4
1347886.898547, 4
1347886.919008, 4
1347886.939469, 4
1347886.959931, 4
1347886.980395, 4
1347887.000859, 4
1347887.021322, 4
1347887.041784, 4
1347887.062245, 4
1347887.082707, 4
1347887.103169, 4
1347887.123630, 4
1347887.144092, 4
1347887.164554, 4
1347887.185015, 4
1347887.205481, 4
1347887.225943, 4
1347887.246405, 4
1347887.266867, 4
1347887.287328, 4
1347887.307788, 4
1347887.328473, 4
1347887.348933, 4
1347887.369394, 4
1347887.389855, 4
1347887.410316, 4
1347887.430777, 4
1347887.451240, 4
1347887.471700, 4
1347887.492163, 4
1347887.512625, 4
1347887.533086, 4
1347887.553547, 4
1347887.574009, 4
1347887.594469, 4
1347887.614930, 4
1347887.635390, 4
1347887.655852, 4
1347887.676316, 4
1347887.696779, 4
1347887.717240, 4
1347887.737702, 4
1347887.758164, 4
1347887.778625, 4
1347887.799339, 4
1347887.819799, 4
1347887.840270, 4
1347887.860732, 4
1347887.881195, 4
1347887.901658, 4
1347887.922120, 4
1347887.942583, 4
1347887.963044, 4
1347887.983505, 4
1347888.003967, 4
1347888.024475, 4
1347888.044947, 4
1347888.065412, 4
1347888.085884, 4
1347888.106347, 4
1347888.126808, 4
1347888.147356, 4
1347888.167834, 4
1347888.188306, 4
1347888.209034, 4
1347888.229534, 4
1347888.250010, 4
1347888.270482, 4
1347888.290977, 4
1347888.311468, 4
1347888.331934, 4
1347888.352402, 4
1347888.372864, 4
1347888.393329, 4
1347888.413793, 4
1347888.434253, 4
1347888.454714, 4
1347888.475173, 4
1347888.495645, 4
1347888.516110, 4
1347888.536605, 4
1347888.557107, 4
1347888.577576, 4
1347888.598042, 4
1347888.618636, 4
1347888.639097, 4
1347888.659559, 4
1347888.680008, 4
1347888.700467, 4
1347888.720929, 4
1347888.741387, 4
1347888.761855, 4
1347888.782355, 4
1347888.802837, 4
1347888.823300, 4
1347888.843760, 4
1347888.864222, 4
1347888.884681, 4
1347888.905141, 4
1347888.925603, 4
1347888.946076, 4
1347888.966545, 4
1347888.987010, 4
1347889.007473, 4
1347889.027947, 4
1347889.048456, 4
1347889.068956, 4
1347889.089538, 4
1347889.110005, 4
1347889.130466, 4
1347889.150926, 4
1347889.171386, 4
1347889.191845, 4
1347889.212306, 4
1347889.232769, 4
1347889.253231, 4
1347889.273728, 4
1347889.294194, 4
1347889.314656, 4
1347889.335116, 4
1347889.355575, 4
1347889.376004, 4
1347889.396465, 4
1347889.416927, 4
1347889.437387, 4
1347889.457847, 4
1347889.478306, 4
1347889.498769, 4
1347889.519261, 4
1347889.539728, 4
1347889.560368, 4
1347889.580828, 4
1347889.601291, 4
1347889.621751, 4
1347889.642210, 4
1347889.662671, 4
1347889.683129, 4
1347889.703588, 4
1347889.724007, 4
1347889.744470, 4
1347889.764943, 4
1347889.785410, 4
1347889.805875, 4
1347889.826335, 4
1347889.846793, 4
1347889.867253, 4
1347889.887712, 4
1347889.908178, 4
1347889.928641, 4
1347889.949119, 4
1347889.969589, 4
1347889.990055, 4
1347890.010526, 4
1347890.031248, 4
1347890.051691, 4
1347890.072180, 4
1347890.092679, 4
1347890.113177, 4
1347890.133662, 4
1347890.154159, 4
1347890.174657, 4
1347890.195155, 4
1347890.215653, 4
1347890.236153, 4
1347890.256655, 4
1347890.277131, 4
1347890.297599, 4
1347890.318069, 4
1347890.338531, 4
1347890.358992, 4
1347890.379678, 4
1347890.400141, 4
1347890.420622, 4
1347890.441082, 4
1347890.461543, 4
1347890.482004, 4
1347890.502465, 4
1347890.522926, 4
1347890.543387, 4
1347890.563848, 4
1347890.584310, 4
1347890.604770, 4
1347890.625232, 4
1347890.645692, 4
1347890.666153, 4
1347890.686615, 4
1347890.707076, 4
1347890.727537, 4
1347890.747998, 4
1347890.768465, 4
1347890.788928, 4
1347890.809394, 4
1347890.829892, 4
1347890.850537, 4
1347890.871003, 4
1347890.891465, 4
1347890.911927, 4
1347890.932394, 4
1347890.952858, 4
1347890.973319, 4
1347890.993780, 4
1347891.014242, 4
1347891.034703, 4
1347891.055164, 4
1347891.075626, 4
1347891.096092, 4
1347891.116554, 4
1347891.137016, 4
1347891.157476, 4
1347891.177937, 4
1347891.198401, 4
1347891.218861, 4
1347891.239323, 4
1347891.259785, 4
1347891.280247, 4
1347891.300708, 4
1347891.321379, 4
1347891.341839, 4
1347891.362300, 4
1347891.382760, 4
1347891.403221, 4
1347891.423682, 4
1347891.444144, 4
1347891.464605, 4
1347891.485066, 4
1347891.505527, 4
1347891.525987, 4
1347891.546448, 4
1347891.566909, 4
1347891.587369, 4
1347891.607830, 4
1347891.628292, 4
1347891.648752, 4
1347891.669215, 4
1347891.689676, 4
1347891.710137, 4
1347891.730599, 4
1347891.751060, 4
1347891.771521, 4
1347891.792267, 4
1347891.812728, 4
1347891.833189, 4
1347891.853651, 4
1347891.874111, 4
1347891.894572, 4
1347891.915033, 4
1347891.935494, 4
1347891.955954, 4
1347891.976415, 4
1347891.996877, 4
1347892.017344, 4
1347892.037839, 4
1347892.058308, 4
1347892.078772, 4
1347892.099235, 4
1347892.119698, 4
1347892.140163, 4
1347892.160625, 4
1347892.181086, 4
1347892.201550, 4
1347892.222011, 4
1347892.242474, 4
1347892.263136, 4
1347892.283598, 4
1347892.304066, 4
1347892.324527, 4
1347892.344989, 4
1347892.365449, 4
1347892.385911, 4
1347892.406373, 4
1347892.426835, 4
1347892.447298, 4
1347892.467761, 4
1347892.488224, 4
1347892.508685, 4
1347892.529147, 4
1347892.549610, 4
1347892.570071, 4
1347892.590533, 4
1347892.610996, 4
1347892.631458, 4
1347892.651919, 4
1347892.672381, 4
1347892.692842, 4
1347892.713303, 4
1347892.734045, 4
1347892.754505, 4
1347892.774966, 4
1347892.795444, 4
1347892.815907, 4
1347892.836370, 4
1347892.856831, 4
1347892.877292, 4
1347892.897753, 4
1347892.918215, 4
1347892.938676, 4
1347892.959136, 4
1347892.979597, 4
1347893.000063, 4
1347893.020525, 4
1347893.040986, 4
1347893.061446, 4
1347893.081908, 4
1347893.102369, 4
1347893.122831, 4
1347893.143294, 4
1347893.163755, 4
1347893.184217, 4
1347893.204933, 4
1347893.225435, 4
1347893.245908, 4
1347893.266375, 4
1347893.286838, 4
1347893.307301, 4
1347893.327762, 4
1347893.348225, 4
1347893.368687, 4
1347893.389148, 4
1347893.409609, 4
1347893.430069, 4
1347893.450530, 4
1347893.470992, 4
1347893.491453, 4
1347893.511914, 4
1347893.532374, 4
1347893.552837, 4
1347893.573298, 4
1347893.593759, 4
1347893.614223, 4
1347893.634685, 4
1347893.655146, 4
1347893.675812, 4
1347893.696280, 4
1347893.716741, 4
1347893.737202, 4
1347893.757663, 4
1347893.778124, 4
1347893.798585, 4
1347893.819047, 4
1347893.839509, 4
1347893.859971, 4
1347893.880432, 4
1347893.900893, 4
1347893.921354, 4
1347893.941815, 4
1347893.962276, 4
1347893.982736, 4
1347894.003197, 4
1347894.023659, 4
1347894.044120, 4
1347894.064581, 4
1347894.085042, 4
1347894.105504, 4
1347894.125964, 4
1347894.146684, 4
1347894.167146, 4
1347894.187606, 4
1347894.208075, 4
1347894.228536, 4
1347894.248996, 4
1347894.269457, 4
1347894.289917, 4
1347894.310378, 4
1347894.330839, 4
1347894.351300, 4
1347894.371761, 4
1347894.392224, 4
1347894.412685, 4
1347894.433147, 4
1347894.453607, 4
1347894.474067, 4
1347894.494534, 4
1347894.515027, 4
1347894.535521, 4
1347894.556008, 4
1347894.576485, 4
1347894.596950, 4
1347894.617554, 4
1347894.638015, 4
1347894.658476, 4
1347894.678937, 4
1347894.699398, 4
1347894.719859, 4
1347894.740321, 4
1347894.760781, 4
1347894.781242, 4
1347894.801703, 4
1347894.822163, 4
1347894.842625, 4
1347894.863086, 4
1347894.883547, 4
1347894.904006, 4
1347894.924467, 4
1347894.944927, 4
1347894.965437, 4
1347894.985925, 4
1347895.006391, 4
1347895.026853, 4
1347895.047313, 4
1347895.067773, 4
1347895.088381, 4
1347895.108840, 4
1347895.129299, 4
1347895.149762, 4
1347895.170253, 4
1347895.190770, 4
1347895.211244, 4
1347895.231711, 4
1347895.252179, 4
1347895.272642, 4
1347895.293101, 4
1347895.313560, 4
1347895.334022, 4
1347895.354481, 4
1347895.374941, 4
1347895.395405, 4
1347895.415904, 4
1347895.436377, 4
1347895.456840, 4
1347895.477304, 4
1347895.498051, 4
1347895.518512, 4
1347895.538971, 4
1347895.559432, 4
1347895.579892, 4
1347895.600357, 4
1347895.620816, 4
1347895.641279, 4
1347895.661771, 4
1347895.682238, 4
1347895.702702, 4
1347895.723163, 4
1347895.743622, 4
1347895.764084, 4
1347895.784543, 4
1347895.805005, 4
1347895.825465, 4
1347895.845925, 4
1347895.866385, 4
1347895.886853, 4
1347895.907360, 4
1347895.927835, 4
1347895.948309, 4
1347895.969058, 4
1347895.989521, 4
1347896.009983, 4
1347896.030448, 4
1347896.050908, 4
1347896.071373, 4
1347896.091834, 4
1347896.112294, 4
1347896.132769, 4
1347896.153235, 4
1347896.173699, 4
1347896.194169, 4
1347896.214661, 4
1347896.235128, 4
1347896.255594, 4
1347896.276060, 4
1347896.296522, 4
1347896.316985, 4
1347896.337446, 4
1347896.357910, 4
1347896.378377, 4
1347896.398838, 4
1347896.419298, 4
1347896.440063, 4
1347896.460525, 4
1347896.480985, 4
1347896.501448, 4
1347896.521907, 4
1347896.542369, 4
1347896.562830, 4
1347896.583290, 4
1347896.603750, 4
1347896.624210, 4
1347896.644670, 4
1347896.665135, 4
1347896.685594, 4
1347896.706054, 4
1347896.726513, 4
1347896.746978, 4
1347896.767441, 4
1347896.787900, 4
1347896.808365, 4
1347896.828827, 4
1347896.849289, 4
1347896.869749, 4
1347896.890211, 4
1347896.910671, 4
1347896.931130, 4
1347896.951589, 4
1347896.972261, 4
1347896.992723, 4
1347897.013182, 4
1347897.033640, 4
1347897.054099, 4
1347897.074557, 4
1347897.095016, 4
1347897.115475, 4
1347897.135934, 4
1347897.156396, 4
1347897.176855, 4
1347897.197314, 4
1347897.217778, 4
1347897.238281, 4
1347897.258771, 4
1347897.279244, 4
1347897.299710, 4
1347897.320184, 4
1347897.340646, 4
1347897.361112, 4
1347897.381577, 4
1347897.402037, 4
1347897.422498, 4
1347897.443107, 4
1347897.463585, 4
1347897.484006, 4
1347897.504465, 4
1347897.524927, 4
1347897.545386, 4
1347897.565845, 4
1347897.586306, 4
1347897.606766, 4
1347897.627225, 4
1347897.647685, 4
1347897.668144, 4
1347897.688606, 4
1347897.709064, 4
1347897.729523, 4
1347897.749983, 4
1347897.770443, 4
1347897.790904, 4
1347897.811363, 4
1347897.831821, 4
1347897.852285, 4
1347897.872743, 4
1347897.893205, 4
1347897.913959, 4
1347897.934419, 4
1347897.954878, 4
1347897.975336, 4
1347897.995794, 4
1347898.016254, 4
1347898.036712, 4
1347898.057171, 4
1347898.077632, 4
1347898.098091, 4
1347898.118550, 4
1347898.139010, 4
1347898.159468, 4
1347898.179927, 4
1347898.200391, 4
1347898.220877, 4
1347898.241350, 4
1347898.261870, 4
1347898.282351, 4
1347898.302816, 4
1347898.323286, 4
1347898.343749, 4
1347898.364207, 4
1347898.384800, 4
1347898.405280, 4
1347898.425753, 4
1347898.446216, 4
1347898.466674, 4
1347898.487129, 4
1347898.507588, 4
1347898.528004, 4
1347898.548463, 4
1347898.568919, 4
1347898.589376, 4
1347898.609832, 4
1347898.630289, 4
1347898.650745, 4
1347898.671202, 4
1347898.691657, 4
1347898.712113, 4
1347898.732572, 4
1347898.753027, 4
1347898.773483, 4
1347898.793946, 4
1347898.814403, 4
1347898.834864, 4
1347898.855331, 4
1347898.875826, 4
1347898.896299, 4
1347898.916872, 4
1347898.937336, 4
1347898.957797, 4
1347898.978262, 4
1347898.998725, 4
1347899.019191, 4
1347899.039683, 4
1347899.060153, 4
1347899.080620, 4
1347899.101085, 4
1347899.121548, 4
1347899.142016, 4
1347899.162483, 4
1347899.182948, 4
1347899.203412, 4
1347899.223874, 4
1347899.244345, 4
1347899.264820, 4
1347899.285321, 4
1347899.305803, 4
1347899.326515, 4
1347899.346977, 4
1347899.367435, 4
1347899.387894, 4
1347899.408353, 4
1347899.428810, 4
1347899.449267, 4
1347899.469723, 4
1347899.490180, 4
1347899.510636, 4
1347899.531093, 4
1347899.551547, 4
1347899.572006, 4
1347899.592470, 4
1347899.612935, 4
1347899.633396, 4
1347899.653855, 4
1347899.674325, 4
1347899.694790, 4
1347899.715253, 4
1347899.735722, 4
1347899.756187, 4
1347899.776651, 4
1347899.797355, 4
1347899.817818, 4
1347899.838282, 4
1347899.858748, 4
1347899.879226, 4
1347899.899691, 4
1347899.920156, 4
1347899.940622, 4
1347899.961086, 4
1347899.981553, 4
1347900.002016, 4
1347900.022481, 4
1347900.042945, 4
1347900.063407, 4
1347900.083878, 4
1347900.104347, 4
1347900.124809, 4
1347900.145275, 4
1347900.165738, 4
1347900.186199, 4
1347900.206664, 4
1347900.227128, 4
1347900.247590, 4
1347900.268229, 4
1347900.288688, 4
1347900.309154, 4
1347900.329636, 4
1347900.350100, 4
1347900.370562, 4
1347900.391043, 4
1347900.411516, 4
1347900.431976, 4
1347900.452435, 4
1347900.472891, 4
1347900.493354, 4
1347900.513818, 4
1347900.534280, 4
1347900.554756, 4
1347900.575220, 4
1347900.595684, 4
1347900.616160, 4
1347900.636622, 4
1347900.657084, 4
1347900.677550, 4
1347900.698011, 4
1347900.718472, 4
1347900.739071, 4
1347900.759533, 4
1347900.779994, 4
1347900.800462, 4
1347900.820924, 4
1347900.841386, 4
1347900.861853, 4
1347900.882340, 4
1347900.902811, 4
1347900.923275, 4
1347900.943737, 4
1347900.964201, 4
1347900.984682, 4
1347901.005150, 4
1347901.025615, 4
1347901.046076, 4
1347901.066537, 4
1347901.086999, 4
1347901.107460, 4
1347901.127920, 4
1347901.148390, 4
1347901.168850, 4
1347901.189317, 4
1347901.209899, 4
1347901.230359, 4
1347901.250820, 4
1347901.271281, 4
1347901.291741, 4
1347901.312204, 4
1347901.332669, 4
1347901.353158, 4
1347901.373627, 4
1347901.394091, 4
1347901.414553, 4
1347901.435017, 4
1347901.455481, 4
1347901.475945, 4
1347901.496410, 4
1347901.516873, 4
1347901.537337, 4
1347901.557801, 4
1347901.578262, 4
1347901.598724, 4
1347901.619188, 4
1347901.639653, 4
1347901.660117, 4
1347901.680767, 4
1347901.701228, 4
1347901.721689, 4
1347901.742150, 4
1347901.762611, 4
1347901.783073, 4
1347901.803536, 4
1347901.824005, 4
1347901.844468, 4
1347901.864933, 4
1347901.885431, 4
1347901.905902, 4
1347901.926368, 4
1347901.946830, 4
1347901.967297, 4
1347901.987762, 4
1347902.008227, 4
1347902.028757, 4
1347902.049250, 4
1347902.069720, 4
1347902.090409, 4
1347902.110888, 4
1347902.131350, 4
1347902.151809, 4
1347902.172272, 4
1347902.192737, 4
1347902.213226, 4
1347902.233700, 4
1347902.254163, 4
1347902.274624, 4
1347902.295084, 4
1347902.315544, 4
1347902.336004, 4
1347902.356484, 4
1347902.376979, 4
1347902.397470, 4
1347902.417964, 4
1347902.438474, 4
1347902.458940, 4
1347902.479405, 4
1347902.500071, 4
1347902.520574, 4
1347902.541074, 4
1347902.561547, 4
1347902.582011, 4
1347902.602473, 4
1347902.622933, 4
1347902.643394, 4
1347902.663854, 4
1347902.684313, 4
1347902.704772, 4
1347902.725235, 4
1347902.745700, 4
1347902.766195, 4
1347902.786675, 4
1347902.807139, 4
1347902.827601, 4
1347902.848069, 4
1347902.868530, 4
1347902.888991, 4
1347902.909723, 4
1347902.930216, 4
1347902.950705, 4
1347902.971171, 4
1347902.991639, 4
1347903.012112, 4
1347903.032600, 4
1347903.053066, 4
1347903.073529, 4
1347903.093988, 4
1347903.114448, 4
1347903.134908, 4
1347903.155368, 4
1347903.175828, 4
1347903.196291, 4
1347903.216755, 4
1347903.237243, 4
1347903.257741, 4
1347903.278213, 4
1347903.298677, 4
1347903.319364, 4
1347903.339824, 4
1347903.360293, 4
1347903.380800, 4
1347903.401292, 4
1347903.421758, 4
1347903.442226, 4
1347903.462690, 4
1347903.483154, 4
1347903.503619, 4
1347903.524085, 4
1347903.544546, 4
1347903.565009, 4
1347903.585470, 4
1347903.605933, 4
1347903.626394, 4
1347903.646858, 4
1347903.667322, 4
1347903.687786, 4
1347903.708258, 4
1347903.729045, 4
1347903.749510, 4
1347903.769979, 4
1347903.790442, 4
1347903.810902, 4
1347903.831361, 4
1347903.851821, 4
1347903.872281, 4
1347903.892744, 4
1347903.913204, 4
1347903.933670, 4
1347903.954131, 4
1347903.974590, 4
1347903.995049, 4
1347904.015509, 4
1347904.035968, 4
1347904.056432, 4
1347904.076892, 4
1347904.097352, 4
1347904.117811, 4
1347904.138271, 4
1347904.158731, 4
1347904.179189, 4
1347904.199656, 4
1347904.220143, 4
1347904.240613, 4
1347904.261184, 4
1347904.281644, 4
1347904.302104, 4
1347904.322565, 4
1347904.343024, 4
1347904.363483, 4
1347904.383942, 4
1347904.404413, 4
1347904.424908, 4
1347904.445386, 4
1347904.465852, 4
1347904.486316, 4
1347904.506776, 4
1347904.527236, 4
1347904.547695, 4
1347904.568155, 4
1347904.588614, 4
1347904.609078, 4
1347904.629538, 4
1347904.649997, 4
1347904.670459, 4
1347904.690919, 4
1347904.711378, 4
1347904.731840, 4
1347904.752299, 4
1347904.772759, 4
1347904.793404, 4
1347904.813873, 4
1347904.834337, 4
1347904.854805, 4
1347904.875292, 4
1347904.895761, 4
1347904.916229, 4
1347904.936692, 4
1347904.957155, 4
1347904.977618, 4
1347904.998081, 4
1347905.018549, 4
1347905.039037, 4
1347905.059505, 4
1347905.079970, 4
1347905.100435, 4
1347905.120899, 4
1347905.141370, 4
1347905.161831, 4
1347905.182292, 4
1347905.202753, 4
1347905.223214, 4
1347905.243675, 4
1347905.264300, 4
1347905.284762, 4
1347905.305222, 4
1347905.325683, 4
1347905.346144, 4
1347905.366604, 4
1347905.387065, 4
1347905.407526, 4
1347905.427991, 4
1347905.448493, 4
1347905.468962, 4
1347905.489428, 4
1347905.509892, 4
1347905.530354, 4
1347905.550817, 4
1347905.571279, 4
1347905.591740, 4
1347905.612205, 4
1347905.632668, 4
1347905.653130, 4
1347905.673592, 4
1347905.694055, 4
1347905.714518, 4
1347905.735215, 4
1347905.755681, 4
1347905.776143, 4
1347905.796612, 4
1347905.817116, 4
1347905.837585, 4
1347905.858057, 4
1347905.878533, 4
1347905.899000, 4
1347905.919464, 4
1347905.939928, 4
1347905.960393, 4
1347905.980855, 4
1347906.001317, 4
1347906.021781, 4
1347906.042244, 4
1347906.062706, 4
1347906.083171, 4
1347906.103632, 4
1347906.124095, 4
1347906.144562, 4
1347906.165022, 4
1347906.185484, 4
1347906.206156, 4
1347906.226619, 4
1347906.247083, 4
1347906.267547, 4
1347906.288004, 4
1347906.308473, 4
1347906.328936, 4
1347906.349398, 4
1347906.369864, 4
1347906.390348, 4
1347906.410820, 4
1347906.431314, 4
1347906.451787, 4
1347906.472287, 4
1347906.492764, 4
1347906.513228, 4
1347906.533691, 4
1347906.554158, 4
1347906.574621, 4
1347906.595081, 4
1347906.615544, 4
1347906.636006, 4
1347906.656467, 4
1347906.677127, 4
1347906.697588, 4
1347906.718050, 4
1347906.738514, 4
1347906.758978, 4
1347906.779457, 4
1347906.799919, 4
1347906.820385, 4
1347906.840849, 4
1347906.861314, 4
1347906.881790, 4
1347906.902252, 4
1347906.922715, 4
1347906.943179, 4
1347906.963643, 4
1347906.984106, 4
1347907.004574, 4
1347907.025114, 4
1347907.045607, 4
1347907.066074, 4
1347907.086536, 4
1347907.106997, 4
1347907.127456, 4
1347907.148087, 4
1347907.168545, 4
1347907.189004, 4
1347907.209466, 4
1347907.229926, 4
1347907.250384, 4
1347907.270845, 4
1347907.291304, 4
1347907.311762, 4
1347907.332222, 4
1347907.352681, 4
1347907.373142, 4
1347907.393601, 4
1347907.414059, 4
1347907.434518, 4
1347907.454977, 4
1347907.475441, 4
1347907.495928, 4
1347907.516392, 4
1347907.536855, 4
1347907.557318, 4
1347907.577779, 4
1347907.598241, 4
1347907.618702, 4
1347907.639163, 4
1347907.659622, 4
1347907.680272, 4
1347907.700732, 4
1347907.721194, 4
1347907.741654, 4
1347907.762114, 4
1347907.782575, 4
1347907.803034, 4
1347907.823494, 4
1347907.843954, 4
1347907.864416, 4
1347907.884879, 4
1347907.905339, 4
1347907.925800, 4
1347907.946261, 4
1347907.966719, 4
1347907.987179, 4
1347908.007638, 4
1347908.028099, 4
1347908.048559, 4
1347908.069018, 4
1347908.089478, 4
1347908.109941, 4
1347908.130400, 4
1347908.150860, 4
1347908.171319, 4
1347908.191783, 4
1347908.212510, 4
1347908.233008, 4
1347908.253478, 4
1347908.273945, 4
1347908.294405, 4
1347908.314866, 4
1347908.335325, 4
1347908.355785, 4
1347908.376247, 4
1347908.396706, 4
1347908.417168, 4
1347908.437627, 4
1347908.458085, 4
1347908.478544, 4
1347908.499008, 4
1347908.519497, 4
1347908.539964, 4
1347908.560431, 4
1347908.580893, 4
1347908.601356, 4
1347908.621824, 4
1347908.642285, 4
1347908.662745, 4
1347908.683454, 4
1347908.703913, 4
1347908.724372, 4
1347908.744833, 4
1347908.765294, 4
1347908.785754, 4
1347908.806213, 4
1347908.826674, 4
1347908.847134, 4
1347908.867593, 4
1347908.888004, 4
1347908.908465, 4
1347908.928924, 4
1347908.949383, 4
1347908.969843, 4
1347908.990304, 4
1347909.010763, 4
1347909.031228, 4
1347909.051687, 4
1347909.072147, 4
1347909.092607, 4
1347909.113066, 4
1347909.133525, 4
1347909.153985, 4
1347909.174445, 4
1347909.194905, 4
1347909.215526, 4
1347909.235986, 4
1347909.256445, 4
1347909.276903, 4
1347909.297362, 4
1347909.317822, 4
1347909.338281, 4
1347909.358741, 4
1347909.379199, 4
1347909.399657, 4
1347909.420118, 4
1347909.440577, 4
1347909.461035, 4
1347909.481494, 4
1347909.501953, 4
1347909.522416, 4
1347909.542906, 4
1347909.563397, 4
1347909.583864, 4
1347909.604330, 4
1347909.624793, 4
1347909.645253, 4
1347909.665715, 4
1347909.686337, 4
1347909.706796, 4
1347909.727256, 4
1347909.747716, 4
1347909.768188, 4
1347909.788651, 4
1347909.809110, 4
1347909.829570, 4
1347909.850032, 4
1347909.870492, 4
1347909.890952, 4
1347909.911413, 4
1347909.931877, 4
1347909.952342, 4
1347909.972801, 4
1347909.993259, 4
1347910.013719, 4
1347910.034179, 4
1347910.054638, 4
1347910.075097, 4
1347910.095557, 4
1347910.116004, 4
1347910.136463, 4
1347910.157139, 4
1347910.177599, 4
1347910.198062, 4
1347910.218548, 4
1347910.239013, 4
1347910.259476, 4
1347910.279939, 4
1347910.300399, 4
1347910.320859, 4
1347910.341319, 4
1347910.361778, 4
1347910.382238, 4
1347910.402698, 4
1347910.423157, 4
1347910.443617, 4
1347910.464080, 4
1347910.484540, 4
1347910.505006, 4
1347910.525465, 4
1347910.545925, 4
1347910.566413, 4
1347910.586882, 4
1347910.607347, 4
1347910.627959, 4
1347910.648419, 4
1347910.668880, 4
1347910.689340, 4
1347910.709799, 4
1347910.730262, 4
1347910.750721, 4
1347910.771180, 4
1347910.791641, 4
1347910.812101, 4
1347910.832561, 4
1347910.853022, 4
1347910.873480, 4
1347910.893940, 4
1347910.914406, 4
1347910.934886, 4
1347910.955363, 4
1347910.975836, 4
1347910.996302, 4
1347911.016762, 4
1347911.037224, 4
1347911.057683, 4
1347911.078143, 4
1347911.098846, 4
1347911.119320, 4
1347911.139785, 4
1347911.160250, 4
1347911.180715, 4
1347911.201176, 4
1347911.221636, 4
1347911.242097, 4
1347911.262558, 4
1347911.283020, 4
1347911.303481, 4
1347911.323945, 4
1347911.344408, 4
1347911.364871, 4
1347911.385340, 4
1347911.405802, 4
1347911.426284, 4
1347911.446751, 4
1347911.467216, 4
1347911.487686, 4
1347911.508493, 4
1347911.528962, 4
1347911.549426, 4
1347911.569895, 4
1347911.590401, 4
1347911.610889, 4
1347911.631363, 4
1347911.651829, 4
1347911.672293, 4
1347911.692753, 4
1347911.713217, 4
1347911.733676, 4
1347911.754136, 4
1347911.774596, 4
1347911.795058, 4
1347911.815548, 4
1347911.836010, 4
1347911.856487, 4
1347911.876955, 4
1347911.897418, 4
1347911.918089, 4
1347911.938560, 4
1347911.959055, 4
1347911.979525, 4
1347911.999988, 4
1347912.020449, 4
1347912.040908, 4
1347912.061375, 4
1347912.081842, 4
1347912.102331, 4
1347912.122799, 4
1347912.143262, 4
1347912.163722, 4
1347912.184188, 4
1347912.204655, 4
1347912.225140, 4
1347912.245604, 4
1347912.266070, 4
1347912.286531, 4
1347912.306995, 4
1347912.327483, 4
1347912.347976, 4
1347912.368445, 4
1347912.389000, 4
1347912.409468, 4
1347912.429966, 4
1347912.450438, 4
1347912.470903, 4
1347912.491364, 4
1347912.511823, 4
1347912.532285, 4
1347912.552748, 4
1347912.573207, 4
1347912.593674, 4
1347912.614164, 4
1347912.634632, 4
1347912.655098, 4
1347912.675560, 4
1347912.696005, 4
1347912.716465, 4
1347912.736924, 4
1347912.757383, 4
1347912.777843, 4
1347912.798311, 4
1347912.818775, 4
1347912.839236, 4
1347912.859955, 4
1347912.880421, 4
1347912.900881, 4
1347912.921342, 4
1347912.941802, 4
1347912.962261, 4
1347912.982720, 4
1347913.003180, 4
1347913.023639, 4
1347913.044099, 4
1347913.064559, 4
1347913.085018, 4
1347913.105477, 4
1347913.125937, 4
1347913.146396, 4
1347913.166855, 4
1347913.187315, 4
1347913.207775, 4
1347913.228271, 4
1347913.248746, 4
1347913.269212, 4
1347913.289676, 4
1347913.310137, 4
1347913.330813, 4
1347913.351275, 4
1347913.371737, 4
1347913.392202, 4
1347913.412666, 4
1347913.433130, 4
1347913.453592, 4
1347913.474055, 4
1347913.494517, 4
1347913.514980, 4
1347913.535441, 4
1347913.555904, 4
1347913.576369, 4
1347913.596831, 4
1347913.617297, 4
1347913.637784, 4
1347913.658252, 4
1347913.678722, 4
1347913.699183, 4
1347913.719645, 4
1347913.740110, 4
1347913.760574, 4
1347913.781038, 4
1347913.801652, 4
1347913.822115, 4
1347913.842577, 4
1347913.863043, 4
1347913.883536, 4
1347913.904004, 4
1347913.924471, 4
1347913.944936, 4
1347913.965398, 4
1347913.985859, 4
1347914.006321, 4
1347914.026781, 4
1347914.047242, 4
1347914.067705, 4
1347914.088175, 4
1347914.108637, 4
1347914.129100, 4
1347914.149564, 4
1347914.170026, 4
1347914.190486, 4
1347914.211245, 4
1347914.231706, 4
1347914.252167, 4
1347914.272628, 4
1347914.293090, 4
1347914.313552, 4
1347914.334016, 4
1347914.354479, 4
1347914.374944, 4
1347914.395429, 4
1347914.415902, 4
1347914.436396, 4
1347914.456863, 4
1347914.477329, 4
1347914.497793, 4
1347914.518255, 4
1347914.538716, 4
1347914.559179, 4
1347914.579650, 4
1347914.600112, 4
1347914.620842, 4
1347914.641308, 4
1347914.661794, 4
1347914.682261, 4
1347914.702726, 4
1347914.723190, 4
1347914.743652, 4
1347914.764115, 4
1347914.784580, 4
1347914.805044, 4
1347914.825506, 4
1347914.845969, 4
1347914.866436, 4
1347914.886927, 4
1347914.907404, 4
1347914.927871, 4
1347914.948339, 4
1347914.968804, 4
1347914.989267, 4
1347915.009733, 4
1347915.030494, 4
1347915.050960, 4
1347915.071423, 4
1347915.091885, 4
1347915.112353, 4
1347915.132815, 4
1347915.153276, 4
1347915.173737, 4
1347915.194199, 4
1347915.214660, 4
1347915.235121, 4
1347915.255583, 4
1347915.276006, 4
1347915.296468, 4
1347915.316929, 4
1347915.337392, 4
1347915.357853, 4
1347915.378315, 4
1347915.398776, 4
1347915.419238, 4
1347915.439702, 4
1347915.460166, 4
1347915.480629, 4
1347915.501263, 4
1347915.521724, 4
1347915.542186, 4
1347915.562646, 4
1347915.583107, 4
1347915.603568, 4
1347915.624005, 4
1347915.644466, 4
1347915.664932, 4
1347915.685424, 4
1347915.705891, 4
1347915.726356, 4
1347915.746819, 4
1347915.767287, 4
1347915.787795, 4
1347915.808270, 4
1347915.828726, 4
1347915.849182, 4
1347915.869636, 4
1347915.890096, 4
1347915.910882, 4
1347915.931368, 4
1347915.951849, 4
1347915.972307, 4
1347915.992769, 4
1347916.013253, 4
1347916.033744, 4
1347916.054205, 4
1347916.074660, 4
1347916.095131, 4
1347916.115586, 4
1347916.136006, 4
1347916.156457, 4
1347916.176909, 4
1347916.197367, 4
1347916.217846, 4
1347916.238312, 4
1347916.258799, 4
1347916.279288, 4
1347916.299754, 4
1347916.320472, 4
1347916.340942, 4
1347916.361410, 4
1347916.381877, 4
1347916.402362, 4
1347916.422836, 4
1347916.443344, 4
1347916.463816, 4
1347916.484288, 4
1347916.504756, 4
1347916.525219, 4
1347916.545690, 4
1347916.566153, 4
1347916.586614, 4
1347916.607076, 4
1347916.627539, 4
1347916.648004, 4
1347916.668466, 4
1347916.688929, 4
1347916.709404, 4
1347916.730076, 4
1347916.750539, 4
1347916.770999, 4
1347916.791464, 4
1347916.811929, 4
1347916.832395, 4
1347916.852857, 4
1347916.873321, 4
1347916.893804, 4
1347916.914272, 4
1347916.934736, 4
1347916.955200, 4
1347916.975666, 4
1347916.996130, 4
1347917.016598, 4
1347917.037088, 4
1347917.057558, 4
1347917.078032, 4
1347917.098495, 4
1347917.118959, 4
1347917.139424, 4
1347917.159886, 4
1347917.180354, 4
1347917.200947, 4
1347917.221409, 4
1347917.241872, 4
1347917.262334, 4
1347917.282796, 4
1347917.303258, 4
1347917.323719, 4
1347917.344188, 4
1347917.364648, 4
1347917.385110, 4
1347917.405571, 4
1347917.426033, 4
1347917.446498, 4
1347917.466960, 4
1347917.487424, 4
1347917.507887, 4
1347917.528355, 4
1347917.548819, 4
1347917.569281, 4
1347917.589742, 4
1347917.610206, 4
1347917.630668, 4
1347917.651129, 4
1347917.671769, 4
1347917.692232, 4
1347917.712698, 4
1347917.733195, 4
1347917.753665, 4
1347917.774131, 4
1347917.794597, 4
1347917.815060, 4
1347917.835525, 4
1347917.855989, 4
1347917.876456, 4
1347917.896953, 4
1347917.917421, 4
1347917.937886, 4
1347917.958353, 4
1347917.978849, 4
1347917.999320, 4
1347918.019791, 4
1347918.040265, 4
1347918.060730, 4
1347918.081375, 4
1347918.101839, 4
1347918.122303, 4
1347918.142769, 4
1347918.163234, 4
1347918.183698, 4
1347918.204167, 4
1347918.224659, 4
1347918.245126, 4
1347918.265590, 4
1347918.286053, 4
1347918.306519, 4
1347918.326985, 4
1347918.347450, 4
1347918.367922, 4
1347918.388426, 4
1347918.408935, 4
1347918.429443, 4
1347918.449914, 4
1347918.470388, 4
1347918.491001, 4
1347918.511465, 4
1347918.531929, 4
1347918.552396, 4
1347918.572859, 4
1347918.593322, 4
1347918.613786, 4
1347918.634249, 4
1347918.654712, 4
1347918.675176, 4
1347918.695639, 4
1347918.716109, 4
1347918.736575, 4
1347918.757065, 4
1347918.777538, 4
1347918.798006, 4
1347918.818472, 4
1347918.838939, 4
1347918.859406, 4
1347918.879874, 4
1347918.900658, 4
1347918.921127, 4
1347918.941599, 4
1347918.962068, 4
1347918.982534, 4
1347919.002998, 4
1347919.023463, 4
1347919.043946, 4
1347919.064415, 4
1347919.084880, 4
1347919.105344, 4
1347919.125804, 4
1347919.146268, 4
1347919.166731, 4
1347919.187196, 4
1347919.207662, 4
1347919.228127, 4
1347919.248598, 4
1347919.269062, 4
1347919.289525, 4
1347919.310218, 4
1347919.330681, 4
1347919.351144, 4
1347919.371606, 4
1347919.392075, 4
1347919.412536, 4
1347919.432999, 4
1347919.453462, 4
1347919.473926, 4
1347919.494389, 4
1347919.514851, 4
1347919.535313, 4
1347919.555774, 4
1347919.576239, 4
1347919.596705, 4
1347919.617168, 4
1347919.637630, 4
1347919.658101, 4
1347919.678564, 4
1347919.699032, 4
1347919.719789, 4
1347919.740252, 4
1347919.760718, 4
1347919.781200, 4
1347919.801669, 4
1347919.822136, 4
1347919.842601, 4
1347919.863070, 4
1347919.883556, 4
1347919.904006, 4
1347919.924479, 4
1347919.944942, 4
1347919.965406, 4
1347919.985868, 4
1347920.006333, 4
1347920.026798, 4
1347920.047263, 4
1347920.067729, 4
1347920.088199, 4
1347920.108663, 4
1347920.129416, 4
1347920.149879, 4
1347920.170343, 4
1347920.190809, 4
1347920.211272, 4
1347920.231735, 4
1347920.252197, 4
1347920.272662, 4
1347920.293126, 4
1347920.313590, 4
1347920.334053, 4
1347920.354517, 4
1347920.374984, 4
1347920.395472, 4
1347920.415947, 4
1347920.436434, 4
1347920.456902, 4
1347920.477376, 4
1347920.497841, 4
1347920.518306, 4
1347920.538994, 4
1347920.559458, 4
1347920.579921, 4
1347920.600387, 4
1347920.620851, 4
1347920.641314, 4
1347920.661777, 4
1347920.682241, 4
1347920.702704, 4
1347920.723166, 4
1347920.743628, 4
1347920.764109, 4
1347920.784579, 4
1347920.805078, 4
1347920.825555, 4
1347920.846023, 4
1347920.866489, 4
1347920.886959, 4
1347920.907458, 4
1347920.927955, 4
1347920.948625, 4
1347920.969125, 4
1347920.989632, 4
1347921.010123, 4
1347921.030594, 4
1347921.051061, 4
1347921.071529, 4
1347921.091996, 4
1347921.112468, 4
1347921.132934, 4
1347921.153397, 4
1347921.173874, 4
1347921.194337, 4
1347921.214799, 4
1347921.235271, 4
1347921.255734, 4
1347921.276200, 4
1347921.296958, 4
1347921.317422, 4
1347921.337884, 4
1347921.358347, 4
1347921.378809, 4
1347921.399271, 4
1347921.419740, 4
1347921.440231, 4
1347921.460701, 4
1347921.481168, 4
1347921.501633, 4
1347921.522103, 4
1347921.542584, 4
1347921.563052, 4
1347921.583522, 4
1347921.603989, 4
1347921.624461, 4
1347921.644930, 4
1347921.665400, 4
1347921.685864, 4
1347921.706538, 4
1347921.727000, 4
1347921.747462, 4
1347921.767923, 4
1347921.788389, 4
1347921.808852, 4
1347921.829352, 4
1347921.849825, 4
1347921.870294, 4
1347921.890759, 4
1347921.911227, 4
1347921.931690, 4
1347921.952155, 4
1347921.972619, 4
1347921.993083, 4
1347922.013545, 4
1347922.034011, 4
1347922.054483, 4
1347922.074949, 4
1347922.095412, 4
1347922.116137, 4
1347922.136602, 4
1347922.157066, 4
1347922.177531, 4
1347922.197994, 4
1347922.218457, 4
1347922.238921, 4
1347922.259383, 4
1347922.279844, 4
1347922.300310, 4
1347922.320773, 4
1347922.341238, 4
1347922.361702, 4
1347922.382168, 4
1347922.402664, 4
1347922.423158, 4
1347922.443638, 4
1347922.464120, 4
1347922.484587, 4
1347922.505054, 4
1347922.525713, 4
1347922.546175, 4
1347922.566638, 4
1347922.587101, 4
1347922.607564, 4
1347922.628010, 4
1347922.648506, 4
1347922.668975, 4
1347922.689440, 4
1347922.709903, 4
1347922.730366, 4
1347922.750828, 4
1347922.771291, 4
1347922.791754, 4
1347922.812230, 4
1347922.832696, 4
1347922.853179, 4
1347922.873653, 4
1347922.894132, 4
1347922.914599, 4
1347922.935357, 4
1347922.955829, 4
1347922.976296, 4
1347922.996760, 4
1347923.017228, 4
1347923.037712, 4
1347923.058178, 4
1347923.078642, 4
1347923.099108, 4
1347923.119577, 4
1347923.140067, 4
1347923.160542, 4
1347923.181008, 4
1347923.201471, 4
1347923.221942, 4
1347923.242403, 4
1347923.262865, 4
1347923.283327, 4
1347923.303789, 4
1347923.324251, 4
1347923.344914, 4
1347923.365379, 4
1347923.385860, 4
1347923.406331, 4
1347923.426796, 4
1347923.447260, 4
1347923.467723, 4
1347923.488190, 4
1347923.508654, 4
1347923.529115, 4
1347923.549576, 4
1347923.570038, 4
1347923.590499, 4
1347923.610964, 4
1347923.631446, 4
1347923.651911, 4
1347923.672378, 4
1347923.692841, 4
1347923.713303, 4
1347923.733765, 4
1347923.754522, 4
1347923.774982, 4
1347923.795444, 4
1347923.815905, 4
1347923.836371, 4
1347923.856835, 4
1347923.877327, 4
1347923.897797, 4
1347923.918271, 4
1347923.938765, 4
1347923.959233, 4
1347923.979697, 4
1347924.000163, 4
1347924.020624, 4
1347924.041087, 4
1347924.061548, 4
1347924.082010, 4
1347924.102475, 4
1347924.122967, 4
1347924.143434, 4
1347924.164151, 4
1347924.184615, 4
1347924.205079, 4
1347924.225547, 4
1347924.246011, 4
1347924.266473, 4
1347924.286936, 4
1347924.307399, 4
1347924.327864, 4
1347924.348357, 4
1347924.368826, 4
1347924.389308, 4
1347924.409774, 4
1347924.430241, 4
1347924.450733, 4
1347924.471210, 4
1347924.491673, 4
1347924.512147, 4
1347924.532612, 4
1347924.553073, 4
1347924.573747, 4
1347924.594208, 4
1347924.614674, 4
1347924.635137, 4
1347924.655599, 4
1347924.676069, 4
1347924.696530, 4
1347924.716991, 4
1347924.737452, 4
1347924.757912, 4
1347924.778373, 4
1347924.798834, 4
1347924.819295, 4
1347924.839756, 4
1347924.860228, 4
1347924.880692, 4
1347924.901191, 4
1347924.921663, 4
1347924.942128, 4
1347924.962590, 4
1347924.983323, 4
1347925.003784, 4
1347925.024248, 4
1347925.044711, 4
1347925.065171, 4
1347925.085631, 4
1347925.106092, 4
1347925.126553, 4
1347925.147016, 4
1347925.167479, 4
1347925.187945, 4
1347925.208408, 4
1347925.228871, 4
1347925.249332, 4
1347925.269792, 4
1347925.290253, 4
1347925.310714, 4
1347925.331176, 4
1347925.351637, 4
1347925.372099, 4
1347925.392562, 4
1347925.413040, 4
1347925.433505, 4
1347925.454124, 4
1347925.474587, 4
1347925.495049, 4
1347925.515511, 4
1347925.535972, 4
1347925.556437, 4
1347925.576898, 4
1347925.597358, 4
1347925.617819, 4
1347925.638280, 4
1347925.658740, 4
1347925.679201, 4
1347925.699661, 4
1347925.720123, 4
1347925.740587, 4
1347925.761047, 4
1347925.781508, 4
1347925.801970, 4
1347925.822430, 4
1347925.842891, 4
1347925.863352, 4
1347925.883812, 4
1347925.904278, 4
1347925.924982, 4
1347925.945450, 4
1347925.965914, 4
1347925.986377, 4
1347926.006838, 4
1347926.027299, 4
1347926.047761, 4
1347926.068226, 4
1347926.088688, 4
1347926.109149, 4
1347926.129610, 4
1347926.150071, 4
1347926.170535, 4
1347926.190997, 4
1347926.211462, 4
1347926.231926, 4
1347926.252391, 4
1347926.272853, 4
1347926.293316, 4
1347926.313778, 4
1347926.334522, 4
1347926.354985, 4
1347926.375451, 4
1347926.395947, 4
1347926.416420, 4
1347926.436916, 4
1347926.457386, 4
1347926.477850, 4
1347926.498316, 4
1347926.518780, 4
1347926.539242, 4
1347926.559703, 4
1347926.580165, 4
1347926.600627, 4
1347926.621090, 4
1347926.641551, 4
1347926.662012, 4
1347926.682483, 4
1347926.702946, 4
1347926.723408, 4
1347926.744103, 4
1347926.764566, 4
1347926.785033, 4
1347926.805494, 4
1347926.825954, 4
1347926.846416, 4
1347926.866877, 4
1347926.887337, 4
1347926.907798, 4
1347926.928269, 4
1347926.948748, 4
1347926.969217, 4
1347926.989682, 4
1347927.010149, 4
1347927.030636, 4
1347927.051106, 4
1347927.071570, 4
1347927.092006, 4
1347927.112467, 4
1347927.132928, 4
1347927.153394, 4
1347927.173855, 4
1347927.194318, 4
1347927.214896, 4
1347927.235361, 4
1347927.255822, 4
1347927.276286, 4
1347927.296748, 4
1347927.317210, 4
1347927.337671, 4
1347927.358132, 4
1347927.378594, 4
1347927.399055, 4
1347927.419514, 4
1347927.439977, 4
1347927.460440, 4
1347927.480901, 4
1347927.501366, 4
1347927.521827, 4
1347927.542287, 4
1347927.562755, 4
1347927.583216, 4
1347927.603676, 4
1347927.624143, 4
1347927.644605, 4
1347927.665065, 4
1347927.685652, 4
1347927.706113, 4
1347927.726574, 4
1347927.747034, 4
1347927.767494, 4
1347927.787955, 4
1347927.808419, 4
1347927.828881, 4
1347927.849341, 4
1347927.869801, 4
1347927.890262, 4
1347927.910722, 4
1347927.931183, 4
1347927.951644, 4
1347927.972174, 4
1347927.992661, 4
1347928.013135, 4
1347928.033639, 4
1347928.054111, 4
1347928.074575, 4
1347928.095224, 4
1347928.115685, 4
1347928.136147, 4
1347928.156607, 4
1347928.177067, 4
1347928.197528, 4
1347928.218001, 4
1347928.238498, 4
1347928.258996, 4
1347928.279464, 4
1347928.299933, 4
1347928.320429, 4
1347928.340895, 4
1347928.361357, 4
1347928.381822, 4
1347928.402284, 4
1347928.422749, 4
1347928.443211, 4
1347928.463672, 4
1347928.484133, 4
1347928.504783, 4
1347928.525243, 4
1347928.545703, 4
1347928.566162, 4
1347928.586622, 4
1347928.607083, 4
1347928.627543, 4
1347928.648005, 4
1347928.668465, 4
1347928.688925, 4
1347928.709384, 4
1347928.729843, 4
1347928.750302, 4
1347928.770762, 4
1347928.791222, 4
1347928.811681, 4
1347928.832142, 4
1347928.852603, 4
1347928.873069, 4
1347928.893564, 4
1347928.914034, 4
1347928.934499, 4
1347928.954959, 4
1347928.975561, 4
1347928.996009, 4
1347929.016480, 4
1347929.036942, 4
1347929.057403, 4
1347929.077863, 4
1347929.098323, 4
1347929.118784, 4
1347929.139243, 4
1347929.159704, 4
1347929.180166, 4
1347929.200626, 4
1347929.221086, 4
1347929.241546, 4
1347929.262006, 4
1347929.282465, 4
1347929.302925, 4
1347929.323386, 4
1347929.343846, 4
1347929.364307, 4
1347929.384768, 4
1347929.405228, 4
1347929.425688, 4
1347929.446321, 4
1347929.466780, 4
1347929.487239, 4
1347929.507699, 4
1347929.528160, 4
1347929.548620, 4
1347929.569080, 4
1347929.589539, 4
1347929.609999, 4
1347929.630458, 4
1347929.650917, 4
1347929.671377, 4
1347929.691836, 4
1347929.712297, 4
1347929.732756, 4
1347929.753215, 4
1347929.773675, 4
1347929.794136, 4
1347929.814596, 4
1347929.835055, 4
1347929.855516, 4
1347929.875980, 4
1347929.896464, 4
1347929.917085, 4
1347929.937547, 4
1347929.958010, 4
1347929.978470, 4
1347929.998935, 4
1347930.019426, 4
1347930.039892, 4
1347930.060365, 4
1347930.080843, 4
1347930.101306, 4
1347930.121766, 4
1347930.142226, 4
1347930.162686, 4
1347930.183145, 4
1347930.203607, 4
1347930.224077, 4
1347930.244539, 4
1347930.265000, 4
1347930.285460, 4
1347930.305920, 4
1347930.326659, 4
1347930.347119, 4
1347930.367579, 4
1347930.388006, 4
1347930.408466, 4
1347930.428927, 4
1347930.449386, 4
1347930.469845, 4
1347930.490304, 4
1347930.510763, 4
1347930.531223, 4
1347930.551682, 4
1347930.572142, 4
1347930.592601, 4
1347930.613061, 4
1347930.633521, 4
1347930.653982, 4
1347930.674450, 4
1347930.694909, 4
1347930.715368, 4
1347930.735834, 4
1347930.756294, 4
1347930.776753, 4
1347930.797424, 4
1347930.817883, 4
1347930.838342, 4
1347930.858802, 4
1347930.879266, 4
1347930.899758, 4
1347930.920227, 4
1347930.940689, 4
1347930.961149, 4
1347930.981609, 4
1347931.002068, 4
1347931.022530, 4
1347931.042989, 4
1347931.063450, 4
1347931.083914, 4
1347931.104375, 4
1347931.124834, 4
1347931.145303, 4
1347931.165764, 4
1347931.186223, 4
1347931.206684, 4
1347931.227144, 4
1347931.247603, 4
1347931.268192, 4
1347931.288651, 4
1347931.309110, 4
1347931.329569, 4
1347931.350028, 4
1347931.370487, 4
1347931.390947, 4
1347931.411406, 4
1347931.431865, 4
1347931.452324, 4
1347931.472785, 4
1347931.493244, 4
1347931.513703, 4
1347931.534161, 4
1347931.554620, 4
1347931.575080, 4
1347931.595540, 4
1347931.616006, 4
1347931.636466, 4
1347931.656924, 4
1347931.677385, 4
1347931.697844, 4
1347931.718303, 4
1347931.738956, 4
1347931.759416, 4
1347931.779876, 4
1347931.800342, 4
1347931.820800, 4
1347931.841260, 4
1347931.861719, 4
1347931.882181, 4
1347931.902673, 4
1347931.923156, 4
1347931.943621, 4
1347931.964084, 4
1347931.984583, 4
1347932.005048, 4
1347932.025533, 4
1347932.047861, 4
1347932.068532, 4
1347932.088993, 4
1347932.109453, 4
1347932.129912, 4
1347932.150372, 4
1347932.170831, 4
1347932.191291, 4
1347932.211751, 4
1347932.232217, 4
1347932.252676, 4
1347932.273135, 4
1347932.293595, 4
1347932.314054, 4
1347932.334514, 4
1347932.354974, 4
1347932.375434, 4
1347932.395893, 4
1347932.416362, 4
1347932.436828, 4
1347932.457289, 4
1347932.477749, 4
1347932.498209, 4
1347932.518668, 4
1347932.539339, 4
1347932.559799, 4
1347932.580265, 4
1347932.600724, 4
1347932.621183, 4
1347932.641643, 4
1347932.662102, 4
1347932.682561, 4
1347932.703020, 4
1347932.723480, 4
1347932.743939, 4
1347932.764399, 4
1347932.784858, 4
1347932.805318, 4
1347932.825778, 4
1347932.846236, 4
1347932.866696, 4
1347932.887160, 4
1347932.907658, 4
1347932.928128, 4
1347932.948592, 4
1347932.969054, 4
1347932.989515, 4
1347933.010169, 4
1347933.030629, 4
1347933.051088, 4
1347933.071549, 4
1347933.092007, 4
1347933.112468, 4
1347933.132926, 4
1347933.153386, 4
1347933.173846, 4
1347933.194307, 4
1347933.214767, 4
1347933.235231, 4
1347933.255729, 4
1347933.276205, 4
1347933.296681, 4
1347933.317143, 4
1347933.337605, 4
1347933.358075, 4
1347933.378536, 4
1347933.398997, 4
1347933.419458, 4
1347933.439918, 4
1347933.460380, 4
1347933.480971, 4
1347933.501431, 4
1347933.521891, 4
1347933.542351, 4
1347933.562811, 4
1347933.583270, 4
1347933.603731, 4
1347933.624196, 4
1347933.644657, 4
1347933.665116, 4
1347933.685575, 4
1347933.706035, 4
1347933.726493, 4
1347933.746952, 4
1347933.767411, 4
1347933.787870, 4
1347933.808331, 4
1347933.828795, 4
1347933.849254, 4
1347933.869714, 4
1347933.890182, 4
1347933.910678, 4
1347933.931149, 4
1347933.951787, 4
1347933.972249, 4
1347933.992709, 4
1347934.013169, 4
1347934.033630, 4
1347934.054091, 4
1347934.074552, 4
1347934.095015, 4
1347934.115475, 4
1347934.135935, 4
1347934.156395, 4
1347934.176857, 4
1347934.197317, 4
1347934.217776, 4
1347934.238237, 4
1347934.258697, 4
1347934.279156, 4
1347934.299620, 4
1347934.320084, 4
1347934.340543, 4
1347934.361003, 4
1347934.381462, 4
1347934.401921, 4
1347934.422607, 4
1347934.443067, 4
1347934.463527, 4
1347934.483986, 4
1347934.504447, 4
1347934.524906, 4
1347934.545365, 4
1347934.565824, 4
1347934.586283, 4
1347934.606742, 4
1347934.627201, 4
1347934.647661, 4
1347934.668121, 4
1347934.688580, 4
1347934.709040, 4
1347934.729513, 4
1347934.749974, 4
1347934.770435, 4
1347934.790895, 4
1347934.811353, 4
1347934.831814, 4
1347934.852279, 4
1347934.872738, 4
1347934.893439, 4
1347934.913930, 4
1347934.934397, 4
1347934.954860, 4
1347934.975320, 4
1347934.995781, 4
1347935.016242, 4
1347935.036705, 4
1347935.057164, 4
1347935.077624, 4
1347935.098084, 4
1347935.118545, 4
1347935.139004, 4
1347935.159475, 4
1347935.179935, 4
1347935.200396, 4
1347935.220854, 4
1347935.241315, 4
1347935.261777, 4
1347935.282237, 4
1347935.302699, 4
1347935.323158, 4
1347935.343617, 4
1347935.364217, 4
1347935.384676, 4
1347935.405135, 4
1347935.425594, 4
1347935.446054, 4
1347935.466513, 4
1347935.486973, 4
1347935.507432, 4
1347935.527891, 4
1347935.548357, 4
1347935.568816, 4
1347935.589275, 4
1347935.609734, 4
1347935.630193, 4
1347935.650652, 4
1347935.671111, 4
1347935.691570, 4
1347935.712006, 4
1347935.732465, 4
1347935.752925, 4
1347935.773394, 4
1347935.793861, 4
1347935.814357, 4
1347935.835120, 4
1347935.855582, 4
1347935.876017, 4
1347935.896509, 4
1347935.916978, 4
1347935.937443, 4
1347935.957904, 4
1347935.978364, 4
1347935.998823, 4
1347936.019288, 4
1347936.039773, 4
1347936.060246, 4
1347936.080709, 4
1347936.101169, 4
1347936.121629, 4
1347936.142095, 4
1347936.162580, 4
1347936.183057, 4
1347936.203521, 4
1347936.223991, 4
1347936.244462, 4
1347936.264922, 4
1347936.285385, 4
1347936.306076, 4
1347936.326535, 4
1347936.346996, 4
1347936.367456, 4
1347936.387917, 4
1347936.408378, 4
1347936.428838, 4
1347936.449297, 4
1347936.469757, 4
1347936.490217, 4
1347936.510677, 4
1347936.531137, 4
1347936.551596, 4
1347936.572063, 4
1347936.592522, 4
1347936.612981, 4
1347936.633439, 4
1347936.653909, 4
1347936.674368, 4
1347936.694872, 4
1347936.715332, 4
1347936.735792, 4
1347936.756252, 4
1347936.776713, 4
1347936.797173, 4
1347936.817632, 4
1347936.838262, 4
1347936.858721, 4
1347936.879185, 4
1347936.899681, 4
1347936.920155, 4
1347936.940626, 4
1347936.961090, 4
1347936.981550, 4
1347937.002011, 4
1347937.022477, 4
1347937.042937, 4
1347937.063398, 4
1347937.083857, 4
1347937.104347, 4
1347937.124809, 4
1347937.145269, 4
1347937.165731, 4
1347937.186200, 4
1347937.206661, 4
1347937.227121, 4
1347937.247582, 4
1347937.268006, 4
1347937.288467, 4
1347937.309110, 4
1347937.329569, 4
1347937.350029, 4
1347937.370488, 4
1347937.390948, 4
1347937.411407, 4
1347937.431866, 4
1347937.452326, 4
1347937.472786, 4
1347937.493246, 4
1347937.513704, 4
1347937.534164, 4
1347937.554624, 4
1347937.575083, 4
1347937.595543, 4
1347937.616006, 4
1347937.636465, 4
1347937.656925, 4
1347937.677385, 4
1347937.697845, 4
1347937.718305, 4
1347937.738766, 4
1347937.759225, 4
1347937.779950, 4
1347937.800410, 4
1347937.820870, 4
1347937.841329, 4
1347937.861790, 4
1347937.882255, 4
1347937.902748, 4
1347937.923215, 4
1347937.943677, 4
1347937.964138, 4
1347937.984598, 4
1347938.005058, 4
1347938.025517, 4
1347938.045977, 4
1347938.066436, 4
1347938.086897, 4
1347938.107356, 4
1347938.127818, 4
1347938.148281, 4
1347938.168740, 4
1347938.189202, 4
1347938.209664, 4
1347938.230130, 4
1347938.250864, 4
1347938.271338, 4
1347938.291802, 4
1347938.312277, 4
1347938.332742, 4
1347938.353204, 4
1347938.373670, 4
1347938.394156, 4
1347938.414624, 4
1347938.435096, 4
1347938.455598, 4
1347938.476076, 4
1347938.496542, 4
1347938.517010, 4
1347938.537474, 4
1347938.557938, 4
1347938.578401, 4
1347938.598864, 4
1347938.619329, 4
1347938.639793, 4
1347938.660449, 4
1347938.680912, 4
1347938.701376, 4
1347938.721840, 4
1347938.742303, 4
1347938.762769, 4
1347938.783233, 4
1347938.803697, 4
1347938.824162, 4
1347938.844626, 4
1347938.865090, 4
1347938.885556, 4
1347938.906019, 4
1347938.926480, 4
1347938.946944, 4
1347938.967410, 4
1347938.987873, 4
1347939.008346, 4
1347939.028836, 4
1347939.049306, 4
1347939.069782, 4
1347939.090247, 4
1347939.110710, 4
1347939.131282, 4
1347939.151750, 4
1347939.172215, 4
1347939.192677, 4
1347939.213141, 4
1347939.233630, 4
1347939.254119, 4
1347939.274587, 4
1347939.295053, 4
1347939.315525, 4
1347939.335990, 4
1347939.356459, 4
1347939.376922, 4
1347939.397405, 4
1347939.417872, 4
1347939.438336, 4
1347939.458800, 4
1347939.479267, 4
1347939.499732, 4
1347939.520199, 4
1347939.540910, 4
1347939.561372, 4
1347939.581835, 4
1347939.602300, 4
1347939.622765, 4
1347939.643228, 4
1347939.663689, 4
1347939.684155, 4
1347939.704618, 4
1347939.725079, 4
1347939.745542, 4
1347939.766004, 4
1347939.786470, 4
1347939.806934, 4
1347939.827404, 4
1347939.847868, 4
1347939.868332, 4
1347939.888797, 4
1347939.909260, 4
1347939.929730, 4
1347939.950195, 4
1347939.970659, 4
1347939.991121, 4
1347940.011733, 4
1347940.032198, 4
1347940.052663, 4
1347940.073127, 4
1347940.093588, 4
1347940.114053, 4
1347940.134518, 4
1347940.154982, 4
1347940.175445, 4
1347940.195905, 4
1347940.216371, 4
1347940.236837, 4
1347940.257331, 4
1347940.277810, 4
1347940.298284, 4
1347940.318753, 4
1347940.339218, 4
1347940.359683, 4
1347940.380149, 4
1347940.400633, 4
1347940.421327, 4
1347940.441796, 4
1347940.462284, 4
1347940.482755, 4
1347940.503223, 4
1347940.523689, 4
1347940.544154, 4
1347940.564618, 4
1347940.585081, 4
1347940.605545, 4
1347940.626009, 4
1347940.646475, 4
1347940.666940, 4
1347940.687405, 4
1347940.707871, 4
1347940.728336, 4
1347940.748800, 4
1347940.769267, 4
1347940.789731, 4
1347940.810194, 4
1347940.830934, 4
1347940.851400, 4
1347940.871864, 4
1347940.892329, 4
1347940.912792, 4
1347940.933253, 4
1347940.953720, 4
1347940.974182, 4
1347940.994649, 4
1347941.015151, 4
1347941.035626, 4
1347941.056094, 4
1347941.076558, 4
1347941.097022, 4
1347941.117488, 4
1347941.137949, 4
1347941.158412, 4
1347941.178879, 4
1347941.199344, 4
1347941.219806, 4
1347941.240566, 4
1347941.261032, 4
1347941.281530, 4
1347941.302006, 4
1347941.322472, 4
1347941.342936, 4
1347941.363397, 4
1347941.383864, 4
1347941.404330, 4
1347941.424793, 4
1347941.445255, 4
1347941.465716, 4
1347941.486183, 4
1347941.506648, 4
1347941.527111, 4
1347941.547575, 4
1347941.568004, 4
1347941.588514, 4
1347941.608988, 4
1347941.629453, 4
1347941.650177, 4
1347941.670637, 4
1347941.691097, 4
1347941.711557, 4
1347941.732006, 4
1347941.752466, 4
1347941.772926, 4
1347941.793386, 4
1347941.813846, 4
1347941.834306, 4
1347941.854765, 4
1347941.875224, 4
1347941.895688, 4
1347941.916196, 4
1347941.936688, 4
1347941.957154, 4
1347941.977618, 4
1347941.998082, 4
1347942.018547, 4
1347942.039043, 4
1347942.081139, 4
1347942.101606, 4
1347942.122067, 4
1347942.142534, 4
1347942.162995, 4
1347942.183456, 4
1347942.203915, 4
1347942.224592, 4
1347942.245054, 4
1347942.265519, 4
1347942.285980, 4
1347942.306440, 4
1347942.326900, 4
1347942.347359, 4
1347942.367819, 4
1347942.388289, 4
1347942.408749, 4
1347942.429210, 4
1347942.449670, 4
1347942.470129, 4
1347942.490588, 4
1347942.511049, 4
1347942.531508, 4
1347942.551968, 4
1347942.572430, 4
1347942.592890, 4
1347942.613350, 4
1347942.633811, 4
1347942.654270, 4
1347942.674730, 4
1347942.695376, 4
1347942.715837, 4
1347942.736298, 4
1347942.756758, 4
1347942.777217, 4
1347942.797677, 4
1347942.818136, 4
1347942.838596, 4
1347942.859055, 4
1347942.879519, 4
1347942.900014, 4
1347942.920491, 4
1347942.940955, 4
1347942.961417, 4
1347942.981878, 4
1347943.002337, 4
1347943.022797, 4
1347943.043258, 4
1347943.063718, 4
1347943.084186, 4
1347943.104647, 4
1347943.125108, 4
1347943.145567, 4
1347943.166230, 4
1347943.186698, 4
1347943.207196, 4
1347943.227670, 4
1347943.248154, 4
1347943.268635, 4
1347943.289103, 4
1347943.309571, 4
1347943.330055, 4
1347943.350522, 4
1347943.370984, 4
1347943.391444, 4
1347943.411905, 4
1347943.432369, 4
1347943.452834, 4
1347943.473295, 4
1347943.493755, 4
1347943.514218, 4
1347943.534679, 4
1347943.555140, 4
1347943.575862, 4
1347943.596323, 4
1347943.616784, 4
1347943.637244, 4
1347943.657704, 4
1347943.678164, 4
1347943.698624, 4
1347943.719084, 4
1347943.739544, 4
1347943.760006, 4
1347943.780466, 4
1347943.800926, 4
1347943.821386, 4
1347943.841846, 4
1347943.862307, 4
1347943.882771, 4
1347943.903253, 4
1347943.923725, 4
1347943.944229, 4
1347943.964704, 4
1347943.985170, 4
1347944.005637, 4
1347944.026134, 4
1347944.046697, 4
1347944.067178, 4
1347944.087641, 4
1347944.108103, 4
1347944.128563, 4
1347944.149022, 4
1347944.169482, 4
1347944.189941, 4
1347944.210401, 4
1347944.230862, 4
1347944.251322, 4
1347944.271782, 4
1347944.292243, 4
1347944.312703, 4
1347944.333165, 4
1347944.353626, 4
1347944.374087, 4
1347944.394551, 4
1347944.415011, 4
1347944.435472, 4
1347944.455933, 4
1347944.476394, 4
1347944.496853, 4
1347944.517527, 4
1347944.537987, 4
1347944.558446, 4
1347944.578905, 4
1347944.599364, 4
1347944.619824, 4
1347944.640285, 4
1347944.660745, 4
1347944.681205, 4
1347944.701665, 4
1347944.722124, 4
1347944.742585, 4
1347944.763045, 4
1347944.783504, 4
1347944.803963, 4
1347944.824423, 4
1347944.844883, 4
1347944.865344, 4
1347944.885810, 4
1347944.906297, 4
1347944.926771, 4
1347944.947235, 4
1347944.967697, 4
1347944.988356, 4
1347945.008818, 4
1347945.029280, 4
1347945.049741, 4
1347945.070203, 4
1347945.090665, 4
1347945.111126, 4
1347945.131587, 4
1347945.152006, 4
1347945.172467, 4
1347945.192929, 4
1347945.213395, 4
1347945.233856, 4
1347945.254319, 4
1347945.274781, 4
1347945.295242, 4
1347945.315705, 4
1347945.336180, 4
1347945.356647, 4
1347945.377139, 4
1347945.397608, 4
1347945.418076, 4
1347945.438541, 4
1347945.459160, 4
1347945.479624, 4
1347945.500088, 4
1347945.520550, 4
1347945.541015, 4
1347945.561478, 4
1347945.581941, 4
1347945.602405, 4
1347945.622867, 4
1347945.643328, 4
1347945.663792, 4
1347945.684255, 4
1347945.704718, 4
1347945.725180, 4
1347945.745650, 4
1347945.766113, 4
1347945.786573, 4
1347945.807034, 4
1347945.827494, 4
1347945.847954, 4
1347945.868417, 4
1347945.888882, 4
1347945.909372, 4
1347945.929978, 4
1347945.950469, 4
1347945.970935, 4
1347945.991397, 4
1347946.011859, 4
1347946.032320, 4
1347946.052780, 4
1347946.073240, 4
1347946.093700, 4
1347946.114161, 4
1347946.134621, 4
1347946.155081, 4
1347946.175542, 4
1347946.196007, 4
1347946.216473, 4
1347946.236935, 4
1347946.257395, 4
1347946.277857, 4
1347946.298317, 4
1347946.318777, 4
1347946.339237, 4
1347946.359698, 4
1347946.380159, 4
1347946.400796, 4
1347946.421258, 4
1347946.441719, 4
1347946.462179, 4
1347946.482640, 4
1347946.503099, 4
1347946.523559, 4
1347946.544007, 4
1347946.564467, 4
1347946.584927, 4
1347946.605387, 4
1347946.625847, 4
1347946.646307, 4
1347946.666768, 4
1347946.687227, 4
1347946.707687, 4
1347946.728147, 4
1347946.748610, 4
1347946.769070, 4
1347946.789532, 4
1347946.809994, 4
1347946.830454, 4
1347946.850915, 4
1347946.871635, 4
1347946.892100, 4
1347946.912593, 4
1347946.933063, 4
1347946.953527, 4
1347946.973989, 4
1347946.994449, 4
1347947.014909, 4
1347947.035369, 4
1347947.086135, 4
1347947.106598, 4
1347947.127058, 4
1347947.147518, 4
1347947.168276, 4
1347947.188737, 4
1347947.209197, 4
1347947.229659, 4
1347947.250120, 4
1347947.270587, 4
1347947.291050, 4
1347947.311512, 4
1347947.331973, 4
1347947.352434, 4
1347947.372896, 4
1347947.393358, 4
1347947.413868, 4
1347947.434347, 4
1347947.454817, 4
1347947.475283, 4
1347947.495749, 4
1347947.516218, 4
1347947.536681, 4
1347947.557144, 4
1347947.577900, 4
1347947.598363, 4
1347947.618826, 4
1347947.639288, 4
1347947.659751, 4
1347947.680215, 4
1347947.700679, 4
1347947.721143, 4
1347947.741607, 4
1347947.762068, 4
1347947.782531, 4
1347947.802993, 4
1347947.823456, 4
1347947.843918, 4
1347947.864383, 4
1347947.884846, 4
1347947.905307, 4
1347947.925771, 4
1347947.946234, 4
1347947.966695, 4
1347947.987159, 4
1347948.007622, 4
1347948.028086, 4
1347948.048734, 4
1347948.069196, 4
1347948.089658, 4
1347948.110120, 4
1347948.130582, 4
1347948.151044, 4
1347948.171509, 4
1347948.191975, 4
1347948.212441, 4
1347948.232905, 4
1347948.253369, 4
1347948.273831, 4
1347948.294298, 4
1347948.314764, 4
1347948.335229, 4
1347948.355695, 4
1347948.376160, 4
1347948.396635, 4
1347948.417101, 4
1347948.437574, 4
1347948.458042, 4
1347948.478506, 4
1347948.498971, 4
1347948.519578, 4
1347948.540005, 4
1347948.560471, 4
1347948.580935, 4
1347948.601399, 4
1347948.621865, 4
1347948.642331, 4
1347948.662795, 4
1347948.683260, 4
1347948.703723, 4
1347948.724198, 4
1347948.744664, 4
1347948.765144, 4
1347948.785609, 4
1347948.806078, 4
1347948.826546, 4
1347948.847010, 4
1347948.867478, 4
1347948.887943, 4
1347948.908406, 4
1347948.928876, 4
1347948.949339, 4
1347948.969803, 4
1347948.990403, 4
1347949.010865, 4
1347949.031330, 4
1347949.051795, 4
1347949.072266, 4
1347949.092733, 4
1347949.113197, 4
1347949.133662, 4
1347949.154127, 4
1347949.174593, 4
1347949.195057, 4
1347949.215521, 4
1347949.235984, 4
1347949.256451, 4
1347949.276917, 4
1347949.297381, 4
1347949.317845, 4
1347949.338312, 4
1347949.358778, 4
1347949.379242, 4
1347949.399707, 4
1347949.420177, 4
1347949.440642, 4
1347949.461285, 4
1347949.481750, 4
1347949.502215, 4
1347949.522678, 4
1347949.543141, 4
1347949.563607, 4
1347949.584076, 4
1347949.604540, 4
1347949.625005, 4
1347949.645471, 4
1347949.665934, 4
1347949.686399, 4
1347949.706865, 4
1347949.727331, 4
1347949.747801, 4
1347949.768272, 4
1347949.788738, 4
1347949.809202, 4
1347949.829666, 4
1347949.850129, 4
1347949.870887, 4
1347949.891353, 4
1347949.911817, 4
1347949.932285, 4
1347949.952749, 4
1347949.973215, 4
1347949.993680, 4
1347950.014143, 4
1347950.034607, 4
1347950.055070, 4
1347950.075539, 4
1347950.096005, 4
1347950.116469, 4
1347950.136933, 4
1347950.157403, 4
1347950.177870, 4
1347950.198334, 4
1347950.218809, 4
1347950.239274, 4
1347950.259744, 4
1347950.280540, 4
1347950.301005, 4
1347950.321467, 4
1347950.341927, 4
1347950.362387, 4
1347950.382848, 4
1347950.403308, 4
1347950.423769, 4
1347950.444230, 4
1347950.464690, 4
1347950.485324, 4
1347950.505815, 4
1347950.526283, 4
1347950.546750, 4
1347950.567213, 4
1347950.587674, 4
1347950.608135, 4
1347950.628597, 4
1347950.649058, 4
1347950.669518, 4
1347950.690099, 4
1347950.710559, 4
1347950.731019, 4
1347950.751480, 4
1347950.771940, 4
1347950.792408, 4
1347950.812902, 4
1347950.833368, 4
1347950.853832, 4
1347950.874295, 4
1347950.894761, 4
1347950.915251, 4
1347950.935717, 4
1347950.956189, 4
1347950.976652, 4
1347950.997112, 4
1347951.017572, 4
1347951.038034, 4
1347951.058494, 4
1347951.078954, 4
1347951.099685, 4
1347951.120146, 4
1347951.140606, 4
1347951.161065, 4
1347951.181525, 4
1347951.201985, 4
1347951.222445, 4
1347951.242905, 4
1347951.263365, 4
1347951.283825, 4
1347951.304285, 4
1347951.324745, 4
1347951.345205, 4
1347951.365665, 4
1347951.386125, 4
1347951.406584, 4
1347951.427044, 4
1347951.447505, 4
1347951.467965, 4
1347951.488425, 4
1347951.508892, 4
1347951.529377, 4
1347951.549844, 4
1347951.570438, 4
1347951.590899, 4
1347951.611361, 4
1347951.631821, 4
1347951.652283, 4
1347951.672744, 4
1347951.693204, 4
1347951.713664, 4
1347951.734124, 4
1347951.754584, 4
1347951.775044, 4
1347951.795504, 4
1347951.815964, 4
1347951.836425, 4
1347951.856885, 4
1347951.877345, 4
1347951.897811, 4
1347951.918315, 4
1347951.938810, 4
1347951.959276, 4
1347951.980007, 4
1347952.000468, 4
1347952.020934, 4
1347952.041429, 4
1347952.061898, 4
1347952.082362, 4
1347952.102823, 4
1347952.123284, 4
1347952.143744, 4
1347952.164206, 4
1347952.184667, 4
1347952.205126, 4
1347952.225587, 4
1347952.246049, 4
1347952.266515, 4
1347952.286976, 4
1347952.307436, 4
1347952.327906, 4
1347952.348367, 4
1347952.368827, 4
1347952.389298, 4
1347952.409760, 4
1347952.430221, 4
1347952.450807, 4
1347952.471268, 4
1347952.491728, 4
1347952.512192, 4
1347952.532656, 4
1347952.553142, 4
1347952.573609, 4
1347952.594074, 4
1347952.614536, 4
1347952.634996, 4
1347952.655457, 4
1347952.675918, 4
1347952.696378, 4
1347952.716838, 4
1347952.737300, 4
1347952.757760, 4
1347952.778221, 4
1347952.798693, 4
1347952.819153, 4
1347952.839614, 4
1347952.860078, 4
1347952.880538, 4
1347952.901002, 4
1347952.921613, 4
1347952.942091, 4
1347952.962556, 4
1347952.983018, 4
1347953.003479, 4
1347953.023939, 4
1347953.044401, 4
1347953.064860, 4
1347953.085320, 4
1347953.105779, 4
1347953.126239, 4
1347953.146699, 4
1347953.167159, 4
1347953.187619, 4
1347953.208091, 4
1347953.228551, 4
1347953.249014, 4
1347953.269508, 4
1347953.289978, 4
1347953.310440, 4
1347953.331184, 4
1347953.351644, 4
1347953.372105, 4
1347953.392565, 4
1347953.413041, 4
1347953.433504, 4
1347953.453965, 4
1347953.474426, 4
1347953.494886, 4
1347953.515346, 4
1347953.535806, 4
1347953.556277, 4
1347953.576778, 4
1347953.597247, 4
1347953.617714, 4
1347953.638175, 4
1347953.658635, 4
1347953.679097, 4
1347953.699558, 4
1347953.720007, 4
1347953.740468, 4
1347953.760929, 4
1347953.781389, 4
1347953.801977, 4
1347953.822436, 4
1347953.842896, 4
1347953.863357, 4
1347953.883817, 4
1347953.904285, 4
1347953.924771, 4
1347953.945251, 4
1347953.965717, 4
1347953.986180, 4
1347954.006640, 4
1347954.027102, 4
1347954.047562, 4
1347954.068007, 4
1347954.088472, 4
1347954.108933, 4
1347954.129394, 4
1347954.149863, 4
1347954.170324, 4
1347954.190783, 4
1347954.211245, 4
1347954.231712, 4
1347954.252181, 4
1347954.272769, 4
1347954.293229, 4
1347954.313689, 4
1347954.334149, 4
1347954.354609, 4
1347954.375070, 4
1347954.395531, 4
1347954.415992, 4
1347954.436458, 4
1347954.456918, 4
1347954.477378, 4
1347954.497838, 4
1347954.518298, 4
1347954.538757, 4
1347954.559217, 4
1347954.579677, 4
1347954.600139, 4
1347954.620610, 4
1347954.641071, 4
1347954.661531, 4
1347954.681994, 4
1347954.702455, 4
1347954.722915, 4
1347954.743591, 4
1347954.764007, 4
1347954.784466, 4
1347954.804927, 4
1347954.825387, 4
1347954.845846, 4
1347954.866306, 4
1347954.886766, 4
1347954.907230, 4
1347954.927690, 4
1347954.948151, 4
1347954.968611, 4
1347954.989071, 4
1347955.009531, 4
1347955.029990, 4
1347955.050450, 4
1347955.070910, 4
1347955.091371, 4
1347955.111831, 4
1347955.132292, 4
1347955.152753, 4
1347955.173213, 4
1347955.193673, 4
1347955.214364, 4
1347955.234824, 4
1347955.255283, 4
1347955.275742, 4
1347955.296203, 4
1347955.316664, 4
1347955.337124, 4
1347955.357583, 4
1347955.378043, 4
1347955.398503, 4
1347955.418962, 4
1347955.439422, 4
1347955.459882, 4
1347955.480348, 4
1347955.500809, 4
1347955.521268, 4
1347955.541728, 4
1347955.562189, 4
1347955.582649, 4
1347955.603114, 4
1347955.623603, 4
1347955.644079, 4
1347955.664545, 4
1347955.685150, 4
1347955.705611, 4
1347955.726072, 4
1347955.746533, 4
1347955.766992, 4
1347955.787452, 4
1347955.807912, 4
1347955.828372, 4
1347955.848832, 4
1347955.869291, 4
1347955.889752, 4
1347955.910211, 4
1347955.930675, 4
1347955.951171, 4
1347955.971639, 4
1347955.992102, 4
1347956.012568, 4
1347956.033070, 4
1347956.053541, 4
1347956.074006, 4
1347956.094709, 4
1347956.115169, 4
1347956.135629, 4
1347956.156090, 4
1347956.176550, 4
1347956.197010, 4
1347956.217470, 4
1347956.237936, 4
1347956.258396, 4
1347956.278856, 4
1347956.299316, 4
1347956.319775, 4
1347956.340237, 4
1347956.360697, 4
1347956.381157, 4
1347956.401618, 4
1347956.422079, 4
1347956.442541, 4
1347956.463000, 4
1347956.483460, 4
1347956.503921, 4
1347956.524381, 4
1347956.544840, 4
1347956.565496, 4
1347956.585956, 4
1347956.606415, 4
1347956.626877, 4
1347956.647337, 4
1347956.667797, 4
1347956.688264, 4
1347956.708725, 4
1347956.729185, 4
1347956.749645, 4
1347956.770104, 4
1347956.790565, 4
1347956.811025, 4
1347956.831485, 4
1347956.851945, 4
1347956.872405, 4
1347956.892865, 4
1347956.913334, 4
1347956.933793, 4
1347956.954252, 4
1347956.974713, 4
1347956.995173, 4
1347957.015633, 4
1347957.036319, 4
1347957.056779, 4
1347957.077240, 4
1347957.097699, 4
1347957.118159, 4
1347957.138618, 4
1347957.159077, 4
1347957.179537, 4
1347957.199996, 4
1347957.220463, 4
1347957.240922, 4
1347957.261381, 4
1347957.281840, 4
1347957.302300, 4
1347957.322760, 4
1347957.343219, 4
1347957.363678, 4
1347957.384147, 4
1347957.404607, 4
1347957.425067, 4
1347957.445528, 4
1347957.465987, 4
1347957.486446, 4
1347957.507124, 4
1347957.527585, 4
1347957.548007, 4
1347957.568468, 4
1347957.588927, 4
1347957.609386, 4
1347957.629846, 4
1347957.650309, 4
1347957.670768, 4
1347957.691228, 4
1347957.711687, 4
1347957.732148, 4
1347957.752611, 4
1347957.773073, 4
1347957.793534, 4
1347957.813995, 4
1347957.834454, 4
1347957.854916, 4
1347957.875376, 4
1347957.895837, 4
1347957.916299, 4
1347957.936764, 4
1347957.957249, 4
1347957.977950, 4
1347957.998412, 4
1347958.018873, 4
1347958.039333, 4
1347958.059794, 4
1347958.080270, 4
1347958.100734, 4
1347958.121193, 4
1347958.141653, 4
1347958.162112, 4
1347958.182572, 4
1347958.203032, 4
1347958.223492, 4
1347958.243958, 4
1347958.264453, 4
1347958.284948, 4
1347958.305422, 4
1347958.325911, 4
1347958.346378, 4
1347958.366840, 4
1347958.387591, 4
1347958.408007, 4
1347958.428467, 4
1347958.448928, 4
1347958.469388, 4
1347958.489849, 4
1347958.510309, 4
1347958.530768, 4
1347958.551231, 4
1347958.571691, 4
1347958.592152, 4
1347958.612614, 4
1347958.633074, 4
1347958.653533, 4
1347958.673994, 4
1347958.694454, 4
1347958.714916, 4
1347958.735380, 4
1347958.755840, 4
1347958.776301, 4
1347958.796765, 4
1347958.817224, 4
1347958.837683, 4
1347958.858438, 4
1347958.878898, 4
1347958.899358, 4
1347958.919818, 4
1347958.940280, 4
1347958.960739, 4
1347958.981199, 4
1347959.001660, 4
1347959.022125, 4
1347959.042586, 4
1347959.063046, 4
1347959.083506, 4
1347959.103966, 4
1347959.124426, 4
1347959.144887, 4
1347959.165348, 4
1347959.185808, 4
1347959.206268, 4
1347959.226729, 4
1347959.247188, 4
1347959.267649, 4
1347959.288110, 4
1347959.308570, 4
1347959.329299, 4
1347959.349760, 4
1347959.370219, 4
1347959.390679, 4
1347959.411138, 4
1347959.431598, 4
1347959.452064, 4
1347959.472523, 4
1347959.492984, 4
1347959.513443, 4
1347959.533902, 4
1347959.554362, 4
1347959.574822, 4
1347959.595281, 4
1347959.615742, 4
1347959.636202, 4
1347959.656663, 4
1347959.677128, 4
1347959.697590, 4
1347959.718050, 4
1347959.738511, 4
1347959.758970, 4
1347959.779431, 4
1347959.800123, 4
1347959.820584, 4
1347959.841045, 4
1347959.861505, 4
1347959.881965, 4
1347959.902424, 4
1347959.922884, 4
1347959.943348, 4
1347959.963844, 4
1347959.984313, 4
1347960.004781, 4
1347960.025260, 4
1347960.045730, 4
1347960.066192, 4
1347960.086656, 4
1347960.107116, 4
1347960.127576, 4
1347960.148007, 4
1347960.168467, 4
1347960.188928, 4
1347960.209389, 4
1347960.229850, 4
1347960.250314, 4
1347960.270960, 4
1347960.291420, 4
1347960.311880, 4
1347960.332348, 4
1347960.352808, 4
1347960.373268, 4
1347960.393729, 4
1347960.414189, 4
1347960.434649, 4
1347960.455112, 4
1347960.475572, 4
1347960.496006, 4
1347960.516466, 4
1347960.536926, 4
1347960.557386, 4
1347960.577846, 4
1347960.598306, 4
1347960.618767, 4
1347960.639227, 4
1347960.659687, 4
1347960.680152, 4
1347960.700613, 4
1347960.721073, 4
1347960.741811, 4
1347960.762272, 4
1347960.782732, 4
1347960.803192, 4
1347960.823652, 4
1347960.844112, 4
1347960.864572, 4
1347960.885032, 4
1347960.905492, 4
1347960.925953, 4
1347960.946413, 4
1347960.966873, 4
1347960.987332, 4
1347961.007793, 4
1347961.028254, 4
1347961.048714, 4
1347961.069174, 4
1347961.089636, 4
1347961.110095, 4
1347961.130555, 4
1347961.151016, 4
1347961.171476, 4
1347961.191936, 4
1347961.212686, 4
1347961.233145, 4
1347961.253605, 4
1347961.274067, 4
1347961.294528, 4
1347961.314987, 4
1347961.335447, 4
1347961.355907, 4
1347961.376369, 4
1347961.396829, 4
1347961.417289, 4
1347961.437749, 4
1347961.458209, 4
1347961.478669, 4
1347961.499129, 4
1347961.519589, 4
1347961.540007, 4
1347961.560468, 4
1347961.580930, 4
1347961.601391, 4
1347961.621852, 4
1347961.642311, 4
1347961.662772, 4
1347961.683233, 4
1347961.703692, 4
1347961.724155, 4
1347961.744769, 4
1347961.765228, 4
1347961.785689, 4
1347961.806148, 4
1347961.826608, 4
1347961.847067, 4
1347961.867527, 4
1347961.887986, 4
1347961.908446, 4
1347961.928910, 4
1347961.949385, 4
1347961.969854, 4
1347961.990317, 4
1347962.010777, 4
1347962.031238, 4
1347962.051699, 4
1347962.091028, 4
1347962.111491, 4
1347962.131952, 4
1347962.152413, 4
1347962.172875, 4
1347962.193336, 4
1347962.213796, 4
1347962.234481, 4
1347962.254942, 4
1347962.275402, 4
1347962.295862, 4
1347962.316323, 4
1347962.336783, 4
1347962.357242, 4
1347962.377702, 4
1347962.398163, 4
1347962.418623, 4
1347962.439083, 4
1347962.459543, 4
1347962.480006, 4
1347962.500466, 4
1347962.520926, 4
1347962.541386, 4
1347962.561846, 4
1347962.582308, 4
1347962.602767, 4
1347962.623233, 4
1347962.643694, 4
1347962.664155, 4
1347962.684615, 4
1347962.705322, 4
1347962.725781, 4
1347962.746241, 4
1347962.766717, 4
1347962.787180, 4
1347962.807641, 4
1347962.828102, 4
1347962.848561, 4
1347962.869021, 4
1347962.889483, 4
1347962.909945, 4
1347962.930405, 4
1347962.950867, 4
1347962.971328, 4
1347962.991788, 4
1347963.012250, 4
1347963.032711, 4
1347963.053182, 4
1347963.073642, 4
1347963.094101, 4
1347963.114569, 4
1347963.135029, 4
1347963.155489, 4
1347963.176188, 4
1347963.196648, 4
1347963.217109, 4
1347963.237569, 4
1347963.258032, 4
1347963.278514, 4
1347963.298985, 4
1347963.319451, 4
1347963.339912, 4
1347963.360374, 4
1347963.380838, 4
1347963.401298, 4
1347963.421760, 4
1347963.442220, 4
1347963.462681, 4
1347963.483141, 4
1347963.503602, 4
1347963.524069, 4
1347963.544530, 4
1347963.564989, 4
1347963.585451, 4
1347963.605911, 4
1347963.626374, 4
1347963.647026, 4
1347963.667486, 4
1347963.687946, 4
1347963.708405, 4
1347963.728868, 4
1347963.749327, 4
1347963.769787, 4
1347963.790252, 4
1347963.810737, 4
1347963.831205, 4
1347963.851668, 4
1347963.872133, 4
1347963.892595, 4
1347963.913055, 4
1347963.933520, 4
1347963.954019, 4
1347963.974488, 4
1347963.994952, 4
1347964.015417, 4
1347964.035917, 4
1347964.056637, 4
1347964.077101, 4
1347964.097562, 4
1347964.118023, 4
1347964.138483, 4
1347964.158944, 4
1347964.179405, 4
1347964.199866, 4
1347964.220328, 4
1347964.240797, 4
1347964.261258, 4
1347964.281718, 4
1347964.302178, 4
1347964.322638, 4
1347964.343100, 4
1347964.363560, 4
1347964.384007, 4
1347964.404469, 4
1347964.424930, 4
1347964.445392, 4
1347964.465854, 4
1347964.486314, 4
1347964.506773, 4
1347964.527438, 4
1347964.547897, 4
1347964.568361, 4
1347964.588821, 4
1347964.609280, 4
1347964.629740, 4
1347964.650199, 4
1347964.670659, 4
1347964.691118, 4
1347964.711578, 4
1347964.732007, 4
1347964.752467, 4
1347964.772926, 4
1347964.793385, 4
1347964.813848, 4
1347964.834334, 4
1347964.854800, 4
1347964.875267, 4
1347964.895729, 4
1347964.916194, 4
1347964.936657, 4
1347964.957118, 4
1347964.977578, 4
1347964.998228, 4
1347965.018687, 4
1347965.039147, 4
1347965.059607, 4
1347965.080075, 4
1347965.100539, 4
1347965.120999, 4
1347965.141459, 4
1347965.161919, 4
1347965.182379, 4
1347965.202839, 4
1347965.223299, 4
1347965.243759, 4
1347965.264220, 4
1347965.284680, 4
1347965.305140, 4
1347965.325600, 4
1347965.346061, 4
1347965.366521, 4
1347965.386981, 4
1347965.407441, 4
1347965.427901, 4
1347965.448364, 4
1347965.469017, 4
1347965.489477, 4
1347965.509937, 4
1347965.530397, 4
1347965.550857, 4
1347965.571317, 4
1347965.591776, 4
1347965.612238, 4
1347965.632697, 4
1347965.653157, 4
1347965.673616, 4
1347965.694077, 4
1347965.714536, 4
1347965.734996, 4
1347965.755457, 4
1347965.775918, 4
1347965.796383, 4
1347965.816887, 4
1347965.837361, 4
1347965.857845, 4
1347965.878312, 4
1347965.898779, 4
1347965.919244, 4
1347965.939874, 4
1347965.960366, 4
1347965.980834, 4
1347966.001295, 4
1347966.021757, 4
1347966.042217, 4
1347966.062677, 4
1347966.083137, 4
1347966.103597, 4
1347966.124065, 4
1347966.144525, 4
1347966.164984, 4
1347966.185444, 4
1347966.205904, 4
1347966.226364, 4
1347966.246825, 4
1347966.267285, 4
1347966.287746, 4
1347966.308207, 4
1347966.328667, 4
1347966.349128, 4
1347966.369588, 4
1347966.390051, 4
1347966.410697, 4
1347966.431157, 4
1347966.451616, 4
1347966.472081, 4
1347966.492541, 4
1347966.513000, 4
1347966.533460, 4
1347966.553919, 4
1347966.574378, 4
1347966.594837, 4
1347966.615297, 4
1347966.635756, 4
1347966.656217, 4
1347966.676677, 4
1347966.697136, 4
1347966.717596, 4
1347966.738055, 4
1347966.758517, 4
1347966.778976, 4
1347966.799436, 4
1347966.819896, 4
1347966.840360, 4
1347966.860821, 4
1347966.881531, 4
1347966.901991, 4
1347966.922450, 4
1347966.942910, 4
1347966.963369, 4
1347966.983829, 4
1347967.004289, 4
1347967.024749, 4
1347967.045208, 4
1347967.095594, 4
1347967.116062, 4
1347967.136521, 4
1347967.156980, 4
1347967.177440, 4
1347967.197900, 4
1347967.218360, 4
1347967.238825, 4
1347967.259286, 4
1347967.279746, 4
1347967.300208, 4
1347967.320668, 4
1347967.341129, 4
1347967.361793, 4
1347967.382253, 4
1347967.402713, 4
1347967.423174, 4
1347967.443649, 4
1347967.464112, 4
1347967.484571, 4
1347967.505033, 4
1347967.525496, 4
1347967.545955, 4
1347967.566414, 4
1347967.586874, 4
1347967.607333, 4
1347967.627792, 4
1347967.648254, 4
1347967.668714, 4
1347967.689175, 4
1347967.709636, 4
1347967.730096, 4
1347967.750560, 4
1347967.771020, 4
1347967.791480, 4
1347967.811940, 4
1347967.832607, 4
1347967.853067, 4
1347967.873535, 4
1347967.894032, 4
1347967.914518, 4
1347967.934989, 4
1347967.955482, 4
1347967.975955, 4
1347967.996454, 4
1347968.016954, 4
1347968.037454, 4
1347968.057956, 4
1347968.078432, 4
1347968.098901, 4
1347968.119365, 4
1347968.139827, 4
1347968.160288, 4
1347968.181021, 4
1347968.201482, 4
1347968.221943, 4
1347968.242406, 4
1347968.262871, 4
1347968.283364, 4
1347968.303830, 4
1347968.324296, 4
1347968.344757, 4
1347968.365218, 4
1347968.385679, 4
1347968.406142, 4
1347968.426603, 4
1347968.447063, 4
1347968.467524, 4
1347968.487984, 4
1347968.508445, 4
1347968.528909, 4
1347968.549370, 4
1347968.569833, 4
1347968.590294, 4
1347968.610754, 4
1347968.631213, 4
1347968.651878, 4
1347968.672347, 4
1347968.692807, 4
1347968.713267, 4
1347968.733727, 4
1347968.754187, 4
1347968.774649, 4
1347968.795108, 4
1347968.815568, 4
1347968.836006, 4
1347968.856466, 4
1347968.876926, 4
1347968.897391, 4
1347968.917987, 4
1347968.938488, 4
1347968.958958, 4
1347968.979424, 4
1347968.999887, 4
1347969.020357, 4
1347969.040817, 4
1347969.061517, 4
1347969.081977, 4
1347969.102438, 4
1347969.122898, 4
1347969.143359, 4
1347969.163819, 4
1347969.184280, 4
1347969.204740, 4
1347969.225200, 4
1347969.245661, 4
1347969.266121, 4
1347969.286583, 4
1347969.307048, 4
1347969.327508, 4
1347969.347969, 4
1347969.368433, 4
1347969.388894, 4
1347969.409356, 4
1347969.429816, 4
1347969.450277, 4
1347969.470740, 4
1347969.491203, 4
1347969.511663, 4
1347969.532372, 4
1347969.552832, 4
1347969.573294, 4
1347969.593754, 4
1347969.614213, 4
1347969.634673, 4
1347969.655134, 4
1347969.675594, 4
1347969.696061, 4
1347969.716521, 4
1347969.736982, 4
1347969.757442, 4
1347969.777902, 4
1347969.798362, 4
1347969.818822, 4
1347969.839282, 4
1347969.859749, 4
1347969.880212, 4
1347969.900677, 4
1347969.921171, 4
1347969.941641, 4
1347969.962134, 4
1347969.982602, 4
1347970.003243, 4
1347970.023709, 4
1347970.044180, 4
1347970.064641, 4
1347970.085105, 4
1347970.105566, 4
1347970.126026, 4
1347970.146486, 4
1347970.166946, 4
1347970.187406, 4
1347970.207865, 4
1347970.228330, 4
1347970.248830, 4
1347970.269298, 4
1347970.289765, 4
1347970.310230, 4
1347970.330691, 4
1347970.351154, 4
1347970.371614, 4
1347970.392085, 4
1347970.412837, 4
1347970.433300, 4
1347970.453760, 4
1347970.474227, 4
1347970.494728, 4
1347970.515198, 4
1347970.535662, 4
1347970.556124, 4
1347970.576587, 4
1347970.597048, 4
1347970.617508, 4
1347970.637967, 4
1347970.658432, 4
1347970.678912, 4
1347970.699397, 4
1347970.719876, 4
1347970.740361, 4
1347970.760826, 4
1347970.781294, 4
1347970.801779, 4
1347970.822473, 4
1347970.842935, 4
1347970.863397, 4
1347970.883857, 4
1347970.904318, 4
1347970.924781, 4
1347970.945286, 4
1347970.965815, 4
1347970.986317, 4
1347971.006787, 4
1347971.027252, 4
1347971.047714, 4
1347971.068180, 4
1347971.088644, 4
1347971.109107, 4
1347971.129566, 4
1347971.150027, 4
1347971.170491, 4
1347971.190956, 4
1347971.211429, 4
1347971.232110, 4
1347971.252572, 4
1347971.273032, 4
1347971.293492, 4
1347971.313951, 4
1347971.334412, 4
1347971.354873, 4
1347971.375333, 4
1347971.395794, 4
1347971.416256, 4
1347971.436720, 4
1347971.457189, 4
1347971.477653, 4
1347971.498114, 4
1347971.518573, 4
1347971.539033, 4
1347971.559492, 4
1347971.579953, 4
1347971.600417, 4
1347971.620876, 4
1347971.641337, 4
1347971.661796, 4
1347971.682262, 4
1347971.702983, 4
1347971.723450, 4
1347971.743911, 4
1347971.764373, 4
1347971.784835, 4
1347971.805295, 4
1347971.825758, 4
1347971.846218, 4
1347971.866679, 4
1347971.887139, 4
1347971.907600, 4
1347971.928067, 4
1347971.948547, 4
1347971.969024, 4
1347971.989560, 4
1347972.010050, 4
1347972.030520, 4
1347972.050995, 4
1347972.096274, 4
1347972.116742, 4
1347972.137222, 4
1347972.157689, 4
1347972.178154, 4
1347972.198641, 4
1347972.219105, 4
1347972.239763, 4
1347972.260229, 4
1347972.280691, 4
1347972.301151, 4
1347972.321610, 4
1347972.342071, 4
1347972.362535, 4
1347972.382997, 4
1347972.403464, 4
1347972.423950, 4
1347972.444446, 4
1347972.464944, 4
1347972.485444, 4
1347972.505942, 4
1347972.526448, 4
1347972.546922, 4
1347972.567388, 4
1347972.587851, 4
1347972.608313, 4
1347972.628773, 4
1347972.649404, 4
1347972.669863, 4
1347972.690322, 4
1347972.710782, 4
1347972.731241, 4
1347972.751701, 4
1347972.772162, 4
1347972.792622, 4
1347972.813082, 4
1347972.833542, 4
1347972.854007, 4
1347972.874469, 4
1347972.894929, 4
1347972.915393, 4
1347972.935890, 4
1347972.956368, 4
1347972.976832, 4
1347972.997300, 4
1347973.017786, 4
1347973.038254, 4
1347973.058719, 4
1347973.079182, 4
1347973.099643, 4
1347973.120253, 4
1347973.140713, 4
1347973.161173, 4
1347973.181634, 4
1347973.202095, 4
1347973.222555, 4
1347973.243015, 4
1347973.263479, 4
1347973.283979, 4
1347973.304454, 4
1347973.324937, 4
1347973.345404, 4
1347973.365868, 4
1347973.386330, 4
1347973.406794, 4
1347973.427255, 4
1347973.447716, 4
1347973.468192, 4
1347973.488653, 4
1347973.509112, 4
1347973.529574, 4
1347973.550034, 4
1347973.570494, 4
1347973.591091, 4
1347973.611553, 4
1347973.632006, 4
1347973.652465, 4
1347973.672925, 4
1347973.693385, 4
1347973.713845, 4
1347973.734305, 4
1347973.754764, 4
1347973.775224, 4
1347973.795684, 4
1347973.816145, 4
1347973.836604, 4
1347973.857065, 4
1347973.877524, 4
1347973.897985, 4
1347973.918449, 4
1347973.938935, 4
1347973.959404, 4
1347973.979899, 4
1347974.000372, 4
1347974.020837, 4
1347974.041301, 4
1347974.061942, 4
1347974.082402, 4
1347974.102863, 4
1347974.123324, 4
1347974.143789, 4
1347974.164253, 4
1347974.184714, 4
1347974.205175, 4
1347974.225635, 4
1347974.246102, 4
1347974.266561, 4
1347974.287022, 4
1347974.307482, 4
1347974.327946, 4
1347974.348447, 4
1347974.368920, 4
1347974.389393, 4
1347974.409893, 4
1347974.430361, 4
1347974.450829, 4
1347974.471585, 4
1347974.492007, 4
1347974.512468, 4
1347974.532928, 4
1347974.553391, 4
1347974.573852, 4
1347974.594313, 4
1347974.614773, 4
1347974.635233, 4
1347974.655695, 4
1347974.676157, 4
1347974.696617, 4
1347974.717077, 4
1347974.737537, 4
1347974.758000, 4
1347974.778461, 4
1347974.798922, 4
1347974.819384, 4
1347974.839845, 4
1347974.860308, 4
1347974.880770, 4
1347974.901237, 4
1347974.921736, 4
1347974.942444, 4
1347974.962907, 4
1347974.983371, 4
1347975.003832, 4
1347975.024293, 4
1347975.044754, 4
1347975.065215, 4
1347975.085679, 4
1347975.106140, 4
1347975.126600, 4
1347975.147060, 4
1347975.167520, 4
1347975.187983, 4
1347975.208444, 4
1347975.228905, 4
1347975.249365, 4
1347975.269825, 4
1347975.290297, 4
1347975.310758, 4
1347975.331218, 4
1347975.351679, 4
1347975.372141, 4
1347975.392605, 4
1347975.413284, 4
1347975.433743, 4
1347975.454205, 4
1347975.474665, 4
1347975.495128, 4
1347975.515589, 4
1347975.536007, 4
1347975.556466, 4
1347975.576926, 4
1347975.597388, 4
1347975.617850, 4
1347975.638309, 4
1347975.658769, 4
1347975.679229, 4
1347975.699691, 4
1347975.720153, 4
1347975.740614, 4
1347975.761076, 4
1347975.781536, 4
1347975.801999, 4
1347975.822461, 4
1347975.842921, 4
1347975.863381, 4
1347975.884139, 4
1347975.904609, 4
1347975.925107, 4
1347975.945581, 4
1347975.966056, 4
1347975.986522, 4
1347976.006992, 4
1347976.027494, 4
1347976.047965, 4
1347976.068432, 4
1347976.088894, 4
1347976.109362, 4
1347976.129823, 4
1347976.150284, 4
1347976.170748, 4
1347976.191209, 4
1347976.211669, 4
1347976.232135, 4
1347976.252597, 4
1347976.273058, 4
1347976.293764, 4
1347976.314225, 4
1347976.334689, 4
1347976.355149, 4
1347976.375610, 4
1347976.396080, 4
1347976.416545, 4
1347976.437036, 4
1347976.457526, 4
1347976.477986, 4
1347976.498439, 4
1347976.518892, 4
1347976.539345, 4
1347976.559798, 4
1347976.580255, 4
1347976.600708, 4
1347976.621160, 4
1347976.641625, 4
1347976.662078, 4
1347976.682529, 4
1347976.702984, 4
1347976.723436, 4
1347976.743888, 4
1347976.764634, 4
1347976.785105, 4
1347976.805558, 4
1347976.826010, 4
1347976.846465, 4
1347976.866918, 4
1347976.887369, 4
1347976.907820, 4
1347976.928276, 4
1347976.948729, 4
1347976.969186, 4
1347976.989645, 4
1347977.010105, 4
1347977.030564, 4
1347977.051026, 4
1347977.101446, 4
1347977.121947, 4
1347977.142436, 4
1347977.162908, 4
1347977.183373, 4
1347977.203835, 4
1347977.224298, 4
1347977.244929, 4
1347977.265388, 4
1347977.285851, 4
1347977.306312, 4
1347977.326777, 4
1347977.347268, 4
1347977.367756, 4
1347977.388222, 4
1347977.408684, 4
1347977.429147, 4
1347977.449611, 4
1347977.470079, 4
1347977.490542, 4
1347977.511003, 4
1347977.531466, 4
1347977.551927, 4
1347977.572394, 4
1347977.592879, 4
1347977.613364, 4
1347977.633829, 4
1347977.654552, 4
1347977.675016, 4
1347977.695476, 4
1347977.715937, 4
1347977.736399, 4
1347977.756859, 4
1347977.777320, 4
1347977.797783, 4
1347977.818247, 4
1347977.838747, 4
1347977.859236, 4
1347977.879706, 4
1347977.900177, 4
1347977.920639, 4
1347977.941132, 4
1347977.961602, 4
1347977.982071, 4
1347978.002536, 4
1347978.022997, 4
1347978.043457, 4
1347978.064199, 4
1347978.084701, 4
1347978.105186, 4
1347978.125656, 4
1347978.146144, 4
1347978.166612, 4
1347978.187077, 4
1347978.207543, 4
1347978.228009, 4
1347978.248499, 4
1347978.268966, 4
1347978.289431, 4
1347978.309900, 4
1347978.330395, 4
1347978.350898, 4
1347978.371369, 4
1347978.391854, 4
1347978.412362, 4
1347978.432833, 4
1347978.453296, 4
1347978.473846, 4
1347978.494307, 4
1347978.514769, 4
1347978.535230, 4
1347978.555691, 4
1347978.576157, 4
1347978.596619, 4
1347978.617080, 4
1347978.637540, 4
1347978.658001, 4
1347978.678461, 4
1347978.698921, 4
1347978.719382, 4
1347978.739841, 4
1347978.760302, 4
1347978.780763, 4
1347978.801224, 4
1347978.821685, 4
1347978.842146, 4
1347978.862606, 4
1347978.883067, 4
1347978.903534, 4
1347978.924014, 4
1347978.944748, 4
1347978.965217, 4
1347978.985681, 4
1347979.006142, 4
1347979.026603, 4
1347979.047063, 4
1347979.067523, 4
1347979.087983, 4
1347979.108445, 4
1347979.128906, 4
1347979.149370, 4
1347979.169862, 4
1347979.190329, 4
1347979.210795, 4
1347979.231257, 4
1347979.251718, 4
1347979.272188, 4
1347979.292650, 4
1347979.313112, 4
1347979.333574, 4
1347979.354036, 4
1347979.374496, 4
1347979.394956, 4
1347979.415648, 4
1347979.436109, 4
1347979.456570, 4
1347979.477030, 4
1347979.497490, 4
1347979.517950, 4
1347979.538411, 4
1347979.558876, 4
1347979.579337, 4
1347979.599798, 4
1347979.620266, 4
1347979.640729, 4
1347979.661189, 4
1347979.681649, 4
1347979.702108, 4
1347979.722568, 4
1347979.743027, 4
1347979.763492, 4
1347979.783951, 4
1347979.804412, 4
1347979.824873, 4
1347979.845334, 4
1347979.865795, 4
1347979.886258, 4
1347979.906723, 4
1347979.927221, 4
1347979.947870, 4
1347979.968389, 4
1347979.988855, 4
1347980.009322, 4
1347980.029810, 4
1347980.050275, 4
1347980.070739, 4
1347980.091201, 4
1347980.111661, 4
1347980.132123, 4
1347980.152583, 4
1347980.173048, 4
1347980.193546, 4
1347980.214023, 4
1347980.234495, 4
1347980.254959, 4
1347980.275421, 4
1347980.295889, 4
1347980.316359, 4
1347980.336819, 4
1347980.357282, 4
1347980.377744, 4
1347980.398204, 4
1347980.418873, 4
1347980.439333, 4
1347980.459793, 4
1347980.480255, 4
1347980.500716, 4
1347980.521175, 4
1347980.541637, 4
1347980.562098, 4
1347980.582559, 4
1347980.603020, 4
1347980.623481, 4
1347980.643942, 4
1347980.664403, 4
1347980.684862, 4
1347980.705322, 4
1347980.725781, 4
1347980.746241, 4
1347980.766701, 4
1347980.787160, 4
1347980.807624, 4
1347980.828110, 4
1347980.848577, 4
1347980.869040, 4
1347980.889504, 4
1347980.909969, 4
1347980.930463, 4
1347980.951123, 4
1347980.971588, 4
1347980.992006, 4
1347981.012472, 4
1347981.032967, 4
1347981.053435, 4
1347981.073897, 4
1347981.094359, 4
1347981.114819, 4
1347981.135280, 4
1347981.155740, 4
1347981.176202, 4
1347981.196666, 4
1347981.217157, 4
1347981.237625, 4
1347981.258088, 4
1347981.278551, 4
1347981.299016, 4
1347981.319477, 4
1347981.339937, 4
1347981.360399, 4
1347981.380860, 4
1347981.401322, 4
1347981.421783, 4
1347981.442244, 4
1347981.462704, 4
1347981.483397, 4
1347981.503860, 4
1347981.524321, 4
1347981.544782, 4
1347981.565242, 4
1347981.585702, 4
1347981.606162, 4
1347981.626621, 4
1347981.647080, 4
1347981.667540, 4
1347981.688000, 4
1347981.708465, 4
1347981.728924, 4
1347981.749384, 4
1347981.769844, 4
1347981.790303, 4
1347981.810763, 4
1347981.831223, 4
1347981.851683, 4
1347981.872143, 4
1347981.892607, 4
1347981.913071, 4
1347981.933561, 4
1347981.954035, 4
1347981.974532, 4
1347981.994999, 4
1347982.015579, 4
1347982.036007, 4
1347982.056468, 4
1347982.076930, 4
1347982.097391, 4
1347982.117851, 4
1347982.138311, 4
1347982.158770, 4
1347982.179230, 4
1347982.199690, 4
1347982.220156, 4
1347982.240646, 4
1347982.261113, 4
1347982.281578, 4
1347982.302041, 4
1347982.322502, 4
1347982.342964, 4
1347982.363427, 4
1347982.383888, 4
1347982.404358, 4
1347982.424827, 4
1347982.445289, 4
1347982.465750, 4
1347982.486416, 4
1347982.506877, 4
1347982.527337, 4
1347982.547797, 4
1347982.568264, 4
1347982.588724, 4
1347982.609184, 4
1347982.629644, 4
1347982.650105, 4
1347982.670565, 4
1347982.691025, 4
1347982.711485, 4
1347982.731945, 4
1347982.752406, 4
1347982.772865, 4
1347982.793325, 4
1347982.813785, 4
1347982.834245, 4
1347982.854705, 4
1347982.875165, 4
1347982.895626, 4
1347982.916093, 4
1347982.936587, 4
1347982.957277, 4
1347982.977740, 4
1347982.998200, 4
1347983.018660, 4
1347983.039120, 4
1347983.059580, 4
1347983.080006, 4
1347983.100473, 4
1347983.120934, 4
1347983.141394, 4
1347983.161853, 4
1347983.182313, 4
1347983.202773, 4
1347983.223234, 4
1347983.243699, 4
1347983.264199, 4
1347983.284685, 4
1347983.305158, 4
1347983.325622, 4
1347983.346084, 4
1347983.366545, 4
1347983.387006, 4
1347983.407466, 4
1347983.428130, 4
1347983.448590, 4
1347983.469050, 4
1347983.489511, 4
1347983.509971, 4
1347983.530433, 4
1347983.550893, 4
1347983.571353, 4
1347983.591813, 4
1347983.612277, 4
1347983.632738, 4
1347983.653204, 4
1347983.673665, 4
1347983.694126, 4
1347983.714587, 4
1347983.735047, 4
1347983.755508, 4
1347983.775973, 4
1347983.796435, 4
1347983.816895, 4
1347983.837356, 4
1347983.857815, 4
1347983.878275, 4
1347983.898968, 4
1347983.919434, 4
1347983.939929, 4
1347983.960403, 4
1347983.980902, 4
1347984.001369, 4
1347984.021837, 4
1347984.042333, 4
1347984.062801, 4
1347984.083265, 4
1347984.103727, 4
1347984.124192, 4
1347984.144652, 4
1347984.165113, 4
1347984.185575, 4
1347984.206036, 4
1347984.226496, 4
1347984.246958, 4
1347984.267424, 4
1347984.287907, 4
1347984.308614, 4
1347984.329082, 4
1347984.349569, 4
1347984.370035, 4
1347984.390503, 4
1347984.410967, 4
1347984.431428, 4
1347984.451890, 4
1347984.472358, 4
1347984.492818, 4
1347984.513278, 4
1347984.533738, 4
1347984.554200, 4
1347984.574660, 4
1347984.595120, 4
1347984.615581, 4
1347984.636006, 4
1347984.656477, 4
1347984.676938, 4
1347984.697398, 4
1347984.717866, 4
1347984.738327, 4
1347984.758787, 4
1347984.779478, 4
1347984.799937, 4
1347984.820411, 4
1347984.840872, 4
1347984.861334, 4
1347984.881794, 4
1347984.902255, 4
1347984.922721, 4
1347984.943215, 4
1347984.963685, 4
1347984.984150, 4
1347985.004611, 4
1347985.025072, 4
1347985.045533, 4
1347985.065993, 4
1347985.086453, 4
1347985.106913, 4
1347985.127375, 4
1347985.147836, 4
1347985.168297, 4
1347985.188758, 4
1347985.209218, 4
1347985.229678, 4
1347985.250353, 4
1347985.270813, 4
1347985.291280, 4
1347985.311775, 4
1347985.332244, 4
1347985.352710, 4
1347985.373172, 4
1347985.393634, 4
1347985.414094, 4
1347985.434555, 4
1347985.455015, 4
1347985.475477, 4
1347985.495938, 4
1347985.516399, 4
1347985.536860, 4
1347985.557320, 4
1347985.577780, 4
1347985.598242, 4
1347985.618702, 4
1347985.639163, 4
1347985.659630, 4
1347985.680094, 4
1347985.700557, 4
1347985.721226, 4
1347985.741686, 4
1347985.762146, 4
1347985.782606, 4
1347985.803066, 4
1347985.823525, 4
1347985.843985, 4
1347985.864446, 4
1347985.884905, 4
1347985.905365, 4
1347985.925830, 4
1347985.946318, 4
1347985.966787, 4
1347985.987279, 4
1347986.007745, 4
1347986.028208, 4
1347986.048669, 4
1347986.069131, 4
1347986.089591, 4
1347986.110052, 4
1347986.130529, 4
1347986.150992, 4
1347986.171453, 4
1347986.192118, 4
1347986.212578, 4
1347986.233038, 4
1347986.253501, 4
1347986.273961, 4
1347986.294421, 4
1347986.314881, 4
1347986.335340, 4
1347986.355800, 4
1347986.376267, 4
1347986.396728, 4
1347986.417188, 4
1347986.437647, 4
1347986.458107, 4
1347986.478567, 4
1347986.499026, 4
1347986.519486, 4
1347986.539946, 4
1347986.560407, 4
1347986.580866, 4
1347986.601327, 4
1347986.621786, 4
1347986.642245, 4
1347986.662985, 4
1347986.683444, 4
1347986.703904, 4
1347986.724370, 4
1347986.744835, 4
1347986.765295, 4
1347986.785755, 4
1347986.806214, 4
1347986.826674, 4
1347986.847137, 4
1347986.867597, 4
1347986.888064, 4
1347986.908525, 4
1347986.928989, 4
1347986.949474, 4
1347986.969941, 4
1347986.990405, 4
1347987.010867, 4
1347987.031327, 4
1347987.051788, 4
1347987.072259, 4
1347987.092721, 4
1347987.113182, 4
1347987.133925, 4
1347987.154384, 4
1347987.174848, 4
1347987.195307, 4
1347987.215767, 4
1347987.236228, 4
1347987.256687, 4
1347987.277150, 4
1347987.297609, 4
1347987.318069, 4
1347987.338533, 4
1347987.359037, 4
1347987.379513, 4
1347987.399978, 4
1347987.420441, 4
1347987.440902, 4
1347987.461362, 4
1347987.481829, 4
1347987.502290, 4
1347987.522750, 4
1347987.543219, 4
1347987.563679, 4
1347987.584143, 4
1347987.604605, 4
1347987.625065, 4
1347987.645525, 4
1347987.666183, 4
1347987.686646, 4
1347987.707107, 4
1347987.727567, 4
1347987.748006, 4
1347987.768467, 4
1347987.788930, 4
1347987.809391, 4
1347987.829853, 4
1347987.850315, 4
1347987.870775, 4
1347987.891238, 4
1347987.911703, 4
1347987.932196, 4
1347987.952666, 4
1347987.973134, 4
1347987.993598, 4
1347988.014068, 4
1347988.034559, 4
1347988.055035, 4
1347988.075500, 4
1347988.095965, 4
1347988.116427, 4
1347988.137043, 4
1347988.157504, 4
1347988.177965, 4
1347988.198428, 4
1347988.218894, 4
1347988.239355, 4
1347988.259822, 4
1347988.280323, 4
1347988.300812, 4
1347988.321310, 4
1347988.341779, 4
1347988.362244, 4
1347988.382733, 4
1347988.403230, 4
1347988.423703, 4
1347988.444167, 4
1347988.464630, 4
1347988.485093, 4
1347988.505555, 4
1347988.526018, 4
1347988.546689, 4
1347988.567150, 4
1347988.587610, 4
1347988.608077, 4
1347988.628542, 4
1347988.649002, 4
1347988.669463, 4
1347988.689924, 4
1347988.710386, 4
1347988.730849, 4
1347988.751310, 4
1347988.771775, 4
1347988.792238, 4
1347988.812698, 4
1347988.833163, 4
1347988.853626, 4
1347988.874086, 4
1347988.894557, 4
1347988.915023, 4
1347988.935501, 4
1347988.955966, 4
1347988.976429, 4
1347988.996890, 4
1347989.017548, 4
1347989.038012, 4
1347989.058473, 4
1347989.078935, 4
1347989.099395, 4
1347989.119857, 4
1347989.140323, 4
1347989.160783, 4
1347989.181244, 4
1347989.201706, 4
1347989.222167, 4
1347989.242631, 4
1347989.263091, 4
1347989.283552, 4
1347989.304006, 4
1347989.324466, 4
1347989.344929, 4
1347989.365393, 4
1347989.385861, 4
1347989.406353, 4
1347989.426823, 4
1347989.447293, 4
1347989.467758, 4
1347989.488385, 4
1347989.508856, 4
1347989.529321, 4
1347989.549786, 4
1347989.570250, 4
1347989.590712, 4
1347989.611173, 4
1347989.631635, 4
1347989.652128, 4
1347989.672601, 4
1347989.693062, 4
1347989.713521, 4
1347989.733977, 4
1347989.754431, 4
1347989.774896, 4
1347989.795353, 4
1347989.815808, 4
1347989.836272, 4
1347989.856753, 4
1347989.877240, 4
1347989.897712, 4
1347989.918174, 4
1347989.938663, 4
1347989.959243, 4
1347989.979706, 4
1347990.000165, 4
1347990.020622, 4
1347990.041078, 4
1347990.061533, 4
1347990.081992, 4
1347990.102450, 4
1347990.122930, 4
1347990.143390, 4
1347990.163845, 4
1347990.184303, 4
1347990.204760, 4
1347990.225214, 4
1347990.245671, 4
1347990.266134, 4
1347990.286597, 4
1347990.307066, 4
1347990.327532, 4
1347990.348010, 4
1347990.368493, 4
1347990.388965, 4
1347990.409431, 4
1347990.430102, 4
1347990.450588, 4
1347990.471058, 4
1347990.491522, 4
1347990.511986, 4
1347990.532452, 4
1347990.552915, 4
1347990.573377, 4
1347990.593853, 4
1347990.614332, 4
1347990.634799, 4
1347990.655262, 4
1347990.675727, 4
1347990.696196, 4
1347990.716661, 4
1347990.737124, 4
1347990.757586, 4
1347990.778050, 4
1347990.798531, 4
1347990.818995, 4
1347990.839716, 4
1347990.860201, 4
1347990.880669, 4
1347990.901134, 4
1347990.921599, 4
1347990.942070, 4
1347990.962539, 4
1347990.983004, 4
1347991.003467, 4
1347991.023931, 4
1347991.044424, 4
1347991.064918, 4
1347991.085395, 4
1347991.105872, 4
1347991.126344, 4
1347991.146807, 4
1347991.167269, 4
1347991.187740, 4
1347991.208204, 4
1347991.228667, 4
1347991.249371, 4
1347991.269835, 4
1347991.290297, 4
1347991.310765, 4
1347991.331235, 4
1347991.351714, 4
1347991.372189, 4
1347991.392653, 4
1347991.413114, 4
1347991.433583, 4
1347991.454078, 4
1347991.474554, 4
1347991.495025, 4
1347991.515494, 4
1347991.535959, 4
1347991.556428, 4
1347991.576903, 4
1347991.597376, 4
1347991.617840, 4
1347991.638303, 4
1347991.659035, 4
1347991.679498, 4
1347991.699961, 4
1347991.720425, 4
1347991.740890, 4
1347991.761354, 4
1347991.781818, 4
1347991.802284, 4
1347991.822754, 4
1347991.843232, 4
1347991.863701, 4
1347991.884167, 4
1347991.904630, 4
1347991.925093, 4
1347991.945571, 4
1347991.966037, 4
1347991.986502, 4
1347992.006967, 4
1347992.027431, 4
1347992.047898, 4
1347992.068372, 4
1347992.088848, 4
1347992.109311, 4
1347992.129912, 4
1347992.150374, 4
1347992.170834, 4
1347992.191296, 4
1347992.211760, 4
1347992.232225, 4
1347992.252695, 4
1347992.273158, 4
1347992.293627, 4
1347992.314126, 4
1347992.334613, 4
1347992.355081, 4
1347992.375545, 4
1347992.396006, 4
1347992.416475, 4
1347992.436954, 4
1347992.457424, 4
1347992.477917, 4
1347992.498389, 4
1347992.518856, 4
1347992.539566, 4
1347992.560069, 4
1347992.580563, 4
1347992.601029, 4
1347992.621492, 4
1347992.641954, 4
1347992.662416, 4
1347992.682878, 4
1347992.703341, 4
1347992.723805, 4
1347992.744271, 4
1347992.764736, 4
1347992.785201, 4
1347992.805689, 4
1347992.826168, 4
1347992.846636, 4
1347992.867101, 4
1347992.887567, 4
1347992.908012, 4
1347992.928486, 4
1347992.949243, 4
1347992.969713, 4
1347992.990178, 4
1347993.010645, 4
1347993.031113, 4
1347993.051591, 4
1347993.072085, 4
1347993.092555, 4
1347993.113018, 4
1347993.133480, 4
1347993.153942, 4
1347993.174402, 4
1347993.194866, 4
1347993.215328, 4
1347993.235792, 4
1347993.256256, 4
1347993.276723, 4
1347993.297197, 4
1347993.317674, 4
1347993.338148, 4
1347993.358883, 4
1347993.379346, 4
1347993.399808, 4
1347993.420277, 4
1347993.440740, 4
1347993.461203, 4
1347993.481672, 4
1347993.502163, 4
1347993.522636, 4
1347993.543132, 4
1347993.563625, 4
1347993.584096, 4
1347993.604559, 4
1347993.625024, 4
1347993.645489, 4
1347993.665951, 4
1347993.686415, 4
1347993.706880, 4
1347993.727344, 4
1347993.747808, 4
1347993.768561, 4
1347993.789044, 4
1347993.809524, 4
1347993.829991, 4
1347993.850454, 4
1347993.870917, 4
1347993.891381, 4
1347993.911849, 4
1347993.932317, 4
1347993.952796, 4
1347993.973263, 4
1347993.993730, 4
1347994.014197, 4
1347994.034671, 4
1347994.055165, 4
1347994.075631, 4
1347994.096096, 4
1347994.116564, 4
1347994.137025, 4
1347994.157486, 4
1347994.178212, 4
1347994.198675, 4
1347994.219137, 4
1347994.239600, 4
1347994.260074, 4
1347994.280566, 4
1347994.301066, 4
1347994.321540, 4
1347994.342004, 4
1347994.362466, 4
1347994.382929, 4
1347994.403392, 4
1347994.423856, 4
1347994.444321, 4
1347994.464786, 4
1347994.485248, 4
1347994.505716, 4
1347994.526212, 4
1347994.546712, 4
1347994.567182, 4
1347994.587848, 4
1347994.608313, 4
1347994.628775, 4
1347994.649237, 4
1347994.669699, 4
1347994.690161, 4
1347994.710624, 4
1347994.731086, 4
1347994.751553, 4
1347994.772009, 4
1347994.792507, 4
1347994.812978, 4
1347994.833443, 4
1347994.853907, 4
1347994.874373, 4
1347994.894837, 4
1347994.915304, 4
1347994.935792, 4
1347994.956285, 4
1347994.976756, 4
1347994.997461, 4
1347995.017942, 4
1347995.038440, 4
1347995.058909, 4
1347995.079373, 4
1347995.099835, 4
1347995.120301, 4
1347995.140764, 4
1347995.161228, 4
1347995.181691, 4
1347995.202154, 4
1347995.222617, 4
1347995.243085, 4
1347995.263585, 4
1347995.284084, 4
1347995.304551, 4
1347995.325014, 4
1347995.345477, 4
1347995.365940, 4
1347995.386402, 4
1347995.407064, 4
1347995.427528, 4
1347995.448005, 4
1347995.468471, 4
1347995.488938, 4
1347995.509431, 4
1347995.529924, 4
1347995.550414, 4
1347995.570880, 4
1347995.591345, 4
1347995.611808, 4
1347995.632275, 4
1347995.652739, 4
1347995.673203, 4
1347995.693668, 4
1347995.714132, 4
1347995.734599, 4
1347995.755102, 4
1347995.775581, 4
1347995.796004, 4
1347995.816711, 4
1347995.837175, 4
1347995.857637, 4
1347995.878101, 4
1347995.898562, 4
1347995.919028, 4
1347995.939519, 4
1347995.959990, 4
1347995.980473, 4
1347996.000956, 4
1347996.021437, 4
1347996.041905, 4
1347996.062368, 4
1347996.082829, 4
1347996.103296, 4
1347996.123757, 4
1347996.144222, 4
1347996.164692, 4
1347996.185155, 4
1347996.205619, 4
1347996.226326, 4
1347996.246817, 4
1347996.267296, 4
1347996.287769, 4
1347996.308237, 4
1347996.328701, 4
1347996.349163, 4
1347996.369624, 4
1347996.390092, 4
1347996.410557, 4
1347996.431021, 4
1347996.451486, 4
1347996.471951, 4
1347996.492432, 4
1347996.512902, 4
1347996.533366, 4
1347996.553837, 4
1347996.574332, 4
1347996.594801, 4
1347996.615267, 4
1347996.635985, 4
1347996.656449, 4
1347996.676912, 4
1347996.697375, 4
1347996.717837, 4
1347996.738308, 4
1347996.758773, 4
1347996.779239, 4
1347996.799703, 4
1347996.820436, 4
1347996.840899, 4
1347996.861367, 4
1347996.881832, 4
1347996.902296, 4
1347996.922767, 4
1347996.943231, 4
1347996.963693, 4
1347996.984163, 4
1347997.004626, 4
1347997.025088, 4
1347997.045680, 4
1347997.066143, 4
1347997.086608, 4
1347997.117659, 4
1347997.138123, 4
1347997.158702, 4
1347997.179164, 4
1347997.199628, 4
1347997.220095, 4
1347997.240560, 4
1347997.261023, 4
1347997.281485, 4
1347997.301947, 4
1347997.322409, 4
1347997.342871, 4
1347997.363334, 4
1347997.383797, 4
1347997.404265, 4
1347997.424727, 4
1347997.445192, 4
1347997.465657, 4
1347997.486121, 4
1347997.506595, 4
1347997.527056, 4
1347997.547517, 4
1347997.567979, 4
1347997.588457, 4
1347997.608946, 4
1347997.629603, 4
1347997.650068, 4
1347997.670530, 4
1347997.690992, 4
1347997.711455, 4
1347997.731917, 4
1347997.752381, 4
1347997.772842, 4
1347997.793302, 4
1347997.813763, 4
1347997.834224, 4
1347997.854688, 4
1347997.875151, 4
1347997.895615, 4
1347997.916084, 4
1347997.936545, 4
1347997.957005, 4
1347997.977472, 4
1347997.997935, 4
1347998.018397, 4
1347998.038860, 4
1347998.059323, 4
1347998.079785, 4
1347998.100478, 4
1347998.120943, 4
1347998.141424, 4
1347998.161892, 4
1347998.182357, 4
1347998.202826, 4
1347998.223294, 4
1347998.243772, 4
1347998.264239, 4
1347998.284704, 4
1347998.305166, 4
1347998.325630, 4
1347998.346108, 4
1347998.366575, 4
1347998.387083, 4
1347998.407560, 4
1347998.428007, 4
1347998.448489, 4
1347998.468955, 4
1347998.489416, 4
1347998.509878, 4
1347998.530339, 4
1347998.550799, 4
1347998.571450, 4
1347998.591910, 4
1347998.612378, 4
1347998.632874, 4
1347998.653344, 4
1347998.673808, 4
1347998.694275, 4
1347998.714739, 4
1347998.735200, 4
1347998.755660, 4
1347998.776121, 4
1347998.796584, 4
1347998.817043, 4
1347998.837503, 4
1347998.857963, 4
1347998.878423, 4
1347998.898883, 4
1347998.919356, 4
1347998.939846, 4
1347998.960313, 4
1347998.980785, 4
1347999.001249, 4
1347999.021711, 4
1347999.042174, 4
1347999.062634, 4
1347999.083094, 4
1347999.103741, 4
1347999.124203, 4
1347999.144662, 4
1347999.165122, 4
1347999.185581, 4
1347999.206041, 4
1347999.226501, 4
1347999.246960, 4
1347999.267419, 4
1347999.287879, 4
1347999.308346, 4
1347999.328806, 4
1347999.349266, 4
1347999.369725, 4
1347999.390185, 4
1347999.410645, 4
1347999.431104, 4
1347999.451565, 4
1347999.472006, 4
1347999.492465, 4
1347999.512934, 4
1347999.533394, 4
1347999.553854, 4
1347999.574315, 4
1347999.594774, 4
1347999.615234, 4
1347999.635962, 4
1347999.656469, 4
1347999.676953, 4
1347999.697418, 4
1347999.717880, 4
1347999.738342, 4
1347999.758802, 4
1347999.779263, 4
1347999.799730, 4
1347999.820220, 4
1347999.840690, 4
1347999.861154, 4
1347999.881615, 4
1347999.902076, 4
1347999.922543, 4
1347999.943019, 4
1347999.963484, 4
1347999.983949, 4
1348000.004416, 4
1348000.024909, 4
1348000.045651, 4
1348000.066113, 4
1348000.086574, 4
1348000.107033, 4
1348000.127509, 4
1348000.147972, 4
1348000.168435, 4
1348000.188899, 4
1348000.209358, 4
1348000.229818, 4
1348000.250279, 4
1348000.270745, 4
1348000.291205, 4
1348000.311664, 4
1348000.332125, 4
1348000.352586, 4
1348000.373046, 4
1348000.393507, 4
1348000.413968, 4
1348000.434428, 4
1348000.454889, 4
1348000.475349, 4
1348000.495807, 4
1348000.516504, 4
1348000.536963, 4
1348000.557423, 4
1348000.577882, 4
1348000.598341, 4
1348000.618801, 4
1348000.639261, 4
1348000.659727, 4
1348000.680243, 4
1348000.700741, 4
1348000.721238, 4
1348000.741738, 4
1348000.762236, 4
1348000.782734, 4
1348000.803273, 4
1348000.823760, 4
1348000.844228, 4
1348000.864925, 4
1348000.885387, 4
1348000.905848, 4
1348000.926312, 4
1348000.946775, 4
1348000.967238, 4
1348000.987700, 4
1348001.008162, 4
1348001.028624, 4
1348001.049093, 4
1348001.069572, 4
1348001.090038, 4
1348001.110501, 4
1348001.130963, 4
1348001.151432, 4
1348001.171892, 4
1348001.192362, 4
1348001.212825, 4
1348001.233286, 4
1348001.253747, 4
1348001.274209, 4
1348001.294670, 4
1348001.315132, 4
1348001.335754, 4
1348001.356217, 4
1348001.376680, 4
1348001.397141, 4
1348001.417602, 4
1348001.438065, 4
1348001.458528, 4
1348001.478990, 4
1348001.499453, 4
1348001.519916, 4
1348001.540380, 4
1348001.560843, 4
1348001.581303, 4
1348001.601765, 4
1348001.622226, 4
1348001.642687, 4
1348001.663149, 4
1348001.683616, 4
1348001.704105, 4
1348001.724574, 4
1348001.745040, 4
1348001.765501, 4
1348001.785962, 4
1348001.806580, 4
1348001.827042, 4
1348001.847504, 4
1348001.867965, 4
1348001.888431, 4
1348001.908892, 4
1348001.929354, 4
1348001.949817, 4
1348001.970280, 4
1348001.990746, 4
1348002.011214, 4
1348002.031699, 4
1348002.052168, 4
1348002.072634, 4
1348002.119849, 4
1348002.140318, 4
1348002.160780, 4
1348002.181241, 4
1348002.201701, 4
1348002.222162, 4
1348002.242623, 4
1348002.263276, 4
1348002.283738, 4
1348002.304202, 4
1348002.324664, 4
1348002.345125, 4
1348002.365586, 4
1348002.386047, 4
1348002.406508, 4
1348002.426975, 4
1348002.447439, 4
1348002.467903, 4
1348002.488368, 4
1348002.508831, 4
1348002.529294, 4
1348002.549756, 4
1348002.570217, 4
1348002.590678, 4
1348002.611141, 4
1348002.631604, 4
1348002.652073, 4
1348002.672537, 4
1348002.693004, 4
1348002.713502, 4
1348002.734140, 4
1348002.754607, 4
1348002.775073, 4
1348002.795540, 4
1348002.816006, 4
1348002.836470, 4
1348002.856932, 4
1348002.877396, 4
1348002.897858, 4
1348002.918320, 4
1348002.938784, 4
1348002.959248, 4
1348002.979710, 4
1348003.000178, 4
1348003.020649, 4
1348003.041131, 4
1348003.061595, 4
1348003.082063, 4
1348003.102528, 4
1348003.122992, 4
1348003.143747, 4
1348003.164212, 4
1348003.184674, 4
1348003.205136, 4
1348003.225599, 4
1348003.246060, 4
1348003.266523, 4
1348003.286987, 4
1348003.307447, 4
1348003.327913, 4
1348003.348376, 4
1348003.368839, 4
1348003.389301, 4
1348003.409761, 4
1348003.430226, 4
1348003.450688, 4
1348003.471150, 4
1348003.491613, 4
1348003.512079, 4
1348003.532540, 4
1348003.553001, 4
1348003.573465, 4
1348003.593927, 4
1348003.614611, 4
1348003.635071, 4
1348003.655532, 4
1348003.675993, 4
1348003.696459, 4
1348003.716924, 4
1348003.737414, 4
1348003.757882, 4
1348003.778349, 4
1348003.798811, 4
1348003.819273, 4
1348003.839735, 4
1348003.860209, 4
1348003.880675, 4
1348003.901142, 4
1348003.921601, 4
1348003.942062, 4
1348003.962525, 4
1348003.982986, 4
1348004.003447, 4
1348004.023911, 4
1348004.044374, 4
1348004.064837, 4
1348004.085475, 4
1348004.105944, 4
1348004.126407, 4
1348004.146869, 4
1348004.167333, 4
1348004.187795, 4
1348004.208262, 4
1348004.228723, 4
1348004.249184, 4
1348004.269646, 4
1348004.290109, 4
1348004.310570, 4
1348004.331032, 4
1348004.351493, 4
1348004.371955, 4
1348004.392420, 4
1348004.412881, 4
1348004.433346, 4
1348004.453808, 4
1348004.474271, 4
1348004.494736, 4
1348004.515198, 4
1348004.535660, 4
1348004.556330, 4
1348004.576791, 4
1348004.597253, 4
1348004.617713, 4
1348004.638174, 4
1348004.658636, 4
1348004.679096, 4
1348004.699557, 4
1348004.720005, 4
1348004.740471, 4
1348004.760959, 4
1348004.781428, 4
1348004.801896, 4
1348004.822375, 4
1348004.842847, 4
1348004.863316, 4
1348004.883781, 4
1348004.904247, 4
1348004.924711, 4
1348004.945175, 4
1348004.965637, 4
1348004.986099, 4
1348005.006562, 4
1348005.027225, 4
1348005.047691, 4
1348005.068156, 4
1348005.088620, 4
1348005.109085, 4
1348005.129549, 4
1348005.150013, 4
1348005.170476, 4
1348005.190939, 4
1348005.211402, 4
1348005.231863, 4
1348005.252329, 4
1348005.272793, 4
1348005.293255, 4
1348005.313716, 4
1348005.334178, 4
1348005.354641, 4
1348005.375108, 4
1348005.395569, 4
1348005.416004, 4
1348005.436474, 4
1348005.456937, 4
1348005.477399, 4
1348005.498113, 4
1348005.518578, 4
1348005.539041, 4
1348005.559502, 4
1348005.579963, 4
1348005.600428, 4
1348005.620888, 4
1348005.641348, 4
1348005.661808, 4
1348005.682268, 4
1348005.702727, 4
1348005.723187, 4
1348005.743647, 4
1348005.764114, 4
1348005.784599, 4
1348005.805067, 4
1348005.825532, 4
1348005.845995, 4
1348005.866456, 4
1348005.886918, 4
1348005.907382, 4
1348005.927844, 4
1348005.948307, 4
1348005.968996, 4
1348005.989457, 4
1348006.009920, 4
1348006.030380, 4
1348006.050844, 4
1348006.071311, 4
1348006.091776, 4
1348006.112240, 4
1348006.132704, 4
1348006.153167, 4
1348006.173630, 4
1348006.194091, 4
1348006.214552, 4
1348006.235012, 4
1348006.255473, 4
1348006.275935, 4
1348006.296403, 4
1348006.316871, 4
1348006.337332, 4
1348006.357793, 4
1348006.378260, 4
1348006.398721, 4
1348006.419182, 4
1348006.439900, 4
1348006.460368, 4
1348006.480831, 4
1348006.501294, 4
1348006.521756, 4
1348006.542224, 4
1348006.562685, 4
1348006.583146, 4
1348006.603607, 4
1348006.624073, 4
1348006.644534, 4
1348006.664994, 4
1348006.685455, 4
1348006.705915, 4
1348006.726376, 4
1348006.746836, 4
1348006.767297, 4
1348006.787767, 4
1348006.808262, 4
1348006.828731, 4
1348006.849199, 4
1348006.869663, 4
1348006.890126, 4
1348006.910775, 4
1348006.931243, 4
1348006.951705, 4
1348006.972173, 4
1348006.992635, 4
1348007.013102, 4
1348007.033591, 4
1348007.054062, 4
1348007.074526, 4
1348007.125242, 4
1348007.145706, 4
1348007.166167, 4
1348007.186630, 4
1348007.207092, 4
1348007.227558, 4
1348007.248004, 4
1348007.268696, 4
1348007.289157, 4
1348007.309622, 4
1348007.330083, 4
1348007.350546, 4
1348007.371008, 4
1348007.391472, 4
1348007.411933, 4
1348007.432397, 4
1348007.452859, 4
1348007.473321, 4
1348007.493783, 4
1348007.514245, 4
1348007.534705, 4
1348007.555170, 4
1348007.575630, 4
1348007.596100, 4
1348007.616604, 4
1348007.637076, 4
1348007.657544, 4
1348007.678009, 4
1348007.698472, 4
1348007.718934, 4
1348007.739617, 4
1348007.760085, 4
1348007.780548, 4
1348007.801008, 4
1348007.821478, 4
1348007.841967, 4
1348007.862438, 4
1348007.882904, 4
1348007.903369, 4
1348007.923833, 4
1348007.944296, 4
1348007.964764, 4
1348007.985226, 4
1348008.005694, 4
1348008.026159, 4
1348008.046623, 4
1348008.067086, 4
1348008.087549, 4
1348008.108005, 4
1348008.128470, 4
1348008.148934, 4
1348008.169402, 4
1348008.189864, 4
1348008.210534, 4
1348008.230998, 4
1348008.251459, 4
1348008.271927, 4
1348008.292637, 4
1348008.313113, 4
1348008.333581, 4
1348008.354048, 4
1348008.374513, 4
1348008.394974, 4
1348008.415440, 4
1348008.435907, 4
1348008.456371, 4
1348008.476834, 4
1348008.497300, 4
1348008.517767, 4
1348008.538234, 4
1348008.558986, 4
1348008.579450, 4
1348008.599914, 4
1348008.620375, 4
1348008.640835, 4
1348008.661300, 4
1348008.681764, 4
1348008.702237, 4
1348008.722698, 4
1348008.743163, 4
1348008.763623, 4
1348008.784087, 4
1348008.804550, 4
1348008.825011, 4
1348008.845478, 4
1348008.865973, 4
1348008.886452, 4
1348008.906919, 4
1348008.927381, 4
1348008.947843, 4
1348008.968313, 4
1348008.988775, 4
1348009.009239, 4
1348009.029887, 4
1348009.050349, 4
1348009.070810, 4
1348009.091271, 4
1348009.111731, 4
1348009.132199, 4
1348009.152661, 4
1348009.173125, 4
1348009.193588, 4
1348009.214052, 4
1348009.234511, 4
1348009.254980, 4
1348009.275441, 4
1348009.295903, 4
1348009.316375, 4
1348009.336844, 4
1348009.357312, 4
1348009.377783, 4
1348009.398251, 4
1348009.418719, 4
1348009.439188, 4
1348009.459654, 4
1348009.480131, 4
1348009.500850, 4
1348009.521327, 4
1348009.541798, 4
1348009.562266, 4
1348009.582733, 4
1348009.603200, 4
1348009.623667, 4
1348009.644137, 4
1348009.664607, 4
1348009.685076, 4
1348009.705544, 4
1348009.726018, 4
1348009.746523, 4
1348009.767007, 4
1348009.787481, 4
1348009.807950, 4
1348009.828424, 4
1348009.848894, 4
1348009.869369, 4
1348009.889869, 4
1348009.910485, 4
1348009.930964, 4
1348009.951438, 4
1348009.971914, 4
1348009.992410, 4
1348010.012885, 4
1348010.033361, 4
1348010.053832, 4
1348010.074301, 4
1348010.094769, 4
1348010.115238, 4
1348010.135705, 4
1348010.156178, 4
1348010.176653, 4
1348010.197131, 4
1348010.217607, 4
1348010.238118, 4
1348010.258595, 4
1348010.279070, 4
1348010.299540, 4
1348010.320206, 4
1348010.340677, 4
1348010.361147, 4
1348010.381615, 4
1348010.402083, 4
1348010.422550, 4
1348010.443019, 4
1348010.463491, 4
1348010.483980, 4
1348010.504456, 4
1348010.524928, 4
1348010.545397, 4
1348010.565867, 4
1348010.586337, 4
1348010.606809, 4
1348010.627276, 4
1348010.647745, 4
1348010.668217, 4
1348010.688686, 4
1348010.709160, 4
1348010.729925, 4
1348010.750396, 4
1348010.770864, 4
1348010.791334, 4
1348010.811801, 4
1348010.832274, 4
1348010.852742, 4
1348010.873209, 4
1348010.893684, 4
1348010.914175, 4
1348010.934669, 4
1348010.955159, 4
1348010.975644, 4
1348010.996127, 4
1348011.016602, 4
1348011.037072, 4
1348011.057540, 4
1348011.078019, 4
1348011.098486, 4
1348011.118954, 4
1348011.139642, 4
1348011.160111, 4
1348011.180581, 4
1348011.201055, 4
1348011.221539, 4
1348011.242020, 4
1348011.262493, 4
1348011.282960, 4
1348011.303438, 4
1348011.323908, 4
1348011.344381, 4
1348011.364852, 4
1348011.385321, 4
1348011.405788, 4
1348011.426259, 4
1348011.446732, 4
1348011.467240, 4
1348011.487730, 4
1348011.508206, 4
1348011.528678, 4
1348011.549350, 4
1348011.569817, 4
1348011.590286, 4
1348011.610754, 4
1348011.631222, 4
1348011.651690, 4
1348011.672160, 4
1348011.692634, 4
1348011.713133, 4
1348011.733611, 4
1348011.754082, 4
1348011.774551, 4
1348011.795018, 4
1348011.815485, 4
1348011.835956, 4
1348011.856426, 4
1348011.876894, 4
1348011.897365, 4
1348011.917840, 4
1348011.938344, 4
1348011.959062, 4
1348011.979540, 4
1348012.000017, 4
1348012.020489, 4
1348012.040959, 4
1348012.061430, 4
1348012.081897, 4
1348012.126378, 4
1348012.146850, 4
1348012.167321, 4
1348012.187802, 4
1348012.208288, 4
1348012.228761, 4
1348012.249234, 4
1348012.269804, 4
1348012.290274, 4
1348012.310746, 4
1348012.331215, 4
1348012.351683, 4
1348012.372155, 4
1348012.392627, 4
1348012.413096, 4
1348012.433592, 4
1348012.454072, 4
1348012.474547, 4
1348012.495019, 4
1348012.515487, 4
1348012.535956, 4
1348012.556429, 4
1348012.576900, 4
1348012.597369, 4
1348012.617848, 4
1348012.638318, 4
1348012.658790, 4
1348012.679531, 4
1348012.700020, 4
1348012.720491, 4
1348012.740960, 4
1348012.761428, 4
1348012.781897, 4
1348012.802365, 4
1348012.822836, 4
1348012.843305, 4
1348012.863776, 4
1348012.884247, 4
1348012.904721, 4
1348012.925225, 4
1348012.945737, 4
1348012.966245, 4
1348012.986726, 4
1348013.007197, 4
1348013.027673, 4
1348013.048146, 4
1348013.068614, 4
1348013.089294, 4
1348013.109763, 4
1348013.130233, 4
1348013.150705, 4
1348013.171208, 4
1348013.191684, 4
1348013.212158, 4
1348013.232630, 4
1348013.253098, 4
1348013.273572, 4
1348013.294068, 4
1348013.314550, 4
1348013.335019, 4
1348013.355492, 4
1348013.375962, 4
1348013.396438, 4
1348013.416936, 4
1348013.437422, 4
1348013.457902, 4
1348013.478372, 4
1348013.499067, 4
1348013.519540, 4
1348013.540007, 4
1348013.560479, 4
1348013.580951, 4
1348013.601420, 4
1348013.621888, 4
1348013.642361, 4
1348013.662855, 4
1348013.683329, 4
1348013.703797, 4
1348013.724275, 4
1348013.744745, 4
1348013.765214, 4
1348013.785686, 4
1348013.806153, 4
1348013.826629, 4
1348013.847101, 4
1348013.867573, 4
1348013.888011, 4
1348013.908522, 4
1348013.929028, 4
1348013.949535, 4
1348013.970099, 4
1348013.990595, 4
1348014.011073, 4
1348014.031550, 4
1348014.052011, 4
1348014.072483, 4
1348014.092953, 4
1348014.113423, 4
1348014.133895, 4
1348014.154398, 4
1348014.174877, 4
1348014.195370, 4
1348014.215848, 4
1348014.236320, 4
1348014.256793, 4
1348014.277267, 4
1348014.297734, 4
1348014.318209, 4
1348014.338679, 4
1348014.359150, 4
1348014.379867, 4
1348014.400373, 4
1348014.420855, 4
1348014.441327, 4
1348014.461797, 4
1348014.482267, 4
1348014.502734, 4
1348014.523203, 4
1348014.543672, 4
1348014.564143, 4
1348014.584612, 4
1348014.605083, 4
1348014.625555, 4
1348014.646036, 4
1348014.666513, 4
1348014.686985, 4
1348014.707454, 4
1348014.727934, 4
1348014.748404, 4
1348014.768873, 4
1348014.789346, 4
1348014.809816, 4
1348014.830289, 4
1348014.850885, 4
1348014.871357, 4
1348014.891841, 4
1348014.912323, 4
1348014.932810, 4
1348014.953293, 4
1348014.973765, 4
1348014.994237, 4
1348015.014728, 4
1348015.035211, 4
1348015.055686, 4
1348015.076157, 4
1348015.096629, 4
1348015.117102, 4
1348015.137586, 4
1348015.158063, 4
1348015.178535, 4
1348015.199005, 4
1348015.219474, 4
1348015.239941, 4
1348015.260655, 4
1348015.281122, 4
1348015.301594, 4
1348015.322062, 4
1348015.342533, 4
1348015.363004, 4
1348015.383491, 4
1348015.403974, 4
1348015.424444, 4
1348015.444915, 4
1348015.465384, 4
1348015.485857, 4
1348015.506330, 4
1348015.526798, 4
1348015.547279, 4
1348015.567751, 4
1348015.588221, 4
1348015.608704, 4
1348015.629208, 4
1348015.649679, 4
1348015.670430, 4
1348015.690901, 4
1348015.711370, 4
1348015.731843, 4
1348015.752310, 4
1348015.772781, 4
1348015.793250, 4
1348015.813721, 4
1348015.834192, 4
1348015.854663, 4
1348015.875151, 4
1348015.895631, 4
1348015.916108, 4
1348015.936597, 4
1348015.957089, 4
1348015.977562, 4
1348015.998037, 4
1348016.018512, 4
1348016.039016, 4
1348016.059493, 4
1348016.080099, 4
1348016.100576, 4
1348016.121075, 4
1348016.141562, 4
1348016.162034, 4
1348016.182508, 4
1348016.202978, 4
1348016.223449, 4
1348016.243927, 4
1348016.264396, 4
1348016.284865, 4
1348016.305337, 4
1348016.325804, 4
1348016.346282, 4
1348016.366780, 4
1348016.387251, 4
1348016.407725, 4
1348016.428201, 4
1348016.448670, 4
1348016.469138, 4
1348016.489776, 4
1348016.510243, 4
1348016.530711, 4
1348016.551178, 4
1348016.571646, 4
1348016.592121, 4
1348016.612633, 4
1348016.633111, 4
1348016.653587, 4
1348016.674057, 4
1348016.694526, 4
1348016.714994, 4
1348016.735464, 4
1348016.755931, 4
1348016.776413, 4
1348016.796881, 4
1348016.817350, 4
1348016.837822, 4
1348016.858329, 4
1348016.878811, 4
1348016.899415, 4
1348016.919888, 4
1348016.940390, 4
1348016.960861, 4
1348016.981335, 4
1348017.001808, 4
1348017.022280, 4
1348017.042752, 4
1348017.063265, 4
1348017.083758, 4
1348017.104248, 4
1348017.124722, 4
1348017.145195, 4
1348017.165667, 4
1348017.186142, 4
1348017.206613, 4
1348017.227083, 4
1348017.247555, 4
1348017.268024, 4
1348017.288492, 4
1348017.309075, 4
1348017.329549, 4
1348017.350037, 4
1348017.370512, 4
1348017.390985, 4
1348017.411454, 4
1348017.431924, 4
1348017.452400, 4
1348017.472875, 4
1348017.493344, 4
1348017.513817, 4
1348017.534288, 4
1348017.554764, 4
1348017.575240, 4
1348017.595734, 4
1348017.616219, 4
1348017.636694, 4
1348017.657171, 4
1348017.677645, 4
1348017.698119, 4
1348017.718751, 4
1348017.739223, 4
1348017.759693, 4
1348017.780165, 4
1348017.800637, 4
1348017.821114, 4
1348017.841608, 4
1348017.862091, 4
1348017.882571, 4
1348017.903046, 4
1348017.923524, 4
1348017.944014, 4
1348017.964493, 4
1348017.984972, 4
1348018.005451, 4
1348018.025925, 4
1348018.046393, 4
1348018.066867, 4
1348018.087361, 4
1348018.107838, 4
1348018.128396, 4
1348018.148865, 4
1348018.169337, 4
1348018.189812, 4
1348018.210280, 4
1348018.230752, 4
1348018.251222, 4
1348018.271704, 4
1348018.292187, 4
1348018.312667, 4
1348018.333154, 4
1348018.353631, 4
1348018.374102, 4
1348018.394584, 4
1348018.415059, 4
1348018.435527, 4
1348018.455998, 4
1348018.476478, 4
1348018.496946, 4
1348018.517421, 4
1348018.538052, 4
1348018.558530, 4
1348018.579018, 4
1348018.599499, 4
1348018.619977, 4
1348018.640447, 4
1348018.660918, 4
1348018.681388, 4
1348018.701857, 4
1348018.722328, 4
1348018.742796, 4
1348018.763265, 4
1348018.783738, 4
1348018.804213, 4
1348018.824714, 4
1348018.845212, 4
1348018.865686, 4
1348018.886158, 4
1348018.906630, 4
1348018.927101, 4
1348018.947744, 4
1348018.968223, 4
1348018.988703, 4
1348019.009178, 4
1348019.029652, 4
1348019.050132, 4
1348019.070642, 4
1348019.091131, 4
1348019.111638, 4
1348019.132123, 4
1348019.152604, 4
1348019.173082, 4
1348019.193553, 4
1348019.214029, 4
1348019.234500, 4
1348019.254975, 4
1348019.275451, 4
1348019.296194, 4
1348019.316706, 4
1348019.337187, 4
1348019.357662, 4
1348019.378132, 4
1348019.398603, 4
1348019.419071, 4
1348019.439543, 4
1348019.460006, 4
1348019.480476, 4
1348019.500946, 4
1348019.521414, 4
1348019.541888, 4
1348019.562363, 4
1348019.582846, 4
1348019.603317, 4
1348019.623786, 4
1348019.644258, 4
1348019.664729, 4
1348019.685201, 4
1348019.705858, 4
1348019.726330, 4
1348019.746798, 4
1348019.767267, 4
1348019.787740, 4
1348019.808234, 4
1348019.828706, 4
1348019.849176, 4
1348019.869696, 4
1348019.890166, 4
1348019.910635, 4
1348019.931112, 4
1348019.951585, 4
1348019.972061, 4
1348019.992536, 4
1348020.013007, 4
1348020.033483, 4
1348020.053991, 4
1348020.074468, 4
1348020.094943, 4
1348020.115544, 4
1348020.136008, 4
1348020.156495, 4
1348020.176965, 4
1348020.197438, 4
1348020.217909, 4
1348020.238378, 4
1348020.258846, 4
1348020.279322, 4
1348020.299817, 4
1348020.320295, 4
1348020.340770, 4
1348020.361241, 4
1348020.381712, 4
1348020.402185, 4
1348020.422655, 4
1348020.443128, 4
1348020.463598, 4
1348020.484073, 4
1348020.504546, 4
1348020.525201, 4
1348020.545686, 4
1348020.566164, 4
1348020.586636, 4
1348020.607104, 4
1348020.627574, 4
1348020.648010, 4
1348020.668482, 4
1348020.688951, 4
1348020.709421, 4
1348020.729895, 4
1348020.750364, 4
1348020.770839, 4
1348020.791335, 4
1348020.811813, 4
1348020.832290, 4
1348020.852762, 4
1348020.873235, 4
1348020.893710, 4
1348020.914181, 4
1348020.934913, 4
1348020.955390, 4
1348020.975859, 4
1348020.996331, 4
1348021.016807, 4
1348021.037310, 4
1348021.057785, 4
1348021.078259, 4
1348021.098729, 4
1348021.119203, 4
1348021.139674, 4
1348021.160171, 4
1348021.180647, 4
1348021.201124, 4
1348021.221597, 4
1348021.242068, 4
1348021.262546, 4
1348021.283043, 4
1348021.303525, 4
1348021.324007, 4
1348021.344561, 4
1348021.365030, 4
1348021.385499, 4
1348021.405973, 4
1348021.426441, 4
1348021.446913, 4
1348021.467385, 4
1348021.487862, 4
1348021.508372, 4
1348021.528849, 4
1348021.549319, 4
1348021.569783, 4
1348021.590249, 4
1348021.610713, 4
1348021.631182, 4
1348021.651645, 4
1348021.672111, 4
1348021.692580, 4
1348021.713044, 4
1348021.733515, 4
1348021.754265, 4
1348021.774742, 4
1348021.795212, 4
1348021.815678, 4
1348021.836143, 4
1348021.856607, 4
1348021.877071, 4
1348021.897535, 4
1348021.918001, 4
1348021.938494, 4
1348021.958964, 4
1348021.979435, 4
1348021.999925, 4
1348022.020402, 4
1348022.040870, 4
1348022.061333, 4
1348022.081794, 4
1348022.102274, 4
1348022.122743, 4
1348022.143215, 4
1348022.163686, 4
1348022.184161, 4
1348022.204630, 4
1348022.225244, 4
1348022.245745, 4
1348022.266224, 4
1348022.286696, 4
1348022.307166, 4
1348022.327636, 4
1348022.348107, 4
1348022.368576, 4
1348022.389048, 4
1348022.409520, 4
1348022.430030, 4
1348022.450518, 4
1348022.470994, 4
1348022.491498, 4
1348022.511979, 4
1348022.532452, 4
1348022.552925, 4
1348022.573409, 4
1348022.593882, 4
1348022.614351, 4
1348022.635045, 4
1348022.655518, 4
1348022.675985, 4
1348022.696454, 4
1348022.716925, 4
1348022.737432, 4
1348022.757917, 4
1348022.778392, 4
1348022.798863, 4
1348022.819334, 4
1348022.839803, 4
1348022.860278, 4
1348022.880747, 4
1348022.901218, 4
1348022.921692, 4
1348022.942184, 4
1348022.962666, 4
1348022.983157, 4
1348023.003636, 4
1348023.024111, 4
1348023.044819, 4
1348023.065291, 4
1348023.085759, 4
1348023.106230, 4
1348023.126698, 4
1348023.147172, 4
1348023.167639, 4
1348023.188114, 4
1348023.208619, 4
1348023.229109, 4
1348023.249589, 4
1348023.270064, 4
1348023.290541, 4
1348023.311035, 4
1348023.331511, 4
1348023.351983, 4
1348023.372453, 4
1348023.392925, 4
1348023.413394, 4
1348023.433863, 4
1348023.454514, 4
1348023.475016, 4
1348023.495499, 4
1348023.515994, 4
1348023.536475, 4
1348023.556944, 4
1348023.577416, 4
1348023.597886, 4
1348023.618355, 4
1348023.638826, 4
1348023.659296, 4
1348023.679768, 4
1348023.700242, 4
1348023.720741, 4
1348023.741226, 4
1348023.761699, 4
1348023.782169, 4
1348023.802643, 4
1348023.823111, 4
1348023.843578, 4
1348023.864215, 4
1348023.884687, 4
1348023.905155, 4
1348023.925630, 4
1348023.946137, 4
1348023.966640, 4
1348023.987118, 4
1348024.007590, 4
1348024.028063, 4
1348024.048533, 4
1348024.069008, 4
1348024.089477, 4
1348024.109946, 4
1348024.130418, 4
1348024.150895, 4
1348024.171364, 4
1348024.191840, 4
1348024.212342, 4
1348024.232825, 4
1348024.253299, 4
1348024.273914, 4
1348024.294383, 4
1348024.314850, 4
1348024.335321, 4
1348024.355790, 4
1348024.376267, 4
1348024.396737, 4
1348024.417216, 4
1348024.437724, 4
1348024.458211, 4
1348024.478691, 4
1348024.499167, 4
1348024.519641, 4
1348024.540116, 4
1348024.560593, 4
1348024.581063, 4
1348024.601533, 4
1348024.622009, 4
1348024.642479, 4
1348024.662948, 4
1348024.683594, 4
1348024.704096, 4
1348024.724568, 4
1348024.745041, 4
1348024.765512, 4
1348024.785988, 4
1348024.806458, 4
1348024.826928, 4
1348024.847404, 4
1348024.867873, 4
1348024.888352, 4
1348024.908834, 4
1348024.929344, 4
1348024.949832, 4
1348024.970318, 4
1348024.990796, 4
1348025.011269, 4
1348025.031747, 4
1348025.052219, 4
1348025.072694, 4
1348025.093333, 4
1348025.113802, 4
1348025.134271, 4
1348025.154740, 4
1348025.175214, 4
1348025.195693, 4
1348025.216178, 4
1348025.236686, 4
1348025.257163, 4
1348025.277642, 4
1348025.298117, 4
1348025.318589, 4
1348025.339071, 4
1348025.359543, 4
1348025.380008, 4
1348025.400484, 4
1348025.420958, 4
1348025.441456, 4
1348025.461937, 4
1348025.482410, 4
1348025.503154, 4
1348025.523626, 4
1348025.544100, 4
1348025.564572, 4
1348025.585044, 4
1348025.605514, 4
1348025.625991, 4
1348025.646462, 4
1348025.666938, 4
1348025.687446, 4
1348025.707937, 4
1348025.728412, 4
1348025.748950, 4
1348025.769447, 4
1348025.789932, 4
1348025.810403, 4
1348025.830877, 4
1348025.851352, 4
1348025.871820, 4
1348025.892292, 4
1348025.912975, 4
1348025.933475, 4
1348025.953952, 4
1348025.974424, 4
1348025.994896, 4
1348026.015369, 4
1348026.035840, 4
1348026.056313, 4
1348026.076788, 4
1348026.097256, 4
1348026.117729, 4
1348026.138196, 4
1348026.158670, 4
1348026.179168, 4
1348026.199647, 4
1348026.220121, 4
1348026.240591, 4
1348026.261082, 4
1348026.281556, 4
1348026.302026, 4
1348026.322761, 4
1348026.343234, 4
1348026.363704, 4
1348026.384185, 4
1348026.404657, 4
1348026.425165, 4
1348026.445648, 4
1348026.466120, 4
1348026.486592, 4
1348026.507064, 4
1348026.527533, 4
1348026.548007, 4
1348026.568474, 4
1348026.588946, 4
1348026.609418, 4
1348026.629888, 4
1348026.650367, 4
1348026.670845, 4
1348026.691319, 4
1348026.711788, 4
1348026.732453, 4
1348026.752920, 4
1348026.773390, 4
1348026.793856, 4
1348026.814324, 4
1348026.834792, 4
1348026.855260, 4
1348026.875726, 4
1348026.896206, 4
1348026.916706, 4
1348026.937185, 4
1348026.957660, 4
1348026.978130, 4
1348026.998599, 4
1348027.019070, 4
1348027.039538, 4
1348027.060006, 4
1348027.080478, 4
1348027.100949, 4
1348027.121420, 4
1348027.142140, 4
1348027.162633, 4
1348027.183106, 4
1348027.203577, 4
1348027.224047, 4
1348027.244521, 4
1348027.264990, 4
1348027.285470, 4
1348027.305939, 4
1348027.326408, 4
1348027.346876, 4
1348027.367345, 4
1348027.387819, 4
1348027.408299, 4
1348027.428775, 4
1348027.449245, 4
1348027.469714, 4
1348027.490194, 4
1348027.510661, 4
1348027.531131, 4
1348027.551819, 4
1348027.572291, 4
1348027.592759, 4
1348027.613230, 4
1348027.633703, 4
1348027.654200, 4
1348027.674679, 4
1348027.695163, 4
1348027.715639, 4
1348027.736114, 4
1348027.756592, 4
1348027.777063, 4
1348027.797534, 4
1348027.818005, 4
1348027.838476, 4
1348027.858947, 4
1348027.879420, 4
1348027.899929, 4
1348027.920411, 4
1348027.940911, 4
1348027.961496, 4
1348027.981972, 4
1348028.002442, 4
1348028.022912, 4
1348028.043382, 4
1348028.063852, 4
1348028.084323, 4
1348028.104789, 4
1348028.125264, 4
1348028.145758, 4
1348028.166262, 4
1348028.186739, 4
1348028.207206, 4
1348028.227678, 4
1348028.248161, 4
1348028.268631, 4
1348028.289108, 4
1348028.309617, 4
1348028.330113, 4
1348028.350588, 4
1348028.371190, 4
1348028.391690, 4
1348028.412174, 4
1348028.432683, 4
1348028.453159, 4
1348028.473634, 4
1348028.494104, 4
1348028.514576, 4
1348028.535046, 4
1348028.555515, 4
1348028.575983, 4
1348028.596455, 4
1348028.616927, 4
1348028.637423, 4
1348028.657900, 4
1348028.678373, 4
1348028.698843, 4
1348028.719316, 4
1348028.739787, 4
1348028.760260, 4
1348028.780874, 4
1348028.801346, 4
1348028.821815, 4
1348028.842285, 4
1348028.862757, 4
1348028.883265, 4
1348028.903742, 4
1348028.924217, 4
1348028.944708, 4
1348028.965182, 4
1348028.985654, 4
1348029.006125, 4
1348029.026602, 4
1348029.047073, 4
1348029.067547, 4
1348029.088017, 4
1348029.108488, 4
1348029.129001, 4
1348029.149478, 4
1348029.169947, 4
1348029.190582, 4
1348029.211051, 4
1348029.231518, 4
1348029.251987, 4
1348029.272456, 4
1348029.292925, 4
1348029.313396, 4
1348029.333916, 4
1348029.354409, 4
1348029.374899, 4
1348029.395368, 4
1348029.415831, 4
1348029.436299, 4
1348029.456764, 4
1348029.477233, 4
1348029.497696, 4
1348029.518157, 4
1348029.538621, 4
1348029.559085, 4
1348029.579547, 4
1348029.600223, 4
1348029.620718, 4
1348029.641186, 4
1348029.661652, 4
1348029.682112, 4
1348029.702573, 4
1348029.723036, 4
1348029.743502, 4
1348029.763965, 4
1348029.784427, 4
1348029.804890, 4
1348029.825353, 4
1348029.845819, 4
1348029.866313, 4
1348029.886784, 4
1348029.907249, 4
1348029.927713, 4
1348029.948271, 4
1348029.968764, 4
1348029.989234, 4
1348030.009881, 4
1348030.030346, 4
1348030.050807, 4
1348030.071273, 4
1348030.091737, 4
1348030.112232, 4
1348030.132703, 4
1348030.153169, 4
1348030.173636, 4
1348030.194101, 4
1348030.214564, 4
1348030.235027, 4
1348030.255490, 4
1348030.275953, 4
1348030.296427, 4
1348030.316889, 4
1348030.337339, 4
1348030.357907, 4
1348030.378394, 4
1348030.398861, 4
1348030.419544, 4
1348030.440006, 4
1348030.460474, 4
1348030.480935, 4
1348030.501395, 4
1348030.521856, 4
1348030.542316, 4
1348030.562775, 4
1348030.583235, 4
1348030.603695, 4
1348030.624155, 4
1348030.644615, 4
1348030.665074, 4
1348030.685534, 4
1348030.705993, 4
1348030.726452, 4
1348030.746914, 4
1348030.767376, 4
1348030.787836, 4
1348030.808298, 4
1348030.828770, 4
1348030.849230, 4
1348030.869691, 4
1348030.890152, 4
1348030.910611, 4
1348030.931070, 4
1348030.951699, 4
1348030.972159, 4
1348030.992621, 4
1348031.013082, 4
1348031.033543, 4
1348031.054002, 4
1348031.074461, 4
1348031.094921, 4
1348031.115381, 4
1348031.135839, 4
1348031.156299, 4
1348031.176758, 4
1348031.197217, 4
1348031.217676, 4
1348031.238136, 4
1348031.258595, 4
1348031.279054, 4
1348031.299520, 4
1348031.319980, 4
1348031.340440, 4
1348031.360901, 4
1348031.381416, 4
1348031.401887, 4
1348031.422647, 4
1348031.443111, 4
1348031.463575, 4
1348031.484006, 4
1348031.504470, 4
1348031.524931, 4
1348031.545396, 4
1348031.565861, 4
1348031.586351, 4
1348031.606820, 4
1348031.627286, 4
1348031.647751, 4
1348031.668216, 4
1348031.688680, 4
1348031.709144, 4
1348031.729608, 4
1348031.750071, 4
1348031.770536, 4
1348031.790999, 4
1348031.811463, 4
1348031.831959, 4
1348031.852427, 4
1348031.872892, 4
1348031.893587, 4
1348031.914053, 4
1348031.934533, 4
1348031.955011, 4
1348031.975509, 4
1348031.995977, 4
1348032.016449, 4
1348032.036913, 4
1348032.057376, 4
1348032.077860, 4
1348032.098327, 4
1348032.118794, 4
1348032.139257, 4
1348032.159718, 4
1348032.180193, 4
1348032.200656, 4
1348032.221119, 4
1348032.241589, 4
1348032.262052, 4
1348032.282521, 4
1348032.302987, 4
1348032.323471, 4
1348032.343941, 4
1348032.364538, 4
1348032.385027, 4
1348032.405554, 4
1348032.426044, 4
1348032.446527, 4
1348032.466995, 4
1348032.487461, 4
1348032.507926, 4
1348032.528393, 4
1348032.548868, 4
1348032.569344, 4
1348032.589814, 4
1348032.610280, 4
1348032.630744, 4
1348032.651210, 4
1348032.671672, 4
1348032.692136, 4
1348032.712610, 4
1348032.733074, 4
1348032.753535, 4
1348032.774004, 4
1348032.794482, 4
1348032.814958, 4
1348032.835551, 4
1348032.856006, 4
1348032.876469, 4
1348032.896931, 4
1348032.917400, 4
1348032.937901, 4
1348032.958380, 4
1348032.978845, 4
1348032.999306, 4
1348033.019767, 4
1348033.040228, 4
1348033.060687, 4
1348033.081147, 4
1348033.101606, 4
1348033.122065, 4
1348033.142524, 4
1348033.162984, 4
1348033.183443, 4
1348033.203902, 4
1348033.224364, 4
1348033.244831, 4
1348033.265292, 4
1348033.285780, 4
1348033.306525, 4
1348033.327018, 4
1348033.347486, 4
1348033.367949, 4
1348033.388411, 4
1348033.408877, 4
1348033.429372, 4
1348033.449869, 4
1348033.470340, 4
1348033.490808, 4
1348033.511277, 4
1348033.531758, 4
1348033.552246, 4
1348033.572717, 4
1348033.593182, 4
1348033.613642, 4
1348033.634103, 4
1348033.654565, 4
1348033.675024, 4
1348033.695486, 4
1348033.715949, 4
1348033.736413, 4
1348033.756880, 4
1348033.777569, 4
1348033.798063, 4
1348033.818531, 4
1348033.838998, 4
1348033.859463, 4
1348033.879926, 4
1348033.900389, 4
1348033.920854, 4
1348033.941338, 4
1348033.961802, 4
1348033.982264, 4
1348034.002729, 4
1348034.023205, 4
1348034.043678, 4
1348034.064177, 4
1348034.084652, 4
1348034.105115, 4
1348034.125579, 4
1348034.146039, 4
1348034.166499, 4
1348034.186961, 4
1348034.207420, 4
1348034.227879, 4
1348034.248498, 4
1348034.268958, 4
1348034.289423, 4
1348034.309889, 4
1348034.330350, 4
1348034.350809, 4
1348034.371268, 4
1348034.391728, 4
1348034.412193, 4
1348034.432654, 4
1348034.453114, 4
1348034.473575, 4
1348034.494034, 4
1348034.514494, 4
1348034.534954, 4
1348034.555413, 4
1348034.575872, 4
1348034.596336, 4
1348034.616796, 4
1348034.637256, 4
1348034.657717, 4
1348034.678177, 4
1348034.698637, 4
1348034.719097, 4
1348034.739557, 4
1348034.760005, 4
1348034.780674, 4
1348034.801134, 4
1348034.821593, 4
1348034.842055, 4
1348034.862514, 4
1348034.882974, 4
1348034.903433, 4
1348034.923892, 4
1348034.944364, 4
1348034.964855, 4
1348034.985320, 4
1348035.005782, 4
1348035.026242, 4
1348035.046702, 4
1348035.067161, 4
1348035.087620, 4
1348035.108082, 4
1348035.128545, 4
1348035.149004, 4
1348035.169463, 4
1348035.189924, 4
1348035.210384, 4
1348035.230843, 4
1348035.251596, 4
1348035.272063, 4
1348035.292522, 4
1348035.312981, 4
1348035.333440, 4
1348035.353900, 4
1348035.374359, 4
1348035.394818, 4
1348035.415277, 4
1348035.435737, 4
1348035.456196, 4
1348035.476656, 4
1348035.497117, 4
1348035.517578, 4
1348035.538038, 4
1348035.558497, 4
1348035.578957, 4
1348035.599418, 4
1348035.619876, 4
1348035.640343, 4
1348035.660812, 4
1348035.681272, 4
1348035.701731, 4
1348035.722192, 4
1348035.742651, 4
1348035.763111, 4
1348035.783741, 4
1348035.804202, 4
1348035.824661, 4
1348035.845120, 4
1348035.865582, 4
1348035.886042, 4
1348035.906501, 4
1348035.926962, 4
1348035.947427, 4
1348035.967920, 4
1348035.988389, 4
1348036.008856, 4
1348036.029340, 4
1348036.049809, 4
1348036.070272, 4
1348036.090733, 4
1348036.111194, 4
1348036.131656, 4
1348036.152119, 4
1348036.172581, 4
1348036.193043, 4
1348036.213504, 4
1348036.233964, 4
1348036.254649, 4
1348036.275110, 4
1348036.295570, 4
1348036.316005, 4
1348036.336466, 4
1348036.356926, 4
1348036.377386, 4
1348036.397848, 4
1348036.418316, 4
1348036.438804, 4
1348036.459271, 4
1348036.479736, 4
1348036.500244, 4
1348036.520743, 4
1348036.541223, 4
1348036.561688, 4
1348036.582149, 4
1348036.602613, 4
1348036.623076, 4
1348036.643541, 4
1348036.664006, 4
1348036.684469, 4
1348036.704935, 4
1348036.725614, 4
1348036.746090, 4
1348036.766563, 4
1348036.787030, 4
1348036.807495, 4
1348036.827957, 4
1348036.848418, 4
1348036.868880, 4
1348036.889343, 4
1348036.909810, 4
1348036.930278, 4
1348036.950760, 4
1348036.971256, 4
1348036.991735, 4
1348037.012212, 4
1348037.032698, 4
1348037.053167, 4
1348037.073635, 4
1348037.094100, 4
1348037.114563, 4
1348037.135285, 4
1348037.155748, 4
1348037.176211, 4
1348037.196678, 4
1348037.217171, 4
1348037.237650, 4
1348037.258122, 4
1348037.278585, 4
1348037.299047, 4
1348037.319509, 4
1348037.339969, 4
1348037.360433, 4
1348037.380894, 4
1348037.401357, 4
1348037.421820, 4
1348037.442287, 4
1348037.462776, 4
1348037.483279, 4
1348037.503752, 4
1348037.524238, 4
1348037.545040, 4
1348037.565508, 4
1348037.585972, 4
1348037.606435, 4
1348037.626900, 4
1348037.647362, 4
1348037.667824, 4
1348037.688292, 4
1348037.708772, 4
1348037.729251, 4
1348037.749720, 4
1348037.770183, 4
1348037.790648, 4
1348037.811111, 4
1348037.831578, 4
1348037.852006, 4
1348037.872466, 4
1348037.892931, 4
1348037.913400, 4
1348037.933875, 4
1348037.954354, 4
1348037.974831, 4
1348037.995297, 4
1348038.015913, 4
1348038.036382, 4
1348038.056844, 4
1348038.077305, 4
1348038.097767, 4
1348038.118230, 4
1348038.138693, 4
1348038.159155, 4
1348038.179621, 4
1348038.200104, 4
1348038.220580, 4
1348038.241045, 4
1348038.261506, 4
1348038.281969, 4
1348038.302436, 4
1348038.322901, 4
1348038.343361, 4
1348038.363826, 4
1348038.384292, 4
1348038.404777, 4
1348038.425251, 4
1348038.445730, 4
1348038.466217, 4
1348038.486835, 4
1348038.507302, 4
1348038.527765, 4
1348038.548233, 4
1348038.568731, 4
1348038.589205, 4
1348038.609673, 4
1348038.630138, 4
1348038.650603, 4
1348038.671072, 4
1348038.691580, 4
1348038.712080, 4
1348038.732548, 4
1348038.753013, 4
1348038.773477, 4
1348038.793939, 4
1348038.814402, 4
1348038.834867, 4
1348038.855332, 4
1348038.875796, 4
1348038.896269, 4
1348038.916780, 4
1348038.937289, 4
1348038.957924, 4
1348038.978394, 4
1348038.998859, 4
1348039.019326, 4
1348039.039808, 4
1348039.060282, 4
1348039.080748, 4
1348039.101212, 4
1348039.121677, 4
1348039.142142, 4
1348039.162609, 4
1348039.183108, 4
1348039.203578, 4
1348039.224006, 4
1348039.244468, 4
1348039.264930, 4
1348039.285391, 4
1348039.305862, 4
1348039.326324, 4
1348039.346787, 4
1348039.367259, 4
1348039.387723, 4
1348039.408195, 4
1348039.428937, 4
1348039.449415, 4
1348039.469881, 4
1348039.490345, 4
1348039.510808, 4
1348039.531270, 4
1348039.551731, 4
1348039.572203, 4
1348039.592696, 4
1348039.613171, 4
1348039.633638, 4
1348039.654105, 4
1348039.674590, 4
1348039.695056, 4
1348039.715529, 4
1348039.735991, 4
1348039.756458, 4
1348039.776921, 4
1348039.797382, 4
1348039.817844, 4
1348039.838307, 4
1348039.858770, 4
1348039.879231, 4
1348039.899930, 4
1348039.920423, 4
1348039.940918, 4
1348039.961388, 4
1348039.981856, 4
1348040.002317, 4
1348040.022779, 4
1348040.043241, 4
1348040.063704, 4
1348040.084168, 4
1348040.104631, 4
1348040.125094, 4
1348040.145559, 4
1348040.166043, 4
1348040.186512, 4
1348040.206974, 4
1348040.227434, 4
1348040.247895, 4
1348040.268362, 4
1348040.288832, 4
1348040.309305, 4
1348040.329766, 4
1348040.350229, 4
1348040.370940, 4
1348040.391429, 4
1348040.411916, 4
1348040.432387, 4
1348040.452851, 4
1348040.473314, 4
1348040.493776, 4
1348040.514237, 4
1348040.534698, 4
1348040.555161, 4
1348040.575625, 4
1348040.596092, 4
1348040.616586, 4
1348040.637062, 4
1348040.657564, 4
1348040.678042, 4
1348040.698507, 4
1348040.718971, 4
1348040.739435, 4
1348040.759903, 4
1348040.780373, 4
1348040.800837, 4
1348040.821303, 4
1348040.841962, 4
1348040.862426, 4
1348040.882895, 4
1348040.903397, 4
1348040.923874, 4
1348040.944377, 4
1348040.964845, 4
1348040.985309, 4
1348041.005774, 4
1348041.026243, 4
1348041.046725, 4
1348041.067194, 4
1348041.087662, 4
1348041.108162, 4
1348041.128639, 4
1348041.149139, 4
1348041.169608, 4
1348041.190075, 4
1348041.210540, 4
1348041.231004, 4
1348041.251680, 4
1348041.272144, 4
1348041.292608, 4
1348041.313073, 4
1348041.333537, 4
1348041.354001, 4
1348041.374466, 4
1348041.394952, 4
1348041.415425, 4
1348041.435893, 4
1348041.456359, 4
1348041.476821, 4
1348041.497286, 4
1348041.517750, 4
1348041.538219, 4
1348041.558684, 4
1348041.579145, 4
1348041.599611, 4
1348041.620085, 4
1348041.640583, 4
1348041.661067, 4
1348041.681534, 4
1348041.702000, 4
1348041.722579, 4
1348041.743043, 4
1348041.763507, 4
1348041.783971, 4
1348041.804435, 4
1348041.824898, 4
1348041.845361, 4
1348041.865827, 4
1348041.886319, 4
1348041.906788, 4
1348041.927255, 4
1348041.947743, 4
1348041.968218, 4
1348041.988684, 4
1348042.009151, 4
1348042.029618, 4
1348042.050083, 4
1348042.070594, 4
1348042.091063, 4
1348042.111574, 4
1348042.132284, 4
1348042.152763, 4
1348042.173228, 4
1348042.193688, 4
1348042.214149, 4
1348042.234609, 4
1348042.255070, 4
1348042.275529, 4
1348042.295992, 4
1348042.316459, 4
1348042.336920, 4
1348042.357382, 4
1348042.377844, 4
1348042.398305, 4
1348042.418766, 4
1348042.439226, 4
1348042.459686, 4
1348042.480148, 4
1348042.500608, 4
1348042.521068, 4
1348042.541530, 4
1348042.561990, 4
1348042.582451, 4
1348042.603199, 4
1348042.623660, 4
1348042.644124, 4
1348042.664624, 4
1348042.685106, 4
1348042.705604, 4
1348042.726102, 4
1348042.746601, 4
1348042.767099, 4
1348042.787600, 4
1348042.808099, 4
1348042.828601, 4
1348042.849076, 4
1348042.869540, 4
1348042.890003, 4
1348042.910464, 4
1348042.930924, 4
1348042.951655, 4
1348042.972147, 4
1348042.992620, 4
1348043.013082, 4
1348043.033542, 4
1348043.054002, 4
1348043.074462, 4
1348043.094921, 4
1348043.115381, 4
1348043.135840, 4
1348043.156302, 4
1348043.176761, 4
1348043.197221, 4
1348043.217680, 4
1348043.238140, 4
1348043.258599, 4
1348043.279059, 4
1348043.299524, 4
1348043.320010, 4
1348043.340478, 4
1348043.360944, 4
1348043.381408, 4
1348043.401869, 4
1348043.422579, 4
1348043.443040, 4
1348043.463502, 4
1348043.483963, 4
1348043.504424, 4
1348043.524886, 4
1348043.545347, 4
1348043.565807, 4
1348043.586269, 4
1348043.606729, 4
1348043.627190, 4
1348043.647651, 4
1348043.668119, 4
1348043.688618, 4
1348043.709091, 4
1348043.729555, 4
1348043.750019, 4
1348043.770482, 4
1348043.790943, 4
1348043.811406, 4
1348043.831869, 4
1348043.852332, 4
1348043.872794, 4
1348043.893583, 4
1348043.914045, 4
1348043.934507, 4
1348043.954973, 4
1348043.975464, 4
1348043.995933, 4
1348044.016405, 4
1348044.036901, 4
1348044.057369, 4
1348044.077833, 4
1348044.098295, 4
1348044.118756, 4
1348044.139217, 4
1348044.159678, 4
1348044.180143, 4
1348044.200602, 4
1348044.221062, 4
1348044.241522, 4
1348044.261982, 4
1348044.282441, 4
1348044.302904, 4
1348044.323369, 4
1348044.343857, 4
1348044.364475, 4
1348044.384938, 4
1348044.405400, 4
1348044.425860, 4
1348044.446320, 4
1348044.466780, 4
1348044.487240, 4
1348044.507699, 4
1348044.528161, 4
1348044.548626, 4
1348044.569087, 4
1348044.589547, 4
1348044.610008, 4
1348044.630468, 4
1348044.650927, 4
1348044.671387, 4
1348044.691853, 4
1348044.712354, 4
1348044.732826, 4
1348044.753289, 4
1348044.773759, 4
1348044.794220, 4
1348044.814681, 4
1348044.835382, 4
1348044.855843, 4
1348044.876304, 4
1348044.896765, 4
1348044.917225, 4
1348044.937684, 4
1348044.958149, 4
1348044.978644, 4
1348044.999112, 4
1348045.019578, 4
1348045.040007, 4
1348045.060469, 4
1348045.080933, 4
1348045.101392, 4
1348045.121850, 4
1348045.142310, 4
1348045.162770, 4
1348045.183232, 4
1348045.203692, 4
1348045.224153, 4
1348045.244614, 4
1348045.265074, 4
1348045.285535, 4
1348045.306286, 4
1348045.326747, 4
1348045.347207, 4
1348045.367669, 4
1348045.388130, 4
1348045.408591, 4
1348045.429051, 4
1348045.449510, 4
1348045.469970, 4
1348045.490429, 4
1348045.510889, 4
1348045.531349, 4
1348045.551808, 4
1348045.572274, 4
1348045.592733, 4
1348045.613193, 4
1348045.633652, 4
1348045.654112, 4
1348045.674572, 4
1348045.695032, 4
1348045.715493, 4
1348045.735953, 4
1348045.756415, 4
1348045.776876, 4
1348045.797336, 4
1348045.817796, 4
1348045.838401, 4
1348045.858861, 4
1348045.879321, 4
1348045.899781, 4
1348045.920242, 4
1348045.940701, 4
1348045.961167, 4
1348045.981663, 4
1348046.002130, 4
1348046.022595, 4
1348046.043058, 4
1348046.063519, 4
1348046.083980, 4
1348046.104444, 4
1348046.124905, 4
1348046.145365, 4
1348046.165824, 4
1348046.186288, 4
1348046.206748, 4
1348046.227207, 4
1348046.247673, 4
1348046.268133, 4
1348046.288594, 4
1348046.309293, 4
1348046.329753, 4
1348046.350212, 4
1348046.370672, 4
1348046.391132, 4
1348046.411592, 4
1348046.432007, 4
1348046.452467, 4
1348046.472926, 4
1348046.493386, 4
1348046.513847, 4
1348046.534306, 4
1348046.554766, 4
1348046.575227, 4
1348046.595687, 4
1348046.616147, 4
1348046.636606, 4
1348046.657066, 4
1348046.677525, 4
1348046.697984, 4
1348046.718445, 4
1348046.738911, 4
1348046.759400, 4
1348046.779868, 4
1348046.800332, 4
1348046.820810, 4
1348046.841452, 4
1348046.861912, 4
1348046.882373, 4
1348046.902834, 4
1348046.923295, 4
1348046.943755, 4
1348046.964221, 4
1348046.984722, 4
1348047.005194, 4
1348047.025656, 4
1348047.046117, 4
1348047.066577, 4
1348047.087039, 4
1348047.107500, 4
1348047.127961, 4
1348047.148422, 4
1348047.168881, 4
1348047.189346, 4
1348047.209805, 4
1348047.230264, 4
1348047.250732, 4
1348047.271192, 4
1348047.291651, 4
1348047.312360, 4
1348047.332819, 4
1348047.353278, 4
1348047.373739, 4
1348047.394198, 4
1348047.414659, 4
1348047.435119, 4
1348047.455580, 4
1348047.476006, 4
1348047.496465, 4
1348047.516924, 4
1348047.537384, 4
1348047.557842, 4
1348047.578301, 4
1348047.598762, 4
1348047.619221, 4
1348047.639681, 4
1348047.660144, 4
1348047.680604, 4
1348047.701063, 4
1348047.721523, 4
1348047.741982, 4
1348047.762446, 4
1348047.782945, 4
1348047.803419, 4
1348047.823886, 4
1348047.844477, 4
1348047.864938, 4
1348047.885399, 4
1348047.905860, 4
1348047.926323, 4
1348047.946783, 4
1348047.967248, 4
1348047.987744, 4
1348048.008232, 4
1348048.028723, 4
1348048.049191, 4
1348048.069656, 4
1348048.090122, 4
1348048.110615, 4
1348048.131086, 4
1348048.151554, 4
1348048.172007, 4
1348048.192470, 4
1348048.212931, 4
1348048.233391, 4
1348048.253853, 4
1348048.274313, 4
1348048.294788, 4
1348048.315445, 4
1348048.335915, 4
1348048.356381, 4
1348048.376843, 4
1348048.397304, 4
1348048.417766, 4
1348048.438227, 4
1348048.458687, 4
1348048.479147, 4
1348048.499607, 4
1348048.520076, 4
1348048.540537, 4
1348048.560997, 4
1348048.581458, 4
1348048.601919, 4
1348048.622380, 4
1348048.642840, 4
1348048.663305, 4
1348048.683765, 4
1348048.704227, 4
1348048.724696, 4
1348048.745157, 4
1348048.765618, 4
1348048.786329, 4
1348048.806818, 4
1348048.827284, 4
1348048.847749, 4
1348048.868212, 4
1348048.888672, 4
1348048.909133, 4
1348048.929593, 4
1348048.950053, 4
1348048.970517, 4
1348048.991004, 4
1348049.011470, 4
1348049.031933, 4
1348049.052395, 4
1348049.072855, 4
1348049.093315, 4
1348049.113776, 4
1348049.134245, 4
1348049.154706, 4
1348049.175170, 4
1348049.195637, 4
1348049.216098, 4
1348049.236559, 4
1348049.257266, 4
1348049.277727, 4
1348049.298189, 4
1348049.318649, 4
1348049.339111, 4
1348049.359571, 4
1348049.380006, 4
1348049.400466, 4
1348049.420925, 4
1348049.441385, 4
1348049.461845, 4
1348049.482305, 4
1348049.502765, 4
1348049.523224, 4
1348049.543684, 4
1348049.564145, 4
1348049.584604, 4
1348049.605063, 4
1348049.625522, 4
1348049.645982, 4
1348049.666448, 4
1348049.686910, 4
1348049.707369, 4
1348049.727830, 4
1348049.748290, 4
1348049.768750, 4
1348049.789445, 4
1348049.809906, 4
1348049.830403, 4
1348049.850872, 4
1348049.871336, 4
1348049.891796, 4
1348049.912268, 4
1348049.932729, 4
1348049.953195, 4
1348049.973674, 4
1348049.994141, 4
1348050.014602, 4
1348050.035070, 4
1348050.055531, 4
1348050.075991, 4
1348050.096460, 4
1348050.116919, 4
1348050.137381, 4
1348050.157841, 4
1348050.178300, 4
1348050.198768, 4
1348050.219230, 4
1348050.239691, 4
1348050.260397, 4
1348050.280856, 4
1348050.301320, 4
1348050.321780, 4
1348050.342240, 4
1348050.362700, 4
1348050.383160, 4
1348050.403621, 4
1348050.424085, 4
1348050.444544, 4
1348050.465004, 4
1348050.485466, 4
1348050.505926, 4
1348050.526386, 4
1348050.546847, 4
1348050.567306, 4
1348050.587767, 4
1348050.608231, 4
1348050.628690, 4
1348050.649152, 4
1348050.669624, 4
1348050.690085, 4
1348050.710546, 4
1348050.731006, 4
1348050.751467, 4
1348050.771927, 4
1348050.792557, 4
1348050.813018, 4
1348050.833482, 4
1348050.853977, 4
1348050.874445, 4
1348050.894910, 4
1348050.915375, 4
1348050.935846, 4
1348050.956312, 4
1348050.976773, 4
1348050.997235, 4
1348051.017696, 4
1348051.038157, 4
1348051.058618, 4
1348051.079079, 4
1348051.099539, 4
1348051.119999, 4
1348051.140471, 4
1348051.160932, 4
1348051.181392, 4
1348051.201858, 4
1348051.222318, 4
1348051.242779, 4
1348051.263473, 4
1348051.283933, 4
1348051.304394, 4
1348051.324854, 4
1348051.345313, 4
1348051.365773, 4
1348051.386233, 4
1348051.406693, 4
1348051.427153, 4
1348051.447613, 4
1348051.468093, 4
1348051.488554, 4
1348051.509014, 4
1348051.529474, 4
1348051.549934, 4
1348051.570393, 4
1348051.590854, 4
1348051.611316, 4
1348051.631775, 4
1348051.652236, 4
1348051.672699, 4
1348051.693159, 4
1348051.713620, 4
1348051.734346, 4
1348051.754806, 4
1348051.775266, 4
1348051.795725, 4
1348051.816190, 4
1348051.836650, 4
1348051.857117, 4
1348051.877612, 4
1348051.898079, 4
1348051.918542, 4
1348051.939003, 4
1348051.959464, 4
1348051.979925, 4
1348052.000386, 4
1348052.020853, 4
1348052.041360, 4
1348052.061832, 4
1348052.082300, 4
1348052.102761, 4
1348052.123224, 4
1348052.143686, 4
1348052.164147, 4
1348052.184607, 4
1348052.205209, 4
1348052.225669, 4
1348052.246130, 4
1348052.266591, 4
1348052.287051, 4
1348052.307513, 4
1348052.327973, 4
1348052.348434, 4
1348052.368894, 4
1348052.389354, 4
1348052.409814, 4
1348052.430281, 4
1348052.450744, 4
1348052.471207, 4
1348052.491668, 4
1348052.512132, 4
1348052.532593, 4
1348052.553055, 4
1348052.573515, 4
1348052.593975, 4
1348052.614437, 4
1348052.634897, 4
1348052.655356, 4
1348052.676078, 4
1348052.696539, 4
1348052.716998, 4
1348052.737457, 4
1348052.757917, 4
1348052.778376, 4
1348052.798836, 4
1348052.819295, 4
1348052.839755, 4
1348052.860216, 4
1348052.880680, 4
1348052.901179, 4
1348052.921653, 4
1348052.942117, 4
1348052.962577, 4
1348052.983037, 4
1348053.003497, 4
1348053.023962, 4
1348053.044423, 4
1348053.064882, 4
1348053.085350, 4
1348053.105810, 4
1348053.126270, 4
1348053.146972, 4
1348053.167432, 4
1348053.187891, 4
1348053.208359, 4
1348053.228819, 4
1348053.249279, 4
1348053.269737, 4
1348053.290197, 4
1348053.310666, 4
1348053.331156, 4
1348053.351629, 4
1348053.372092, 4
1348053.392553, 4
1348053.413014, 4
1348053.433474, 4
1348053.453935, 4
1348053.474394, 4
1348053.494858, 4
1348053.515317, 4
1348053.535777, 4
1348053.556246, 4
1348053.576705, 4
1348053.597164, 4
1348053.617858, 4
1348053.638317, 4
1348053.658777, 4
1348053.679236, 4
1348053.699696, 4
1348053.720156, 4
1348053.740616, 4
1348053.761075, 4
1348053.781535, 4
1348053.801994, 4
1348053.822453, 4
1348053.842913, 4
1348053.863374, 4
1348053.883834, 4
1348053.904303, 4
1348053.924801, 4
1348053.945273, 4
1348053.965741, 4
1348053.986205, 4
1348054.006667, 4
1348054.027131, 4
1348054.047595, 4
1348054.068066, 4
1348054.088744, 4
1348054.109205, 4
1348054.129666, 4
1348054.150126, 4
1348054.170586, 4
1348054.191045, 4
1348054.211505, 4
1348054.231965, 4
1348054.252427, 4
1348054.272887, 4
1348054.293347, 4
1348054.313810, 4
1348054.334270, 4
1348054.354730, 4
1348054.375189, 4
1348054.395653, 4
1348054.416114, 4
1348054.436576, 4
1348054.457036, 4
1348054.477496, 4
1348054.497957, 4
1348054.518416, 4
1348054.538876, 4
1348054.559624, 4
1348054.580085, 4
1348054.600545, 4
1348054.621004, 4
1348054.641463, 4
1348054.661924, 4
1348054.682383, 4
1348054.702844, 4
1348054.723303, 4
1348054.743764, 4
1348054.764224, 4
1348054.784690, 4
1348054.805150, 4
1348054.825609, 4
1348054.846068, 4
1348054.866541, 4
1348054.887002, 4
1348054.907463, 4
1348054.927927, 4
1348054.948410, 4
1348054.968882, 4
1348054.989344, 4
1348055.009805, 4
1348055.030525, 4
1348055.050986, 4
1348055.071489, 4
1348055.091949, 4
1348055.112409, 4
1348055.132870, 4
1348055.153330, 4
1348055.173789, 4
1348055.194249, 4
1348055.214709, 4
1348055.235169, 4
1348055.255628, 4
1348055.276089, 4
1348055.296549, 4
1348055.317009, 4
1348055.337468, 4
1348055.357928, 4
1348055.378397, 4
1348055.398857, 4
1348055.419316, 4
1348055.439783, 4
1348055.460244, 4
1348055.480704, 4
1348055.501402, 4
1348055.521861, 4
1348055.542320, 4
1348055.562780, 4
1348055.583239, 4
1348055.603699, 4
1348055.624159, 4
1348055.644618, 4
1348055.665078, 4
1348055.685537, 4
1348055.705996, 4
1348055.726456, 4
1348055.746915, 4
1348055.767374, 4
1348055.787834, 4
1348055.808298, 4
1348055.828799, 4
1348055.849271, 4
1348055.869733, 4
1348055.890279, 4
1348055.910741, 4
1348055.931201, 4
1348055.951664, 4
1348055.972359, 4
1348055.992833, 4
1348056.013303, 4
1348056.033797, 4
1348056.054267, 4
1348056.074732, 4
1348056.095193, 4
1348056.115654, 4
1348056.136131, 4
1348056.156595, 4
1348056.177054, 4
1348056.197515, 4
1348056.217974, 4
1348056.238434, 4
1348056.258896, 4
1348056.279356, 4
1348056.299822, 4
1348056.320289, 4
1348056.340761, 4
1348056.361220, 4
1348056.381682, 4
1348056.402143, 4
1348056.422605, 4
1348056.443195, 4
1348056.463655, 4
1348056.484116, 4
1348056.504576, 4
1348056.525035, 4
1348056.545495, 4
1348056.565954, 4
1348056.586413, 4
1348056.606873, 4
1348056.627332, 4
1348056.647792, 4
1348056.668252, 4
1348056.688711, 4
1348056.709170, 4
1348056.729630, 4
1348056.750089, 4
1348056.770548, 4
1348056.791009, 4
1348056.811469, 4
1348056.831928, 4
1348056.852389, 4
1348056.872849, 4
1348056.893309, 4
1348056.913770, 4
1348056.934229, 4
1348056.954688, 4
1348056.975371, 4
1348056.995882, 4
1348057.016441, 4
1348057.036910, 4
1348057.057373, 4
1348057.077836, 4
1348057.098300, 4
1348057.119420, 4
1348057.139883, 4
1348057.160351, 4
1348057.180811, 4
1348057.201426, 4
1348057.221885, 4
1348057.242345, 4
1348057.262804, 4
1348057.283264, 4
1348057.303723, 4
1348057.324189, 4
1348057.344649, 4
1348057.365109, 4
1348057.385569, 4
1348057.406027, 4
1348057.426488, 4
1348057.446948, 4
1348057.467407, 4
1348057.487867, 4
1348057.508328, 4
1348057.528788, 4
1348057.549249, 4
1348057.569708, 4
1348057.590167, 4
1348057.610628, 4
1348057.631088, 4
1348057.651547, 4
1348057.672006, 4
1348057.692465, 4
1348057.712924, 4
1348057.733572, 4
1348057.754031, 4
1348057.774490, 4
1348057.794949, 4
1348057.815409, 4
1348057.835869, 4
1348057.856330, 4
1348057.876790, 4
1348057.897249, 4
1348057.917708, 4
1348057.938169, 4
1348057.958628, 4
1348057.979087, 4
1348057.999549, 4
1348058.020016, 4
1348058.040511, 4
1348058.060979, 4
1348058.081445, 4
1348058.101907, 4
1348058.122368, 4
1348058.142830, 4
1348058.163291, 4
1348058.183751, 4
1348058.204496, 4
1348058.224956, 4
1348058.245416, 4
1348058.265876, 4
1348058.286336, 4
1348058.306803, 4
1348058.327305, 4
1348058.347775, 4
1348058.368238, 4
1348058.388701, 4
1348058.409163, 4
1348058.429625, 4
1348058.450085, 4
1348058.470544, 4
1348058.491004, 4
1348058.511464, 4
1348058.531924, 4
1348058.552388, 4
1348058.572851, 4
1348058.593315, 4
1348058.613777, 4
1348058.634237, 4
1348058.654697, 4
1348058.675425, 4
1348058.695885, 4
1348058.716353, 4
1348058.736813, 4
1348058.757276, 4
1348058.777736, 4
1348058.798196, 4
1348058.818655, 4
1348058.839114, 4
1348058.859574, 4
1348058.880006, 4
1348058.900466, 4
1348058.920925, 4
1348058.941384, 4
1348058.961845, 4
1348058.982305, 4
1348059.002765, 4
1348059.023228, 4
1348059.043731, 4
1348059.064242, 4
1348059.084724, 4
1348059.105189, 4
1348059.125650, 4
1348059.146355, 4
1348059.166816, 4
1348059.187276, 4
1348059.207736, 4
1348059.228197, 4
1348059.248656, 4
1348059.269115, 4
1348059.289574, 4
1348059.310034, 4
1348059.330494, 4
1348059.350954, 4
1348059.371414, 4
1348059.391874, 4
1348059.412343, 4
1348059.432803, 4
1348059.453263, 4
1348059.473722, 4
1348059.494184, 4
1348059.514643, 4
1348059.535102, 4
1348059.555572, 4
1348059.576005, 4
1348059.596464, 4
1348059.616924, 4
1348059.637383, 4
1348059.657842, 4
1348059.678509, 4
1348059.698969, 4
1348059.719429, 4
1348059.739887, 4
1348059.760355, 4
1348059.780816, 4
1348059.801308, 4
1348059.821787, 4
1348059.842252, 4
1348059.862716, 4
1348059.883179, 4
1348059.903649, 4
1348059.924118, 4
1348059.944619, 4
1348059.965104, 4
1348059.985597, 4
1348060.006072, 4
1348060.026545, 4
1348060.047045, 4
1348060.067517, 4
1348060.088270, 4
1348060.108732, 4
1348060.129199, 4
1348060.149664, 4
1348060.170127, 4
1348060.190590, 4
1348060.211051, 4
1348060.231514, 4
1348060.251978, 4
1348060.272442, 4
1348060.292927, 4
1348060.313396, 4
1348060.333861, 4
1348060.354326, 4
1348060.374792, 4
1348060.395278, 4
1348060.415744, 4
1348060.436256, 4
1348060.456730, 4
1348060.477193, 4
1348060.497655, 4
1348060.518117, 4
1348060.538608, 4
1348060.559273, 4
1348060.579736, 4
1348060.600197, 4
1348060.620662, 4
1348060.641123, 4
1348060.661582, 4
1348060.682041, 4
1348060.702500, 4
1348060.722959, 4
1348060.743419, 4
1348060.763882, 4
1348060.784419, 4
1348060.804894, 4
1348060.825362, 4
1348060.845833, 4
1348060.866294, 4
1348060.886753, 4
1348060.907214, 4
1348060.927677, 4
1348060.948196, 4
1348060.968664, 4
1348060.989126, 4
1348061.009595, 4
1348061.030217, 4
1348061.050685, 4
1348061.071152, 4
1348061.091648, 4
1348061.112121, 4
1348061.132582, 4
1348061.153043, 4
1348061.173503, 4
1348061.193967, 4
1348061.214431, 4
1348061.234892, 4
1348061.255411, 4
1348061.275887, 4
1348061.296363, 4
1348061.316830, 4
1348061.337293, 4
1348061.357756, 4
1348061.378220, 4
1348061.398686, 4
1348061.419194, 4
1348061.439887, 4
1348061.460358, 4
1348061.480826, 4
1348061.501317, 4
1348061.521802, 4
1348061.542273, 4
1348061.562740, 4
1348061.583204, 4
1348061.603668, 4
1348061.624180, 4
1348061.644678, 4
1348061.665149, 4
1348061.685615, 4
1348061.706080, 4
1348061.726550, 4
1348061.747041, 4
1348061.767521, 4
1348061.787992, 4
1348061.808465, 4
1348061.828930, 4
1348061.849606, 4
1348061.870069, 4
1348061.890530, 4
1348061.910996, 4
1348061.931479, 4
1348061.951954, 4
1348061.972428, 4
1348061.992930, 4
1348062.013422, 4
1348062.033892, 4
1348062.054356, 4
1348062.074821, 4
1348062.095287, 4
1348062.115784, 4
1348062.136277, 4
1348062.156744, 4
1348062.177209, 4
1348062.197679, 4
1348062.218145, 4
1348062.238630, 4
1348062.259346, 4
1348062.279814, 4
1348062.300284, 4
1348062.320750, 4
1348062.341215, 4
1348062.361677, 4
1348062.382141, 4
1348062.402627, 4
1348062.423095, 4
1348062.443581, 4
1348062.464014, 4
1348062.484510, 4
1348062.505001, 4
1348062.525466, 4
1348062.545936, 4
1348062.566403, 4
1348062.586898, 4
1348062.607369, 4
1348062.627833, 4
1348062.648299, 4
1348062.669047, 4
1348062.689509, 4
1348062.709977, 4
1348062.730471, 4
1348062.750954, 4
1348062.771423, 4
1348062.791890, 4
1348062.812361, 4
1348062.832826, 4
1348062.853288, 4
1348062.873754, 4
1348062.894219, 4
1348062.914687, 4
1348062.935164, 4
1348062.955665, 4
1348062.976144, 4
1348062.996631, 4
1348063.017103, 4
1348063.037598, 4
1348063.058065, 4
1348063.078780, 4
1348063.099246, 4
1348063.119712, 4
1348063.140213, 4
1348063.160684, 4
1348063.181152, 4
1348063.201623, 4
1348063.222118, 4
1348063.242609, 4
1348063.263080, 4
1348063.283546, 4
1348063.304007, 4
1348063.324472, 4
1348063.344933, 4
1348063.365401, 4
1348063.385865, 4
1348063.406328, 4
1348063.426793, 4
1348063.447262, 4
1348063.467767, 4
1348063.488536, 4
1348063.509015, 4
1348063.529480, 4
1348063.549942, 4
1348063.570406, 4
1348063.590866, 4
1348063.611326, 4
1348063.631786, 4
1348063.652246, 4
1348063.672710, 4
1348063.693177, 4
1348063.713656, 4
1348063.734123, 4
1348063.754586, 4
1348063.775055, 4
1348063.795516, 4
1348063.815976, 4
1348063.836439, 4
1348063.856899, 4
1348063.877359, 4
1348063.897819, 4
1348063.918281, 4
1348063.938763, 4
1348063.959429, 4
1348063.979893, 4
1348064.000361, 4
1348064.020822, 4
1348064.041286, 4
1348064.061780, 4
1348064.082245, 4
1348064.102707, 4
1348064.123166, 4
1348064.143627, 4
1348064.164089, 4
1348064.184559, 4
1348064.205061, 4
1348064.225528, 4
1348064.245994, 4
1348064.266455, 4
1348064.286923, 4
1348064.307425, 4
1348064.327895, 4
1348064.348362, 4
1348064.369120, 4
1348064.389583, 4
1348064.410053, 4
1348064.430523, 4
1348064.451015, 4
1348064.471488, 4
1348064.491949, 4
1348064.512412, 4
1348064.532878, 4
1348064.553338, 4
1348064.573797, 4
1348064.594257, 4
1348064.614716, 4
1348064.635176, 4
1348064.655636, 4
1348064.676101, 4
1348064.696606, 4
1348064.717084, 4
1348064.737562, 4
1348064.758023, 4
1348064.778486, 4
1348064.798950, 4
1348064.819410, 4
1348064.840004, 4
1348064.860464, 4
1348064.880925, 4
1348064.901387, 4
1348064.921849, 4
1348064.942357, 4
1348064.962826, 4
1348064.983287, 4
1348065.003750, 4
1348065.024219, 4
1348065.044680, 4
1348065.065140, 4
1348065.085600, 4
1348065.106063, 4
1348065.126523, 4
1348065.146983, 4
1348065.167450, 4
1348065.187957, 4
1348065.208432, 4
1348065.228895, 4
1348065.249357, 4
1348065.269818, 4
1348065.290277, 4
1348065.310972, 4
1348065.331432, 4
1348065.351891, 4
1348065.372358, 4
1348065.392817, 4
1348065.413280, 4
1348065.433783, 4
1348065.454276, 4
1348065.474745, 4
1348065.495208, 4
1348065.515673, 4
1348065.536140, 4
1348065.556606, 4
1348065.577066, 4
1348065.597526, 4
1348065.617988, 4
1348065.638449, 4
1348065.658912, 4
1348065.679409, 4
1348065.699878, 4
1348065.720347, 4
1348065.740809, 4
1348065.761269, 4
1348065.781907, 4
1348065.802367, 4
1348065.822826, 4
1348065.843284, 4
1348065.863744, 4
1348065.884204, 4
1348065.904669, 4
1348065.925172, 4
1348065.945672, 4
1348065.966138, 4
1348065.986599, 4
1348066.007059, 4
1348066.027518, 4
1348066.047980, 4
1348066.068488, 4
1348066.088953, 4
1348066.109414, 4
1348066.129876, 4
1348066.150339, 4
1348066.170852, 4
1348066.191333, 4
1348066.211823, 4
1348066.232292, 4
1348066.252840, 4
1348066.273301, 4
1348066.293766, 4
1348066.314254, 4
1348066.334726, 4
1348066.355191, 4
1348066.375652, 4
1348066.396120, 4
1348066.416596, 4
1348066.437065, 4
1348066.457533, 4
1348066.477996, 4
1348066.498457, 4
1348066.518918, 4
1348066.539381, 4
1348066.559841, 4
1348066.580307, 4
1348066.600770, 4
1348066.621232, 4
1348066.641696, 4
1348066.662178, 4
1348066.682646, 4
1348066.703107, 4
1348066.723769, 4
1348066.744231, 4
1348066.764690, 4
1348066.785149, 4
1348066.805608, 4
1348066.826068, 4
1348066.846529, 4
1348066.866988, 4
1348066.887452, 4
1348066.907934, 4
1348066.928406, 4
1348066.948907, 4
1348066.969373, 4
1348066.989834, 4
1348067.010298, 4
1348067.030791, 4
1348067.051260, 4
1348067.071727, 4
1348067.092194, 4
1348067.112653, 4
1348067.133127, 4
1348067.153633, 4
1348067.174106, 4
1348067.194705, 4
1348067.215170, 4
1348067.235663, 4
1348067.256137, 4
1348067.276601, 4
1348067.297062, 4
1348067.317523, 4
1348067.337985, 4
1348067.358449, 4
1348067.378916, 4
1348067.399392, 4
1348067.419856, 4
1348067.440317, 4
1348067.460784, 4
1348067.481243, 4
1348067.501702, 4
1348067.522162, 4
1348067.542665, 4
1348067.563128, 4
1348067.583588, 4
1348067.604006, 4
1348067.624470, 4
1348067.644972, 4
1348067.665698, 4
1348067.686169, 4
1348067.706636, 4
1348067.727098, 4
1348067.747566, 4
1348067.768005, 4
1348067.788469, 4
1348067.808932, 4
1348067.829393, 4
1348067.849859, 4
1348067.870324, 4
1348067.890866, 4
1348067.911343, 4
1348067.931835, 4
1348067.952331, 4
1348067.972802, 4
1348067.993285, 4
1348068.013755, 4
1348068.034220, 4
1348068.054692, 4
1348068.075365, 4
1348068.095831, 4
1348068.116298, 4
1348068.136780, 4
1348068.157248, 4
1348068.177713, 4
1348068.198179, 4
1348068.218643, 4
1348068.239108, 4
1348068.259596, 4
1348068.280092, 4
1348068.300561, 4
1348068.321031, 4
1348068.341497, 4
1348068.361965, 4
1348068.382450, 4
1348068.402936, 4
1348068.423412, 4
1348068.443881, 4
1348068.464350, 4
1348068.485071, 4
1348068.505535, 4
1348068.525997, 4
1348068.546461, 4
1348068.566926, 4
1348068.587414, 4
1348068.607890, 4
1348068.628376, 4
1348068.648852, 4
1348068.669317, 4
1348068.689784, 4
1348068.710249, 4
1348068.730714, 4
1348068.751177, 4
1348068.771642, 4
1348068.792108, 4
1348068.812573, 4
1348068.833040, 4
1348068.853506, 4
1348068.873999, 4
1348068.894736, 4
1348068.915205, 4
1348068.935698, 4
1348068.956189, 4
1348068.976658, 4
1348068.997134, 4
1348069.017601, 4
1348069.038065, 4
1348069.058528, 4
1348069.078992, 4
1348069.099461, 4
1348069.119932, 4
1348069.140399, 4
1348069.160863, 4
1348069.181328, 4
1348069.201790, 4
1348069.222255, 4
1348069.242729, 4
1348069.263197, 4
1348069.283679, 4
1348069.304446, 4
1348069.324913, 4
1348069.345381, 4
1348069.365858, 4
1348069.386326, 4
1348069.406790, 4
1348069.427255, 4
1348069.447721, 4
1348069.468191, 4
1348069.488654, 4
1348069.509117, 4
1348069.529581, 4
1348069.550044, 4
1348069.570507, 4
1348069.590977, 4
1348069.611463, 4
1348069.631932, 4
1348069.652406, 4
1348069.672871, 4
1348069.693334, 4
1348069.713805, 4
1348069.734266, 4
1348069.754733, 4
1348069.775329, 4
1348069.795794, 4
1348069.816262, 4
1348069.836726, 4
1348069.857204, 4
1348069.877669, 4
1348069.898136, 4
1348069.918605, 4
1348069.939098, 4
1348069.959574, 4
1348069.980007, 4
1348070.000509, 4
1348070.020980, 4
1348070.041446, 4
1348070.061915, 4
1348070.082381, 4
1348070.102899, 4
1348070.123378, 4
1348070.143845, 4
1348070.164312, 4
1348070.184989, 4
1348070.205453, 4
1348070.225916, 4
1348070.246379, 4
1348070.266843, 4
1348070.287308, 4
1348070.307823, 4
1348070.328299, 4
1348070.348788, 4
1348070.369263, 4
1348070.389766, 4
1348070.410236, 4
1348070.430705, 4
1348070.451169, 4
1348070.471631, 4
1348070.492099, 4
1348070.512563, 4
1348070.533032, 4
1348070.553495, 4
1348070.573959, 4
1348070.594703, 4
1348070.615173, 4
1348070.635639, 4
1348070.656101, 4
1348070.676564, 4
1348070.697029, 4
1348070.717493, 4
1348070.737955, 4
1348070.758418, 4
1348070.778879, 4
1348070.799346, 4
1348070.819815, 4
1348070.840318, 4
1348070.860786, 4
1348070.881258, 4
1348070.901740, 4
1348070.922222, 4
1348070.942698, 4
1348070.963168, 4
1348070.983633, 4
1348071.004405, 4
1348071.024903, 4
1348071.045374, 4
1348071.065840, 4
1348071.086329, 4
1348071.106801, 4
1348071.127300, 4
1348071.147774, 4
1348071.168241, 4
1348071.188703, 4
1348071.209167, 4
1348071.229632, 4
1348071.250096, 4
1348071.270560, 4
1348071.291029, 4
1348071.311496, 4
1348071.332006, 4
1348071.352485, 4
1348071.372954, 4
1348071.393420, 4
1348071.414050, 4
1348071.434511, 4
1348071.454974, 4
1348071.475439, 4
1348071.495902, 4
1348071.516418, 4
1348071.536890, 4
1348071.557355, 4
1348071.577821, 4
1348071.598282, 4
1348071.618742, 4
1348071.639201, 4
1348071.659662, 4
1348071.680124, 4
1348071.700597, 4
1348071.721058, 4
1348071.741517, 4
1348071.761979, 4
1348071.782439, 4
1348071.802899, 4
1348071.823359, 4
1348071.843819, 4
1348071.864283, 4
1348071.884907, 4
1348071.905366, 4
1348071.925826, 4
1348071.946286, 4
1348071.966747, 4
1348071.987208, 4
1348072.007672, 4
1348072.028153, 4
1348072.048620, 4
1348072.069085, 4
1348072.089545, 4
1348072.110006, 4
1348072.132648, 4
1348072.153288, 4
1348072.173747, 4
1348072.194207, 4
1348072.214667, 4
1348072.235126, 4
1348072.255585, 4
1348072.276007, 4
1348072.296474, 4
1348072.316938, 4
1348072.337402, 4
1348072.357885, 4
1348072.378361, 4
1348072.398824, 4
1348072.419285, 4
1348072.439751, 4
1348072.460212, 4
1348072.480672, 4
1348072.501133, 4
1348072.521592, 4
1348072.542053, 4
1348072.562514, 4
1348072.582976, 4
1348072.603435, 4
1348072.624177, 4
1348072.644637, 4
1348072.665096, 4
1348072.685557, 4
1348072.706016, 4
1348072.726475, 4
1348072.746934, 4
1348072.767393, 4
1348072.787854, 4
1348072.808315, 4
1348072.828775, 4
1348072.849234, 4
1348072.869693, 4
1348072.890151, 4
1348072.910611, 4
1348072.931070, 4
1348072.951530, 4
1348072.971990, 4
1348072.992457, 4
1348073.012917, 4
1348073.033386, 4
1348073.053847, 4
1348073.074308, 4
1348073.094769, 4
1348073.115229, 4
1348073.135688, 4
1348073.156298, 4
1348073.176757, 4
1348073.197218, 4
1348073.217677, 4
1348073.238135, 4
1348073.258595, 4
1348073.279055, 4
1348073.299514, 4
1348073.319977, 4
1348073.340464, 4
1348073.360944, 4
1348073.381445, 4
1348073.401917, 4
1348073.422388, 4
1348073.442854, 4
1348073.463316, 4
1348073.483776, 4
1348073.504239, 4
1348073.524706, 4
1348073.545166, 4
1348073.565626, 4
1348073.586086, 4
1348073.606547, 4
1348073.627201, 4
1348073.647661, 4
1348073.668122, 4
1348073.688582, 4
1348073.709041, 4
1348073.729501, 4
1348073.749960, 4
1348073.770421, 4
1348073.790880, 4
1348073.811343, 4
1348073.831804, 4
1348073.852271, 4
1348073.872730, 4
1348073.893190, 4
1348073.913649, 4
1348073.934114, 4
1348073.954575, 4
1348073.975037, 4
1348073.995496, 4
1348074.015957, 4
1348074.036418, 4
1348074.056878, 4
1348074.077338, 4
1348074.098090, 4
1348074.118549, 4
1348074.139008, 4
1348074.159468, 4
1348074.179927, 4
1348074.200387, 4
1348074.220847, 4
1348074.241306, 4
1348074.261771, 4
1348074.282230, 4
1348074.302689, 4
1348074.323151, 4
1348074.343611, 4
1348074.364077, 4
1348074.384540, 4
1348074.405043, 4
1348074.425514, 4
1348074.445981, 4
1348074.466442, 4
1348074.486903, 4
1348074.507371, 4
1348074.527832, 4
1348074.548299, 4
1348074.568976, 4
1348074.589436, 4
1348074.609896, 4
1348074.630356, 4
1348074.650815, 4
1348074.671274, 4
1348074.691734, 4
1348074.712198, 4
1348074.732658, 4
1348074.753121, 4
1348074.773598, 4
1348074.794060, 4
1348074.814520, 4
1348074.834980, 4
1348074.855439, 4
1348074.875898, 4
1348074.896360, 4
1348074.916822, 4
1348074.937281, 4
1348074.957741, 4
1348074.978201, 4
1348074.998661, 4
1348075.019120, 4
1348075.039855, 4
1348075.060316, 4
1348075.080775, 4
1348075.101234, 4
1348075.121694, 4
1348075.142153, 4
1348075.162612, 4
1348075.183071, 4
1348075.203531, 4
1348075.223990, 4
1348075.244456, 4
1348075.264916, 4
1348075.285375, 4
1348075.305834, 4
1348075.326293, 4
1348075.346752, 4
1348075.367211, 4
1348075.387672, 4
1348075.408135, 4
1348075.428625, 4
1348075.449093, 4
1348075.469556, 4
1348075.490022, 4
1348075.510740, 4
1348075.531200, 4
1348075.551661, 4
1348075.572121, 4
1348075.592581, 4
1348075.613040, 4
1348075.633500, 4
1348075.653960, 4
1348075.674419, 4
1348075.694879, 4
1348075.715338, 4
1348075.735798, 4
1348075.756265, 4
1348075.776724, 4
1348075.797185, 4
1348075.817644, 4
1348075.838104, 4
1348075.858565, 4
1348075.879025, 4
1348075.899485, 4
1348075.919946, 4
1348075.940406, 4
1348075.960867, 4
1348075.981618, 4
1348076.002078, 4
1348076.022544, 4
1348076.043044, 4
1348076.063519, 4
1348076.083985, 4
1348076.104449, 4
1348076.124910, 4
1348076.145370, 4
1348076.165831, 4
1348076.186291, 4
1348076.206750, 4
1348076.227210, 4
1348076.247670, 4
1348076.268141, 4
1348076.288601, 4
1348076.309061, 4
1348076.329526, 4
1348076.349988, 4
1348076.370450, 4
1348076.390911, 4
1348076.411372, 4
1348076.431838, 4
1348076.452575, 4
1348076.473047, 4
1348076.493514, 4
1348076.513976, 4
1348076.534442, 4
1348076.554902, 4
1348076.575362, 4
1348076.595821, 4
1348076.616285, 4
1348076.636743, 4
1348076.657204, 4
1348076.677665, 4
1348076.698126, 4
1348076.718585, 4
1348076.739047, 4
1348076.759506, 4
1348076.779966, 4
1348076.800428, 4
1348076.820892, 4
1348076.841352, 4
1348076.861813, 4
1348076.882273, 4
1348076.902733, 4
1348076.923327, 4
1348076.943788, 4
1348076.964251, 4
1348076.984711, 4
1348077.005171, 4
1348077.025630, 4
1348077.046090, 4
1348077.066550, 4
1348077.087009, 4
1348077.107469, 4
1348077.127929, 4
1348077.148390, 4
1348077.168850, 4
1348077.189311, 4
1348077.209771, 4
1348077.230230, 4
1348077.250690, 4
1348077.271151, 4
1348077.291611, 4
1348077.312077, 4
1348077.332539, 4
1348077.352999, 4
1348077.373458, 4
1348077.394182, 4
1348077.414642, 4
1348077.435101, 4
1348077.455564, 4
1348077.476011, 4
1348077.496478, 4
1348077.516941, 4
1348077.537403, 4
1348077.557864, 4
1348077.578325, 4
1348077.598786, 4
1348077.619246, 4
1348077.639707, 4
1348077.660175, 4
1348077.680638, 4
1348077.701098, 4
1348077.721558, 4
1348077.742019, 4
1348077.762479, 4
1348077.782939, 4
1348077.803401, 4
1348077.823861, 4
1348077.844329, 4
1348077.865037, 4
1348077.885499, 4
1348077.905961, 4
1348077.926421, 4
1348077.946882, 4
1348077.967343, 4
1348077.987802, 4
1348078.008272, 4
1348078.028734, 4
1348078.049196, 4
1348078.069660, 4
1348078.090120, 4
1348078.110581, 4
1348078.131042, 4
1348078.151504, 4
1348078.171964, 4
1348078.192426, 4
1348078.212889, 4
1348078.233351, 4
1348078.253812, 4
1348078.274273, 4
1348078.294740, 4
1348078.315243, 4
1348078.335931, 4
1348078.356398, 4
1348078.376860, 4
1348078.397322, 4
1348078.417808, 4
1348078.438268, 4
1348078.458729, 4
1348078.479194, 4
1348078.499690, 4
1348078.520202, 4
1348078.540680, 4
1348078.561146, 4
1348078.581611, 4
1348078.602074, 4
1348078.622539, 4
1348078.643004, 4
1348078.663468, 4
1348078.683931, 4
1348078.704393, 4
1348078.724856, 4
1348078.745509, 4
1348078.765971, 4
1348078.786432, 4
1348078.806894, 4
1348078.827411, 4
1348078.847872, 4
1348078.868335, 4
1348078.888797, 4
1348078.909258, 4
1348078.929719, 4
1348078.950181, 4
1348078.970642, 4
1348078.991104, 4
1348079.011565, 4
1348079.032006, 4
1348079.052466, 4
1348079.072924, 4
1348079.093385, 4
1348079.113845, 4
1348079.134305, 4
1348079.154766, 4
1348079.175228, 4
1348079.195689, 4
1348079.216367, 4
1348079.236829, 4
1348079.257288, 4
1348079.277747, 4
1348079.298206, 4
1348079.318665, 4
1348079.339125, 4
1348079.359584, 4
1348079.380007, 4
1348079.400467, 4
1348079.420943, 4
1348079.441404, 4
1348079.461864, 4
1348079.482324, 4
1348079.502787, 4
1348079.523281, 4
1348079.543764, 4
1348079.564235, 4
1348079.584701, 4
1348079.605163, 4
1348079.625630, 4
1348079.646108, 4
1348079.666568, 4
1348079.687240, 4
1348079.707700, 4
1348079.728161, 4
1348079.748623, 4
1348079.769085, 4
1348079.789545, 4
1348079.810005, 4
1348079.830465, 4
1348079.850938, 4
1348079.871399, 4
1348079.891859, 4
1348079.912320, 4
1348079.932780, 4
1348079.953241, 4
1348079.973701, 4
1348079.994161, 4
1348080.014626, 4
1348080.035125, 4
1348080.055591, 4
1348080.076065, 4
1348080.096529, 4
1348080.116989, 4
1348080.137451, 4
1348080.158102, 4
1348080.178562, 4
1348080.199024, 4
1348080.219484, 4
1348080.239944, 4
1348080.260404, 4
1348080.280864, 4
1348080.301325, 4
1348080.321791, 4
1348080.342251, 4
1348080.362711, 4
1348080.383171, 4
1348080.403632, 4
1348080.424094, 4
1348080.444554, 4
1348080.465013, 4
1348080.485473, 4
1348080.505934, 4
1348080.526398, 4
1348080.546891, 4
1348080.567361, 4
1348080.587824, 4
1348080.608286, 4
1348080.629010, 4
1348080.649471, 4
1348080.669931, 4
1348080.690390, 4
1348080.710851, 4
1348080.731311, 4
1348080.751771, 4
1348080.772233, 4
1348080.792694, 4
1348080.813154, 4
1348080.833614, 4
1348080.854075, 4
1348080.874535, 4
1348080.894995, 4
1348080.915455, 4
1348080.935916, 4
1348080.956377, 4
1348080.976837, 4
1348080.997297, 4
1348081.017757, 4
1348081.038218, 4
1348081.058678, 4
1348081.079138, 4
1348081.099600, 4
1348081.120067, 4
1348081.140528, 4
1348081.161285, 4
1348081.181745, 4
1348081.202205, 4
1348081.222665, 4
1348081.243125, 4
1348081.263586, 4
1348081.284006, 4
1348081.304466, 4
1348081.324927, 4
1348081.345388, 4
1348081.365850, 4
1348081.386311, 4
1348081.406771, 4
1348081.427231, 4
1348081.447691, 4
1348081.468152, 4
1348081.488611, 4
1348081.509071, 4
1348081.529530, 4
1348081.549996, 4
1348081.570483, 4
1348081.590949, 4
1348081.611412, 4
1348081.631880, 4
1348081.652348, 4
1348081.672809, 4
1348081.693495, 4
1348081.713954, 4
1348081.734414, 4
1348081.754874, 4
1348081.775334, 4
1348081.795794, 4
1348081.816256, 4
1348081.836716, 4
1348081.857176, 4
1348081.877636, 4
1348081.898096, 4
1348081.918556, 4
1348081.939016, 4
1348081.959475, 4
1348081.979935, 4
1348082.000395, 4
1348082.020854, 4
1348082.041316, 4
1348082.061775, 4
1348082.082235, 4
1348082.102705, 4
1348082.123166, 4
1348082.143626, 4
1348082.164088, 4
1348082.184548, 4
1348082.205008, 4
1348082.225644, 4
1348082.246105, 4
1348082.266565, 4
1348082.287024, 4
1348082.307484, 4
1348082.327945, 4
1348082.348406, 4
1348082.368866, 4
1348082.389325, 4
1348082.409785, 4
1348082.430244, 4
1348082.450703, 4
1348082.471163, 4
1348082.491623, 4
1348082.512084, 4
1348082.532544, 4
1348082.553003, 4
1348082.573469, 4
1348082.593956, 4
1348082.614427, 4
1348082.634893, 4
1348082.655354, 4
1348082.675814, 4
1348082.696279, 4
1348082.716740, 4
1348082.737200, 4
1348082.757802, 4
1348082.778262, 4
1348082.798722, 4
1348082.819182, 4
1348082.839642, 4
1348082.860103, 4
1348082.880563, 4
1348082.901024, 4
1348082.921484, 4
1348082.941944, 4
1348082.962403, 4
1348082.982863, 4
1348083.003322, 4
1348083.023782, 4
1348083.044243, 4
1348083.064703, 4
1348083.085163, 4
1348083.105624, 4
1348083.126084, 4
1348083.146544, 4
1348083.167004, 4
1348083.187465, 4
1348083.207924, 4
1348083.228385, 4
1348083.248844, 4
1348083.269304, 4
1348083.289928, 4
1348083.310388, 4
1348083.330852, 4
1348083.351355, 4
1348083.371825, 4
1348083.392290, 4
1348083.412752, 4
1348083.433212, 4
1348083.453673, 4
1348083.474133, 4
1348083.494593, 4
1348083.515053, 4
1348083.535513, 4
1348083.555973, 4
1348083.576433, 4
1348083.596895, 4
1348083.617385, 4
1348083.637887, 4
1348083.658355, 4
1348083.678818, 4
1348083.699281, 4
1348083.719742, 4
1348083.740204, 4
1348083.760856, 4
1348083.781316, 4
1348083.801776, 4
1348083.822236, 4
1348083.842696, 4
1348083.863156, 4
1348083.883616, 4
1348083.904078, 4
1348083.924538, 4
1348083.944998, 4
1348083.965457, 4
1348083.985916, 4
1348084.006382, 4
1348084.026876, 4
1348084.047344, 4
1348084.067806, 4
1348084.088289, 4
1348084.108754, 4
1348084.129215, 4
1348084.149676, 4
1348084.170137, 4
1348084.190597, 4
1348084.211056, 4
1348084.231779, 4
1348084.252240, 4
1348084.272699, 4
1348084.293160, 4
1348084.313620, 4
1348084.334082, 4
1348084.354542, 4
1348084.375002, 4
1348084.395462, 4
1348084.415923, 4
1348084.436385, 4
1348084.456847, 4
1348084.477306, 4
1348084.497766, 4
1348084.518225, 4
1348084.538687, 4
1348084.559146, 4
1348084.579608, 4
1348084.600076, 4
1348084.620538, 4
1348084.641036, 4
1348084.661526, 4
1348084.682000, 4
1348084.702719, 4
1348084.723180, 4
1348084.743640, 4
1348084.764101, 4
1348084.784560, 4
1348084.805021, 4
1348084.825481, 4
1348084.845941, 4
1348084.866401, 4
1348084.886861, 4
1348084.907321, 4
1348084.927781, 4
1348084.948242, 4
1348084.968702, 4
1348084.989162, 4
1348085.009621, 4
1348085.030081, 4
1348085.050542, 4
1348085.071002, 4
1348085.091462, 4
1348085.111931, 4
1348085.132392, 4
1348085.152851, 4
1348085.173313, 4
1348085.193773, 4
1348085.214233, 4
1348085.234862, 4
1348085.255320, 4
1348085.275779, 4
1348085.296239, 4
1348085.316699, 4
1348085.337159, 4
1348085.357618, 4
1348085.378077, 4
1348085.398536, 4
1348085.418996, 4
1348085.439455, 4
1348085.459914, 4
1348085.480374, 4
1348085.500835, 4
1348085.521294, 4
1348085.541753, 4
1348085.562212, 4
1348085.582673, 4
1348085.603133, 4
1348085.623593, 4
1348085.644012, 4
1348085.664497, 4
1348085.684967, 4
1348085.705434, 4
1348085.725895, 4
1348085.746356, 4
1348085.767019, 4
1348085.787479, 4
1348085.807948, 4
1348085.828451, 4
1348085.848918, 4
1348085.869381, 4
1348085.889842, 4
1348085.910302, 4
1348085.930763, 4
1348085.951223, 4
1348085.971684, 4
1348085.992145, 4
1348086.012606, 4
1348086.033066, 4
1348086.053526, 4
1348086.073990, 4
1348086.094449, 4
1348086.114919, 4
1348086.135378, 4
1348086.155838, 4
1348086.176302, 4
1348086.196763, 4
1348086.217223, 4
1348086.237918, 4
1348086.258378, 4
1348086.278838, 4
1348086.299297, 4
1348086.319762, 4
1348086.340225, 4
1348086.360685, 4
1348086.381144, 4
1348086.401605, 4
1348086.422064, 4
1348086.442525, 4
1348086.462984, 4
1348086.483443, 4
1348086.503903, 4
1348086.524369, 4
1348086.544828, 4
1348086.565289, 4
1348086.585751, 4
1348086.606211, 4
1348086.626670, 4
1348086.647131, 4
1348086.667592, 4
1348086.688101, 4
1348086.708820, 4
1348086.729287, 4
1348086.749748, 4
1348086.770210, 4
1348086.790671, 4
1348086.811132, 4
1348086.831593, 4
1348086.852063, 4
1348086.872523, 4
1348086.892984, 4
1348086.913444, 4
1348086.933906, 4
1348086.954365, 4
1348086.974825, 4
1348086.995285, 4
1348087.015745, 4
1348087.036206, 4
1348087.056670, 4
1348087.077131, 4
1348087.097591, 4
1348087.118060, 4
1348087.138519, 4
1348087.158979, 4
1348087.179689, 4
1348087.200150, 4
1348087.220610, 4
1348087.241069, 4
1348087.261534, 4
1348087.281993, 4
1348087.302454, 4
1348087.322913, 4
1348087.343372, 4
1348087.363832, 4
1348087.384295, 4
1348087.404756, 4
1348087.425218, 4
1348087.445678, 4
1348087.466139, 4
1348087.486600, 4
1348087.507061, 4
1348087.527526, 4
1348087.547987, 4
1348087.568449, 4
1348087.588913, 4
1348087.609375, 4
1348087.629836, 4
1348087.650299, 4
1348087.670761, 4
1348087.691229, 4
1348087.711891, 4
1348087.732372, 4
1348087.752847, 4
1348087.773320, 4
1348087.793787, 4
1348087.814249, 4
1348087.834716, 4
1348087.855180, 4
1348087.875645, 4
1348087.896111, 4
1348087.916577, 4
1348087.937052, 4
1348087.957528, 4
1348087.977997, 4
1348087.998472, 4
1348088.018971, 4
1348088.039441, 4
1348088.059908, 4
1348088.080374, 4
1348088.100839, 4
1348088.121503, 4
1348088.141967, 4
1348088.162430, 4
1348088.182895, 4
1348088.203359, 4
1348088.223826, 4
1348088.244332, 4
1348088.264830, 4
1348088.285329, 4
1348088.305828, 4
1348088.326329, 4
1348088.346828, 4
1348088.367300, 4
1348088.387769, 4
1348088.408238, 4
1348088.428700, 4
1348088.449165, 4
1348088.469628, 4
1348088.490089, 4
1348088.510551, 4
1348088.531195, 4
1348088.551656, 4
1348088.572120, 4
1348088.592581, 4
1348088.613043, 4
1348088.633504, 4
1348088.653965, 4
1348088.674427, 4
1348088.694888, 4
1348088.715352, 4
1348088.735849, 4
1348088.756365, 4
1348088.776846, 4
1348088.797312, 4
1348088.817785, 4
1348088.838249, 4
1348088.858712, 4
1348088.879176, 4
1348088.899640, 4
1348088.920104, 4
1348088.940568, 4
1348088.961030, 4
1348088.981492, 4
1348089.002146, 4
1348089.022608, 4
1348089.043070, 4
1348089.063532, 4
1348089.083994, 4
1348089.104463, 4
1348089.124926, 4
1348089.145388, 4
1348089.165850, 4
1348089.186311, 4
1348089.206773, 4
1348089.227235, 4
1348089.247696, 4
1348089.268159, 4
1348089.288620, 4
1348089.309081, 4
1348089.329542, 4
1348089.350005, 4
1348089.370466, 4
1348089.390927, 4
1348089.411391, 4
1348089.431853, 4
1348089.452315, 4
1348089.472777, 4
1348089.493239, 4
1348089.513701, 4
1348089.534347, 4
1348089.554810, 4
1348089.575271, 4
1348089.595733, 4
1348089.616196, 4
1348089.636657, 4
1348089.657119, 4
1348089.677581, 4
1348089.698042, 4
1348089.718504, 4
1348089.738965, 4
1348089.759463, 4
1348089.779955, 4
1348089.800426, 4
1348089.820891, 4
1348089.841353, 4
1348089.861816, 4
1348089.882280, 4
1348089.902741, 4
1348089.923204, 4
1348089.943666, 4
1348089.964129, 4
1348089.984591, 4
1348090.005058, 4
1348090.025555, 4
1348090.046051, 4
1348090.066627, 4
1348090.087104, 4
1348090.107569, 4
1348090.128006, 4
1348090.148472, 4
1348090.168938, 4
1348090.189407, 4
1348090.209907, 4
1348090.230392, 4
1348090.250863, 4
1348090.271329, 4
1348090.291795, 4
1348090.312266, 4
1348090.332730, 4
1348090.353194, 4
1348090.373660, 4
1348090.394148, 4
1348090.414625, 4
1348090.435100, 4
1348090.455579, 4
1348090.476339, 4
1348090.496808, 4
1348090.517273, 4
1348090.537734, 4
1348090.558199, 4
1348090.578665, 4
1348090.599141, 4
1348090.619610, 4
1348090.640077, 4
1348090.660540, 4
1348090.681007, 4
1348090.701487, 4
1348090.721977, 4
1348090.742449, 4
1348090.762922, 4
1348090.783414, 4
1348090.803886, 4
1348090.824387, 4
1348090.844855, 4
1348090.865322, 4
1348090.886050, 4
1348090.906514, 4
1348090.926980, 4
1348090.947476, 4
1348090.967973, 4
1348090.988446, 4
1348091.008934, 4
1348091.029422, 4
1348091.049893, 4
1348091.070361, 4
1348091.090825, 4
1348091.111291, 4
1348091.131775, 4
1348091.152244, 4
1348091.172715, 4
1348091.193206, 4
1348091.213692, 4
1348091.234163, 4
1348091.254629, 4
1348091.275095, 4
1348091.295784, 4
1348091.316247, 4
1348091.336712, 4
1348091.357175, 4
1348091.377638, 4
1348091.398101, 4
1348091.418569, 4
1348091.439051, 4
1348091.459539, 4
1348091.480006, 4
1348091.500470, 4
1348091.520933, 4
1348091.541397, 4
1348091.561860, 4
1348091.582320, 4
1348091.602785, 4
1348091.623249, 4
1348091.643712, 4
1348091.664188, 4
1348091.684668, 4
1348091.705144, 4
1348091.725611, 4
1348091.746073, 4
1348091.766828, 4
1348091.787298, 4
1348091.807784, 4
1348091.828256, 4
1348091.848720, 4
1348091.869186, 4
1348091.889649, 4
1348091.910115, 4
1348091.930594, 4
1348091.951075, 4
1348091.971544, 4
1348091.992008, 4
1348092.012488, 4
1348092.032957, 4
1348092.053422, 4
1348092.073886, 4
1348092.094354, 4
1348092.114827, 4
1348092.135291, 4
1348092.155759, 4
1348092.176250, 4
1348092.196730, 4
1348092.217198, 4
1348092.237757, 4
1348092.258239, 4
1348092.278707, 4
1348092.299173, 4
1348092.319638, 4
1348092.340103, 4
1348092.360565, 4
1348092.381029, 4
1348092.401519, 4
1348092.422009, 4
1348092.442504, 4
1348092.462979, 4
1348092.483445, 4
1348092.503911, 4
1348092.524376, 4
1348092.544839, 4
1348092.565302, 4
1348092.585770, 4
1348092.606253, 4
1348092.626720, 4
1348092.647473, 4
1348092.667954, 4
1348092.688433, 4
1348092.708900, 4
1348092.729364, 4
1348092.749828, 4
1348092.770293, 4
1348092.790756, 4
1348092.811223, 4
1348092.831710, 4
1348092.852187, 4
1348092.872657, 4
1348092.893125, 4
1348092.913614, 4
1348092.934105, 4
1348092.954602, 4
1348092.975072, 4
1348092.995545, 4
1348093.016007, 4
1348093.036480, 4
1348093.056953, 4
1348093.077419, 4
1348093.097883, 4
1348093.118608, 4
1348093.139079, 4
1348093.159560, 4
1348093.180065, 4
1348093.200534, 4
1348093.220999, 4
1348093.241464, 4
1348093.261929, 4
1348093.282394, 4
1348093.302859, 4
1348093.323323, 4
1348093.343794, 4
1348093.364262, 4
1348093.384729, 4
1348093.405235, 4
1348093.425721, 4
1348093.446188, 4
1348093.466657, 4
1348093.487122, 4
1348093.507586, 4
1348093.528004, 4
1348093.548465, 4
1348093.568932, 4
1348093.589663, 4
1348093.610125, 4
1348093.630592, 4
1348093.651073, 4
1348093.671558, 4
1348093.692005, 4
1348093.712472, 4
1348093.732936, 4
1348093.753398, 4
1348093.773862, 4
1348093.794326, 4
1348093.814789, 4
1348093.835257, 4
1348093.855743, 4
1348093.876216, 4
1348093.896713, 4
1348093.917190, 4
1348093.937678, 4
1348093.958175, 4
1348093.978644, 4
1348093.999375, 4
1348094.019874, 4
1348094.040354, 4
1348094.060819, 4
1348094.081283, 4
1348094.101749, 4
1348094.122217, 4
1348094.142707, 4
1348094.163177, 4
1348094.183642, 4
1348094.204108, 4
1348094.224574, 4
1348094.245037, 4
1348094.265501, 4
1348094.285970, 4
1348094.306436, 4
1348094.326906, 4
1348094.347371, 4
1348094.367840, 4
1348094.388338, 4
1348094.408812, 4
1348094.429280, 4
1348094.449744, 4
1348094.470343, 4
1348094.490807, 4
1348094.511271, 4
1348094.531736, 4
1348094.552197, 4
1348094.572662, 4
1348094.593128, 4
1348094.613606, 4
1348094.634092, 4
1348094.654558, 4
1348094.675028, 4
1348094.695490, 4
1348094.715953, 4
1348094.736420, 4
1348094.756882, 4
1348094.777345, 4
1348094.797806, 4
1348094.818277, 4
1348094.838741, 4
1348094.859209, 4
1348094.879700, 4
1348094.900173, 4
1348094.920642, 4
1348094.941336, 4
1348094.961804, 4
1348094.982269, 4
1348095.002735, 4
1348095.023235, 4
1348095.043721, 4
1348095.064197, 4
1348095.084663, 4
1348095.105128, 4
1348095.125613, 4
1348095.146083, 4
1348095.166548, 4
1348095.187013, 4
1348095.207474, 4
1348095.227938, 4
1348095.248404, 4
1348095.268868, 4
1348095.289335, 4
1348095.309797, 4
1348095.330260, 4
1348095.350727, 4
1348095.371212, 4
1348095.391679, 4
1348095.412285, 4
1348095.432750, 4
1348095.453212, 4
1348095.473680, 4
1348095.494143, 4
1348095.514606, 4
1348095.535067, 4
1348095.555532, 4
1348095.575996, 4
1348095.596469, 4
1348095.616966, 4
1348095.637441, 4
1348095.657909, 4
1348095.678374, 4
1348095.698840, 4
1348095.719305, 4
1348095.739769, 4
1348095.760238, 4
1348095.780703, 4
1348095.801166, 4
1348095.821639, 4
1348095.842103, 4
1348095.862599, 4
1348095.883276, 4
1348095.903764, 4
1348095.924236, 4
1348095.944718, 4
1348095.965188, 4
1348095.985654, 4
1348096.006132, 4
1348096.026603, 4
1348096.047067, 4
1348096.067528, 4
1348096.087992, 4
1348096.108480, 4
1348096.128950, 4
1348096.149415, 4
1348096.169881, 4
1348096.190346, 4
1348096.210809, 4
1348096.231277, 4
1348096.251741, 4
1348096.272204, 4
1348096.292671, 4
1348096.313135, 4
1348096.333601, 4
1348096.354239, 4
1348096.374712, 4
1348096.395176, 4
1348096.415644, 4
1348096.436184, 4
1348096.456688, 4
1348096.477158, 4
1348096.497623, 4
1348096.518086, 4
1348096.538552, 4
1348096.559015, 4
1348096.579481, 4
1348096.599979, 4
1348096.620482, 4
1348096.640960, 4
1348096.661424, 4
1348096.681887, 4
1348096.702352, 4
1348096.722813, 4
1348096.743278, 4
1348096.763929, 4
1348096.784393, 4
1348096.804856, 4
1348096.825321, 4
1348096.845806, 4
1348096.866276, 4
1348096.886746, 4
1348096.907212, 4
1348096.927677, 4
1348096.948162, 4
1348096.968631, 4
1348096.989101, 4
1348097.009601, 4
1348097.030087, 4
1348097.050557, 4
1348097.071025, 4
1348097.091518, 4
1348097.111990, 4
1348097.132461, 4
1348097.152930, 4
1348097.173651, 4
1348097.194114, 4
1348097.214577, 4
1348097.235041, 4
1348097.255502, 4
1348097.275966, 4
1348097.296428, 4
1348097.316894, 4
1348097.337375, 4
1348097.357841, 4
1348097.378305, 4
1348097.398767, 4
1348097.419233, 4
1348097.439697, 4
1348097.460159, 4
1348097.480620, 4
1348097.501082, 4
1348097.521555, 4
1348097.542017, 4
1348097.562479, 4
1348097.582973, 4
1348097.603446, 4
1348097.623912, 4
1348097.644564, 4
1348097.665024, 4
1348097.685486, 4
1348097.705947, 4
1348097.726409, 4
1348097.746869, 4
1348097.767332, 4
1348097.787793, 4
1348097.808256, 4
1348097.828728, 4
1348097.849193, 4
1348097.869658, 4
1348097.890122, 4
1348097.910586, 4
1348097.931059, 4
1348097.951554, 4
1348097.972006, 4
1348097.992479, 4
1348098.012960, 4
1348098.033432, 4
1348098.053907, 4
1348098.074403, 4
1348098.094870, 4
1348098.115535, 4
1348098.136006, 4
1348098.156469, 4
1348098.176931, 4
1348098.197392, 4
1348098.217854, 4
1348098.238318, 4
1348098.258779, 4
1348098.279239, 4
1348098.299702, 4
1348098.320188, 4
1348098.340665, 4
1348098.361129, 4
1348098.381593, 4
1348098.402055, 4
1348098.422516, 4
1348098.442978, 4
1348098.463487, 4
1348098.483958, 4
1348098.504423, 4
1348098.524886, 4
1348098.545349, 4
1348098.565812, 4
1348098.586477, 4
1348098.606938, 4
1348098.627400, 4
1348098.647861, 4
1348098.668324, 4
1348098.688785, 4
1348098.709246, 4
1348098.729706, 4
1348098.750167, 4
1348098.770629, 4
1348098.791090, 4
1348098.811552, 4
1348098.832005, 4
1348098.852468, 4
1348098.872929, 4
1348098.893390, 4
1348098.913851, 4
1348098.934314, 4
1348098.954776, 4
1348098.975241, 4
1348098.995705, 4
1348099.016167, 4
1348099.036628, 4
1348099.057091, 4
1348099.077553, 4
1348099.098015, 4
1348099.118644, 4
1348099.139106, 4
1348099.159568, 4
1348099.180006, 4
1348099.200468, 4
1348099.220929, 4
1348099.241390, 4
1348099.261850, 4
1348099.282312, 4
1348099.302774, 4
1348099.323234, 4
1348099.343695, 4
1348099.364159, 4
1348099.384621, 4
1348099.405084, 4
1348099.425546, 4
1348099.446007, 4
1348099.466470, 4
1348099.486933, 4
1348099.507394, 4
1348099.527856, 4
1348099.548318, 4
1348099.568780, 4
1348099.589243, 4
1348099.609706, 4
1348099.630166, 4
1348099.650808, 4
1348099.671270, 4
1348099.691731, 4
1348099.712198, 4
1348099.732658, 4
1348099.753119, 4
1348099.773580, 4
1348099.794041, 4
1348099.814502, 4
1348099.834963, 4
1348099.855424, 4
1348099.875886, 4
1348099.896356, 4
1348099.916818, 4
1348099.937279, 4
1348099.957741, 4
1348099.978202, 4
1348099.998666, 4
1348100.019134, 4
1348100.039629, 4
1348100.060100, 4
1348100.080563, 4
1348100.101025, 4
1348100.121772, 4
1348100.142233, 4
1348100.162695, 4
1348100.183156, 4
1348100.203618, 4
1348100.224085, 4
1348100.244549, 4
1348100.265010, 4
1348100.285472, 4
1348100.305935, 4
1348100.326396, 4
1348100.346859, 4
1348100.367320, 4
1348100.387795, 4
1348100.408266, 4
1348100.428727, 4
1348100.449189, 4
1348100.469652, 4
1348100.490113, 4
1348100.510575, 4
1348100.531038, 4
1348100.551499, 4
1348100.571960, 4
1348100.592424, 4
1348100.612885, 4
1348100.633347, 4
1348100.653952, 4
1348100.674414, 4
1348100.694874, 4
1348100.715334, 4
1348100.735796, 4
1348100.756264, 4
1348100.776725, 4
1348100.797191, 4
1348100.817694, 4
1348100.838163, 4
1348100.858632, 4
1348100.879095, 4
1348100.899558, 4
1348100.920005, 4
1348100.940467, 4
1348100.960929, 4
1348100.981390, 4
1348101.001858, 4
1348101.022357, 4
1348101.042832, 4
1348101.063356, 4
1348101.083836, 4
1348101.104301, 4
1348101.124941, 4
1348101.145403, 4
1348101.165866, 4
1348101.186329, 4
1348101.206791, 4
1348101.227253, 4
1348101.247715, 4
1348101.268183, 4
1348101.288645, 4
1348101.309106, 4
1348101.329568, 4
1348101.350029, 4
1348101.370492, 4
1348101.390953, 4
1348101.411418, 4
1348101.431880, 4
1348101.452349, 4
1348101.472814, 4
1348101.493275, 4
1348101.513737, 4
1348101.534201, 4
1348101.554663, 4
1348101.575124, 4
1348101.595586, 4
1348101.616006, 4
1348101.636467, 4
1348101.657135, 4
1348101.677596, 4
1348101.698059, 4
1348101.718521, 4
1348101.738983, 4
1348101.759445, 4
1348101.779907, 4
1348101.800369, 4
1348101.820831, 4
1348101.841292, 4
1348101.861754, 4
1348101.882215, 4
1348101.902677, 4
1348101.923138, 4
1348101.943599, 4
1348101.964067, 4
1348101.984528, 4
1348102.004992, 4
1348102.025456, 4
1348102.045962, 4
1348102.066439, 4
1348102.086912, 4
1348102.107375, 4
1348102.128125, 4
1348102.148588, 4
1348102.169050, 4
1348102.189512, 4
1348102.209976, 4
1348102.230437, 4
1348102.250899, 4
1348102.271360, 4
1348102.291821, 4
1348102.312284, 4
1348102.332748, 4
1348102.353210, 4
1348102.373672, 4
1348102.394133, 4
1348102.414597, 4
1348102.435061, 4
1348102.455523, 4
1348102.476010, 4
1348102.496482, 4
1348102.516946, 4
1348102.537411, 4
1348102.557872, 4
1348102.578334, 4
1348102.598796, 4
1348102.619258, 4
1348102.639719, 4
1348102.660377, 4
1348102.680839, 4
1348102.701301, 4
1348102.721781, 4
1348102.742246, 4
1348102.762708, 4
1348102.783170, 4
1348102.803632, 4
1348102.824095, 4
1348102.844557, 4
1348102.865018, 4
1348102.885481, 4
1348102.905942, 4
1348102.926403, 4
1348102.946866, 4
1348102.967328, 4
1348102.987791, 4
1348103.008262, 4
1348103.028749, 4
1348103.049221, 4
1348103.069724, 4
1348103.090217, 4
1348103.110691, 4
1348103.131316, 4
1348103.151779, 4
1348103.172243, 4
1348103.192705, 4
1348103.213166, 4
1348103.233628, 4
1348103.254090, 4
1348103.274551, 4
1348103.295013, 4
1348103.315475, 4
1348103.335939, 4
1348103.356438, 4
1348103.376907, 4
1348103.397370, 4
1348103.417832, 4
1348103.438294, 4
1348103.458758, 4
1348103.479265, 4
1348103.499745, 4
1348103.520214, 4
1348103.540680, 4
1348103.561141, 4
1348103.581604, 4
1348103.602241, 4
1348103.622704, 4
1348103.643168, 4
1348103.663628, 4
1348103.684097, 4
1348103.704580, 4
1348103.725056, 4
1348103.745528, 4
1348103.765995, 4
1348103.786459, 4
1348103.806920, 4
1348103.827381, 4
1348103.847844, 4
1348103.868307, 4
1348103.888770, 4
1348103.909236, 4
1348103.929703, 4
1348103.950183, 4
1348103.970679, 4
1348103.991153, 4
1348104.011652, 4
1348104.032120, 4
1348104.052585, 4
1348104.073144, 4
1348104.093611, 4
1348104.114074, 4
1348104.134537, 4
1348104.155000, 4
1348104.175467, 4
1348104.195953, 4
1348104.216429, 4
1348104.236898, 4
1348104.257365, 4
1348104.277827, 4
1348104.298295, 4
1348104.318765, 4
1348104.339249, 4
1348104.359724, 4
1348104.380195, 4
1348104.400681, 4
1348104.421158, 4
1348104.441635, 4
1348104.462113, 4
1348104.482858, 4
1348104.503324, 4
1348104.523787, 4
1348104.544253, 4
1348104.564715, 4
1348104.585179, 4
1348104.605647, 4
1348104.626142, 4
1348104.646613, 4
1348104.667082, 4
1348104.687574, 4
1348104.708063, 4
1348104.728530, 4
1348104.748998, 4
1348104.769467, 4
1348104.789932, 4
1348104.810397, 4
1348104.830863, 4
1348104.851329, 4
1348104.871793, 4
1348104.892263, 4
1348104.912729, 4
1348104.933205, 4
1348104.953790, 4
1348104.974255, 4
1348104.994720, 4
1348105.015215, 4
1348105.035688, 4
1348105.056153, 4
1348105.076617, 4
1348105.097080, 4
1348105.117550, 4
1348105.138016, 4
1348105.158485, 4
1348105.178982, 4
1348105.199476, 4
1348105.219945, 4
1348105.240412, 4
1348105.260876, 4
1348105.281340, 4
1348105.301807, 4
1348105.322271, 4
1348105.342741, 4
1348105.363244, 4
1348105.383732, 4
1348105.404199, 4
1348105.424728, 4
1348105.445191, 4
1348105.465653, 4
1348105.486115, 4
1348105.506577, 4
1348105.527040, 4
1348105.547501, 4
1348105.567963, 4
1348105.588426, 4
1348105.608887, 4
1348105.629347, 4
1348105.649809, 4
1348105.670270, 4
1348105.690731, 4
1348105.711192, 4
1348105.731653, 4
1348105.752116, 4
1348105.772579, 4
1348105.793041, 4
1348105.813502, 4
1348105.833966, 4
1348105.854429, 4
1348105.874890, 4
1348105.895631, 4
1348105.916093, 4
1348105.936554, 4
1348105.957014, 4
1348105.977476, 4
1348105.997937, 4
1348106.018398, 4
1348106.038859, 4
1348106.059320, 4
1348106.079780, 4
1348106.100243, 4
1348106.120707, 4
1348106.141198, 4
1348106.161667, 4
1348106.182134, 4
1348106.202597, 4
1348106.223060, 4
1348106.243565, 4
1348106.264035, 4
1348106.284493, 4
1348106.304950, 4
1348106.325411, 4
1348106.345886, 4
1348106.366553, 4
1348106.387008, 4
1348106.407463, 4
1348106.427916, 4
1348106.448371, 4
1348106.468823, 4
1348106.489277, 4
1348106.509729, 4
1348106.530183, 4
1348106.550638, 4
1348106.571090, 4
1348106.591542, 4
1348106.611994, 4
1348106.632455, 4
1348106.652908, 4
1348106.673360, 4
1348106.693812, 4
1348106.714264, 4
1348106.734716, 4
1348106.755167, 4
1348106.775621, 4
1348106.796077, 4
1348106.816529, 4
1348106.836987, 4
1348106.857446, 4
1348106.877904, 4
1348106.898364, 4
1348106.918822, 4
1348106.939281, 4
1348106.959921, 4
1348106.980382, 4
1348107.000841, 4
1348107.021299, 4
1348107.041760, 4
1348107.062219, 4
1348107.082677, 4
1348107.103135, 4
1348107.123594, 4
1348107.144055, 4
1348107.165147, 4
1348107.185608, 4
1348107.206068, 4
1348107.226526, 4
1348107.247198, 4
1348107.267658, 4
1348107.288117, 4
1348107.308576, 4
1348107.329034, 4
1348107.349497, 4
1348107.369956, 4
1348107.390432, 4
1348107.410894, 4
1348107.431353, 4
1348107.451812, 4
1348107.472277, 4
1348107.492736, 4
1348107.513194, 4
1348107.533653, 4
1348107.554113, 4
1348107.574571, 4
1348107.595032, 4
1348107.615491, 4
1348107.635948, 4
1348107.656410, 4
1348107.676869, 4
1348107.697327, 4
1348107.717787, 4
1348107.738246, 4
1348107.758705, 4
1348107.779340, 4
1348107.799798, 4
1348107.820263, 4
1348107.840721, 4
1348107.861180, 4
1348107.881638, 4
1348107.902098, 4
1348107.922556, 4
1348107.943014, 4
1348107.963473, 4
1348107.983931, 4
1348108.004391, 4
1348108.024850, 4
1348108.045312, 4
1348108.065771, 4
1348108.086229, 4
1348108.106688, 4
1348108.127150, 4
1348108.147610, 4
1348108.168079, 4
1348108.188582, 4
1348108.209049, 4
1348108.229511, 4
1348108.250263, 4
1348108.270723, 4
1348108.291183, 4
1348108.311643, 4
1348108.332110, 4
1348108.352599, 4
1348108.373067, 4
1348108.393530, 4
1348108.413996, 4
1348108.434456, 4
1348108.454915, 4
1348108.475375, 4
1348108.495834, 4
1348108.516296, 4
1348108.536756, 4
1348108.557216, 4
1348108.577677, 4
1348108.598139, 4
1348108.618601, 4
1348108.639061, 4
1348108.659523, 4
1348108.679982, 4
1348108.700442, 4
1348108.720902, 4
1348108.741361, 4
1348108.761820, 4
1348108.782421, 4
1348108.802882, 4
1348108.823341, 4
1348108.843800, 4
1348108.864266, 4
1348108.884725, 4
1348108.905187, 4
1348108.925645, 4
1348108.946104, 4
1348108.966566, 4
1348108.987025, 4
1348109.007484, 4
1348109.027943, 4
1348109.048401, 4
1348109.068861, 4
1348109.089320, 4
1348109.109778, 4
1348109.130245, 4
1348109.150705, 4
1348109.171164, 4
1348109.191628, 4
1348109.212100, 4
1348109.232564, 4
1348109.253024, 4
1348109.273484, 4
1348109.293943, 4
1348109.314598, 4
1348109.335057, 4
1348109.355516, 4
1348109.375975, 4
1348109.396435, 4
1348109.416894, 4
1348109.437355, 4
1348109.457814, 4
1348109.478274, 4
1348109.498733, 4
1348109.519192, 4
1348109.539651, 4
1348109.560112, 4
1348109.580570, 4
1348109.601030, 4
1348109.621492, 4
1348109.641950, 4
1348109.662411, 4
1348109.682870, 4
1348109.703328, 4
1348109.723788, 4
1348109.744248, 4
1348109.764707, 4
1348109.785170, 4
1348109.805628, 4
1348109.826087, 4
1348109.846762, 4
1348109.867221, 4
1348109.887680, 4
1348109.908139, 4
1348109.928598, 4
1348109.949060, 4
1348109.969519, 4
1348109.989976, 4
1348110.010436, 4
1348110.030895, 4
1348110.051353, 4
1348110.071816, 4
1348110.092279, 4
1348110.112744, 4
1348110.133203, 4
1348110.153663, 4
1348110.174124, 4
1348110.194593, 4
1348110.215054, 4
1348110.235547, 4
1348110.256007, 4
1348110.276480, 4
1348110.296946, 4
1348110.317417, 4
1348110.337905, 4
1348110.358371, 4
1348110.378958, 4
1348110.399420, 4
1348110.419880, 4
1348110.440348, 4
1348110.460810, 4
1348110.481270, 4
1348110.501729, 4
1348110.522188, 4
1348110.542648, 4
1348110.563107, 4
1348110.583566, 4
1348110.604007, 4
1348110.624469, 4
1348110.644929, 4
1348110.665388, 4
1348110.685848, 4
1348110.706307, 4
1348110.726775, 4
1348110.747234, 4
1348110.767693, 4
1348110.788155, 4
1348110.808614, 4
1348110.829075, 4
1348110.849534, 4
1348110.869993, 4
1348110.890453, 4
1348110.911146, 4
1348110.931605, 4
1348110.952069, 4
1348110.972527, 4
1348110.992985, 4
1348111.013444, 4
1348111.033903, 4
1348111.054364, 4
1348111.074823, 4
1348111.095282, 4
1348111.115741, 4
1348111.136201, 4
1348111.156660, 4
1348111.177118, 4
1348111.197577, 4
1348111.218036, 4
1348111.238498, 4
1348111.258988, 4
1348111.279451, 4
1348111.299914, 4
1348111.320380, 4
1348111.340839, 4
1348111.361303, 4
1348111.381764, 4
1348111.402223, 4
1348111.422686, 4
1348111.443297, 4
1348111.463756, 4
1348111.484217, 4
1348111.504677, 4
1348111.525134, 4
1348111.545594, 4
1348111.566053, 4
1348111.586514, 4
1348111.606973, 4
1348111.627433, 4
1348111.647892, 4
1348111.668357, 4
1348111.688816, 4
1348111.709275, 4
1348111.729733, 4
1348111.750192, 4
1348111.770651, 4
1348111.791119, 4
1348111.811578, 4
1348111.832005, 4
1348111.852465, 4
1348111.872925, 4
1348111.893386, 4
1348111.913846, 4
1348111.934305, 4
1348111.954766, 4
1348111.975226, 4
1348111.995684, 4
1348112.016144, 4
1348112.036812, 4
1348112.057276, 4
1348112.077738, 4
1348112.098199, 4
1348112.118660, 4
1348112.139120, 4
1348112.159579, 4
1348112.180004, 4
1348112.200463, 4
1348112.220921, 4
1348112.241379, 4
1348112.261844, 4
1348112.282334, 4
1348112.302800, 4
1348112.323270, 4
1348112.343757, 4
1348112.364225, 4
1348112.384698, 4
1348112.405161, 4
1348112.425622, 4
1348112.446088, 4
1348112.466548, 4
1348112.487007, 4
1348112.507468, 4
1348112.527927, 4
1348112.548386, 4
1348112.569043, 4
1348112.589502, 4
1348112.609961, 4
1348112.630422, 4
1348112.650882, 4
1348112.671342, 4
1348112.691801, 4
1348112.712271, 4
1348112.732732, 4
1348112.753193, 4
1348112.773652, 4
1348112.794110, 4
1348112.814570, 4
1348112.835030, 4
1348112.855488, 4
1348112.875946, 4
1348112.896405, 4
1348112.916864, 4
1348112.937324, 4
1348112.957782, 4
1348112.978241, 4
1348112.998699, 4
1348113.019157, 4
1348113.039616, 4
1348113.060078, 4
1348113.080537, 4
1348113.101197, 4
1348113.121655, 4
1348113.142113, 4
1348113.162572, 4
1348113.183030, 4
1348113.203491, 4
1348113.223952, 4
1348113.244410, 4
1348113.264869, 4
1348113.285331, 4
1348113.305820, 4
1348113.326285, 4
1348113.346754, 4
1348113.367252, 4
1348113.387722, 4
1348113.408190, 4
1348113.428651, 4
1348113.449112, 4
1348113.469574, 4
1348113.490034, 4
1348113.510495, 4
1348113.530956, 4
1348113.551416, 4
1348113.572149, 4
1348113.592609, 4
1348113.613069, 4
1348113.633530, 4
1348113.653989, 4
1348113.674451, 4
1348113.694913, 4
1348113.715373, 4
1348113.735832, 4
1348113.756292, 4
1348113.776752, 4
1348113.797211, 4
1348113.817670, 4
1348113.838130, 4
1348113.858589, 4
1348113.879050, 4
1348113.899509, 4
1348113.919969, 4
1348113.940429, 4
1348113.960888, 4
1348113.981357, 4
1348114.001816, 4
1348114.022275, 4
1348114.042734, 4
1348114.063193, 4
1348114.083652, 4
1348114.104293, 4
1348114.124752, 4
1348114.145210, 4
1348114.165668, 4
1348114.186126, 4
1348114.206585, 4
1348114.227043, 4
1348114.247503, 4
1348114.267961, 4
1348114.288421, 4
1348114.308880, 4
1348114.329407, 4
1348114.349905, 4
1348114.370404, 4
1348114.390906, 4
1348114.411379, 4
1348114.431844, 4
1348114.452312, 4
1348114.472774, 4
1348114.493236, 4
1348114.513983, 4
1348114.534445, 4
1348114.554907, 4
1348114.575368, 4
1348114.595829, 4
1348114.616291, 4
1348114.636752, 4
1348114.657213, 4
1348114.677675, 4
1348114.698136, 4
1348114.718598, 4
1348114.739060, 4
1348114.759521, 4
1348114.779982, 4
1348114.800444, 4
1348114.820904, 4
1348114.841366, 4
1348114.861830, 4
1348114.882292, 4
1348114.902753, 4
1348114.923215, 4
1348114.943677, 4
1348114.964139, 4
1348114.984885, 4
1348115.005346, 4
1348115.025807, 4
1348115.046268, 4
1348115.066729, 4
1348115.087189, 4
1348115.107650, 4
1348115.128113, 4
1348115.148574, 4
1348115.169035, 4
1348115.189496, 4
1348115.209957, 4
1348115.230419, 4
1348115.250880, 4
1348115.271341, 4
1348115.291801, 4
1348115.312268, 4
1348115.332732, 4
1348115.353226, 4
1348115.373701, 4
1348115.394220, 4
1348115.414694, 4
1348115.435156, 4
1348115.455792, 4
1348115.476253, 4
1348115.496712, 4
1348115.517174, 4
1348115.537633, 4
1348115.558092, 4
1348115.578553, 4
1348115.599012, 4
1348115.619471, 4
1348115.639932, 4
1348115.660393, 4
1348115.680855, 4
1348115.701318, 4
1348115.721779, 4
1348115.742241, 4
1348115.762701, 4
1348115.783159, 4
1348115.803621, 4
1348115.824086, 4
1348115.844546, 4
1348115.865008, 4
1348115.885467, 4
1348115.905926, 4
1348115.926387, 4
1348115.946846, 4
1348115.967304, 4
1348115.987994, 4
1348116.008459, 4
1348116.028917, 4
1348116.049377, 4
1348116.069836, 4
1348116.090294, 4
1348116.110754, 4
1348116.131213, 4
1348116.151671, 4
1348116.172131, 4
1348116.192589, 4
1348116.213051, 4
1348116.233509, 4
1348116.253968, 4
1348116.274426, 4
1348116.294885, 4
1348116.315343, 4
1348116.335807, 4
1348116.356296, 4
1348116.376781, 4
1348116.397248, 4
1348116.417712, 4
1348116.438175, 4
1348116.458637, 4
1348116.479098, 4
1348116.499558, 4
1348116.520209, 4
1348116.540669, 4
1348116.561128, 4
1348116.581590, 4
1348116.602048, 4
1348116.622507, 4
1348116.642967, 4
1348116.663426, 4
1348116.683885, 4
1348116.704368, 4
1348116.724830, 4
1348116.745292, 4
1348116.765753, 4
1348116.786211, 4
1348116.806675, 4
1348116.827134, 4
1348116.847595, 4
1348116.868063, 4
1348116.888522, 4
1348116.908984, 4
1348116.929470, 4
1348116.949939, 4
1348116.970402, 4
1348116.991134, 4
1348117.011594, 4
1348117.032005, 4
1348117.052464, 4
1348117.072922, 4
1348117.093380, 4
1348117.113839, 4
1348117.134300, 4
1348117.154757, 4
1348117.205551, 4
1348117.226023, 4
1348117.246482, 4
1348117.266941, 4
1348117.287401, 4
1348117.307860, 4
1348117.328318, 4
1348117.349042, 4
1348117.369503, 4
1348117.389966, 4
1348117.410452, 4
1348117.430921, 4
1348117.451385, 4
1348117.471848, 4
1348117.492310, 4
1348117.512771, 4
1348117.533235, 4
1348117.553694, 4
1348117.574153, 4
1348117.594615, 4
1348117.615073, 4
1348117.635533, 4
1348117.655993, 4
1348117.676462, 4
1348117.696925, 4
1348117.717386, 4
1348117.737845, 4
1348117.758306, 4
1348117.778765, 4
1348117.799224, 4
1348117.819685, 4
1348117.840146, 4
1348117.860608, 4
1348117.881328, 4
1348117.901787, 4
1348117.922246, 4
1348117.942704, 4
1348117.963163, 4
1348117.983622, 4
1348118.004083, 4
1348118.024543, 4
1348118.045003, 4
1348118.065462, 4
1348118.085922, 4
1348118.106387, 4
1348118.126845, 4
1348118.147303, 4
1348118.167764, 4
1348118.188226, 4
1348118.208685, 4
1348118.229144, 4
1348118.249602, 4
1348118.270061, 4
1348118.290525, 4
1348118.310983, 4
1348118.331449, 4
1348118.351941, 4
1348118.372433, 4
1348118.392904, 4
1348118.413619, 4
1348118.434105, 4
1348118.454575, 4
1348118.475039, 4
1348118.495504, 4
1348118.515965, 4
1348118.536428, 4
1348118.556887, 4
1348118.577347, 4
1348118.597809, 4
1348118.618268, 4
1348118.638727, 4
1348118.659186, 4
1348118.679646, 4
1348118.700106, 4
1348118.720564, 4
1348118.741023, 4
1348118.761485, 4
1348118.781945, 4
1348118.802405, 4
1348118.822865, 4
1348118.843324, 4
1348118.863783, 4
1348118.884245, 4
1348118.904704, 4
1348118.925166, 4
1348118.945909, 4
1348118.966367, 4
1348118.986825, 4
1348119.007283, 4
1348119.027742, 4
1348119.048202, 4
1348119.068661, 4
1348119.089119, 4
1348119.109581, 4
1348119.130039, 4
1348119.150499, 4
1348119.170959, 4
1348119.191419, 4
1348119.211880, 4
1348119.232345, 4
1348119.252803, 4
1348119.273264, 4
1348119.293722, 4
1348119.314180, 4
1348119.334641, 4
1348119.355111, 4
1348119.375569, 4
1348119.396005, 4
1348119.416465, 4
1348119.436927, 4
1348119.457410, 4
1348119.478163, 4
1348119.498627, 4
1348119.519087, 4
1348119.539548, 4
1348119.560004, 4
1348119.580464, 4
1348119.600923, 4
1348119.621382, 4
1348119.641841, 4
1348119.662301, 4
1348119.682761, 4
1348119.703220, 4
1348119.723679, 4
1348119.744140, 4
1348119.764598, 4
1348119.785056, 4
1348119.805515, 4
1348119.825974, 4
1348119.846434, 4
1348119.866894, 4
1348119.887356, 4
1348119.907815, 4
1348119.928278, 4
1348119.948738, 4
1348119.969196, 4
1348119.989655, 4
1348120.010114, 4
1348120.030573, 4
1348120.051032, 4
1348120.071658, 4
1348120.092117, 4
1348120.112579, 4
1348120.133038, 4
1348120.153496, 4
1348120.173954, 4
1348120.194413, 4
1348120.214870, 4
1348120.235329, 4
1348120.255787, 4
1348120.276247, 4
1348120.296706, 4
1348120.317168, 4
1348120.337631, 4
1348120.358119, 4
1348120.378586, 4
1348120.399050, 4
1348120.419512, 4
1348120.439972, 4
1348120.460437, 4
1348120.480951, 4
1348120.501428, 4
1348120.521895, 4
1348120.542360, 4
1348120.562821, 4
1348120.583283, 4
1348120.603930, 4
1348120.624391, 4
1348120.644850, 4
1348120.665312, 4
1348120.685771, 4
1348120.706230, 4
1348120.726692, 4
1348120.747150, 4
1348120.767617, 4
1348120.788109, 4
1348120.808606, 4
1348120.829090, 4
1348120.849588, 4
1348120.870072, 4
1348120.890568, 4
1348120.911043, 4
1348120.931519, 4
1348120.951986, 4
1348120.972450, 4
1348120.992913, 4
1348121.013376, 4
1348121.033841, 4
1348121.054304, 4
1348121.074985, 4
1348121.095447, 4
1348121.115913, 4
1348121.136417, 4
1348121.156913, 4
1348121.177411, 4
1348121.197909, 4
1348121.218407, 4
1348121.238905, 4
1348121.259402, 4
1348121.279898, 4
1348121.300395, 4
1348121.320861, 4
1348121.341326, 4
1348121.361789, 4
1348121.382262, 4
1348121.402724, 4
1348121.423184, 4
1348121.443644, 4
1348121.464103, 4
1348121.484828, 4
1348121.505316, 4
1348121.525811, 4
1348121.546304, 4
1348121.566802, 4
1348121.587301, 4
1348121.607799, 4
1348121.628307, 4
1348121.648805, 4
1348121.669296, 4
1348121.689790, 4
1348121.710292, 4
1348121.730769, 4
1348121.751236, 4
1348121.771698, 4
1348121.792160, 4
1348121.812620, 4
1348121.833085, 4
1348121.853546, 4
1348121.874015, 4
1348121.894690, 4
1348121.915158, 4
1348121.935623, 4
1348121.956086, 4
1348121.976547, 4
1348121.997010, 4
1348122.017472, 4
1348122.037932, 4
1348122.058392, 4
1348122.078852, 4
1348122.099316, 4
1348122.119777, 4
1348122.140239, 4
1348122.160698, 4
1348122.203343, 4
1348122.223817, 4
1348122.244281, 4
1348122.264742, 4
1348122.285203, 4
1348122.305667, 4
1348122.326127, 4
1348122.346900, 4
1348122.367363, 4
1348122.387825, 4
1348122.408292, 4
1348122.428757, 4
1348122.449218, 4
1348122.469681, 4
1348122.490143, 4
1348122.510610, 4
1348122.531107, 4
1348122.551602, 4
1348122.572082, 4
1348122.592557, 4
1348122.613029, 4
1348122.633495, 4
1348122.653957, 4
1348122.674418, 4
1348122.694892, 4
1348122.715358, 4
1348122.735825, 4
1348122.756292, 4
1348122.776756, 4
1348122.797218, 4
1348122.817956, 4
1348122.838420, 4
1348122.858881, 4
1348122.879349, 4
1348122.899811, 4
1348122.920280, 4
1348122.940742, 4
1348122.961203, 4
1348122.981665, 4
1348123.002126, 4
1348123.022586, 4
1348123.043051, 4
1348123.063513, 4
1348123.083981, 4
1348123.104444, 4
1348123.124905, 4
1348123.145368, 4
1348123.165830, 4
1348123.186290, 4
1348123.206750, 4
1348123.227212, 4
1348123.247676, 4
1348123.268137, 4
1348123.288598, 4
1348123.309061, 4
1348123.329558, 4
1348123.350190, 4
1348123.370676, 4
1348123.391141, 4
1348123.411608, 4
1348123.432078, 4
1348123.452542, 4
1348123.473003, 4
1348123.493463, 4
1348123.513926, 4
1348123.534393, 4
1348123.554884, 4
1348123.575358, 4
1348123.595822, 4
1348123.616283, 4
1348123.636746, 4
1348123.657207, 4
1348123.677667, 4
1348123.698134, 4
1348123.718598, 4
1348123.739059, 4
1348123.759520, 4
1348123.779981, 4
1348123.800445, 4
1348123.821049, 4
1348123.841509, 4
1348123.861968, 4
1348123.882429, 4
1348123.902890, 4
1348123.923349, 4
1348123.943812, 4
1348123.964274, 4
1348123.984733, 4
1348124.005199, 4
1348124.025659, 4
1348124.046118, 4
1348124.066578, 4
1348124.087036, 4
1348124.107495, 4
1348124.127954, 4
1348124.148412, 4
1348124.168874, 4
1348124.189333, 4
1348124.209791, 4
1348124.230251, 4
1348124.250710, 4
1348124.271168, 4
1348124.291922, 4
1348124.312386, 4
1348124.332845, 4
1348124.353306, 4
1348124.373764, 4
1348124.394223, 4
1348124.414682, 4
1348124.435140, 4
1348124.455599, 4
1348124.476063, 4
1348124.496522, 4
1348124.516981, 4
1348124.537442, 4
1348124.557912, 4
1348124.578400, 4
1348124.598878, 4
1348124.619343, 4
1348124.639806, 4
1348124.660272, 4
1348124.680733, 4
1348124.701194, 4
1348124.721654, 4
1348124.742113, 4
1348124.762795, 4
1348124.783254, 4
1348124.803722, 4
1348124.824191, 4
1348124.844655, 4
1348124.865114, 4
1348124.885573, 4
1348124.906035, 4
1348124.926494, 4
1348124.946954, 4
1348124.967414, 4
1348124.987873, 4
1348125.008334, 4
1348125.028793, 4
1348125.049257, 4
1348125.069719, 4
1348125.090178, 4
1348125.110639, 4
1348125.131100, 4
1348125.151559, 4
1348125.172004, 4
1348125.192464, 4
1348125.212922, 4
1348125.233677, 4
1348125.254136, 4
1348125.274594, 4
1348125.295053, 4
1348125.315512, 4
1348125.335970, 4
1348125.356429, 4
1348125.376888, 4
1348125.397350, 4
1348125.417809, 4
1348125.438268, 4
1348125.458728, 4
1348125.479187, 4
1348125.499646, 4
1348125.520105, 4
1348125.540564, 4
1348125.561022, 4
1348125.581488, 4
1348125.601981, 4
1348125.622449, 4
1348125.642922, 4
1348125.663386, 4
1348125.683848, 4
1348125.704540, 4
1348125.725000, 4
1348125.745460, 4
1348125.765925, 4
1348125.786386, 4
1348125.806847, 4
1348125.827309, 4
1348125.847771, 4
1348125.868231, 4
1348125.888690, 4
1348125.909150, 4
1348125.929609, 4
1348125.950072, 4
1348125.970532, 4
1348125.990994, 4
1348126.011454, 4
1348126.031914, 4
1348126.052375, 4
1348126.072853, 4
1348126.093316, 4
1348126.113793, 4
1348126.134254, 4
1348126.154713, 4
1348126.175413, 4
1348126.195874, 4
1348126.216336, 4
1348126.236793, 4
1348126.257252, 4
1348126.277714, 4
1348126.298173, 4
1348126.318632, 4
1348126.339091, 4
1348126.359550, 4
1348126.380005, 4
1348126.400468, 4
1348126.420928, 4
1348126.441387, 4
1348126.461848, 4
1348126.482307, 4
1348126.502765, 4
1348126.523229, 4
1348126.543688, 4
1348126.564150, 4
1348126.584613, 4
1348126.605079, 4
1348126.625571, 4
1348126.646379, 4
1348126.666854, 4
1348126.687320, 4
1348126.707782, 4
1348126.728244, 4
1348126.748705, 4
1348126.769169, 4
1348126.789630, 4
1348126.810090, 4
1348126.830551, 4
1348126.851012, 4
1348126.871472, 4
1348126.891933, 4
1348126.912394, 4
1348126.932855, 4
1348126.953315, 4
1348126.973775, 4
1348126.994237, 4
1348127.014704, 4
1348127.035198, 4
1348127.055701, 4
1348127.076181, 4
1348127.096645, 4
1348127.117244, 4
1348127.137704, 4
1348127.158164, 4
1348127.209115, 4
1348127.229578, 4
1348127.250039, 4
1348127.270498, 4
1348127.290961, 4
1348127.311421, 4
1348127.331881, 4
1348127.352348, 4
1348127.372807, 4
1348127.393267, 4
1348127.413898, 4
1348127.434357, 4
1348127.454815, 4
1348127.475274, 4
1348127.495734, 4
1348127.516198, 4
1348127.536657, 4
1348127.557116, 4
1348127.577575, 4
1348127.598034, 4
1348127.618484, 4
1348127.638994, 4
1348127.659491, 4
1348127.679992, 4
1348127.700502, 4
1348127.720976, 4
1348127.741447, 4
1348127.761911, 4
1348127.782372, 4
1348127.802836, 4
1348127.823299, 4
1348127.843760, 4
1348127.864223, 4
1348127.884819, 4
1348127.905281, 4
1348127.925741, 4
1348127.946201, 4
1348127.966662, 4
1348127.987121, 4
1348128.007582, 4
1348128.028005, 4
1348128.048467, 4
1348128.068926, 4
1348128.089387, 4
1348128.109846, 4
1348128.130309, 4
1348128.150768, 4
1348128.171228, 4
1348128.191688, 4
1348128.212148, 4
1348128.232608, 4
1348128.253072, 4
1348128.273532, 4
1348128.293995, 4
1348128.314457, 4
1348128.334916, 4
1348128.355385, 4
1348128.375874, 4
1348128.396355, 4
1348128.416920, 4
1348128.437382, 4
1348128.457842, 4
1348128.478304, 4
1348128.498768, 4
1348128.519227, 4
1348128.539687, 4
1348128.560147, 4
1348128.580614, 4
1348128.601076, 4
1348128.621535, 4
1348128.642003, 4
1348128.662523, 4
1348128.683017, 4
1348128.703495, 4
1348128.723963, 4
1348128.744451, 4
1348128.764922, 4
1348128.785386, 4
1348128.805849, 4
1348128.826603, 4
1348128.847064, 4
1348128.867524, 4
1348128.887984, 4
1348128.908444, 4
1348128.928908, 4
1348128.949400, 4
1348128.969866, 4
1348128.990349, 4
1348129.010813, 4
1348129.031274, 4
1348129.051737, 4
1348129.072197, 4
1348129.092657, 4
1348129.113119, 4
1348129.133579, 4
1348129.154039, 4
1348129.174499, 4
1348129.194958, 4
1348129.215424, 4
1348129.235922, 4
1348129.256388, 4
1348129.276850, 4
1348129.297502, 4
1348129.317960, 4
1348129.338419, 4
1348129.358879, 4
1348129.379338, 4
1348129.399798, 4
1348129.420266, 4
1348129.440725, 4
1348129.461188, 4
1348129.481681, 4
1348129.502153, 4
1348129.522659, 4
1348129.543144, 4
1348129.563632, 4
1348129.584111, 4
1348129.604575, 4
1348129.625059, 4
1348129.645522, 4
1348129.665988, 4
1348129.686494, 4
1348129.707227, 4
1348129.727708, 4
1348129.748189, 4
1348129.768650, 4
1348129.789108, 4
1348129.809565, 4
1348129.830025, 4
1348129.850480, 4
1348129.870936, 4
1348129.891394, 4
1348129.911855, 4
1348129.932331, 4
1348129.952801, 4
1348129.973266, 4
1348129.993726, 4
1348130.014187, 4
1348130.034671, 4
1348130.055139, 4
1348130.075598, 4
1348130.096060, 4
1348130.116525, 4
1348130.136983, 4
1348130.157440, 4
1348130.178112, 4
1348130.198586, 4
1348130.219053, 4
1348130.239513, 4
1348130.259968, 4
1348130.280427, 4
1348130.300891, 4
1348130.321353, 4
1348130.341816, 4
1348130.362281, 4
1348130.382746, 4
1348130.403231, 4
1348130.423702, 4
1348130.444207, 4
1348130.464706, 4
1348130.485176, 4
1348130.505642, 4
1348130.526106, 4
1348130.546572, 4
1348130.567035, 4
1348130.587778, 4
1348130.608242, 4
1348130.628710, 4
1348130.649207, 4
1348130.669682, 4
1348130.690177, 4
1348130.710683, 4
1348130.731158, 4
1348130.751625, 4
1348130.772105, 4
1348130.792574, 4
1348130.813036, 4
1348130.833500, 4
1348130.853963, 4
1348130.874434, 4
1348130.894897, 4
1348130.915364, 4
1348130.935875, 4
1348130.956382, 4
1348130.976850, 4
1348130.997455, 4
1348131.017922, 4
1348131.038406, 4
1348131.058873, 4
1348131.079341, 4
1348131.099807, 4
1348131.120280, 4
1348131.140748, 4
1348131.161217, 4
1348131.181707, 4
1348131.202188, 4
1348131.222660, 4
1348131.243126, 4
1348131.263588, 4
1348131.284006, 4
1348131.304467, 4
1348131.324928, 4
1348131.345393, 4
1348131.365856, 4
1348131.386318, 4
1348131.406785, 4
1348131.427268, 4
1348131.447756, 4
1348131.468353, 4
1348131.488816, 4
1348131.509281, 4
1348131.529742, 4
1348131.550202, 4
1348131.570664, 4
1348131.591130, 4
1348131.611595, 4
1348131.632063, 4
1348131.652529, 4
1348131.673000, 4
1348131.693481, 4
1348131.713917, 4
1348131.734447, 4
1348131.754928, 4
1348131.775394, 4
1348131.795858, 4
1348131.816321, 4
1348131.836788, 4
1348131.857250, 4
1348131.878014, 4
1348131.898477, 4
1348131.918938, 4
1348131.939397, 4
1348131.959860, 4
1348131.980324, 4
1348132.000784, 4
1348132.021246, 4
1348132.041706, 4
1348132.062167, 4
1348132.082628, 4
1348132.103091, 4
1348132.123576, 4
1348132.144004, 4
1348132.164467, 4
1348132.184933, 4
1348132.205394, 4
1348132.225855, 4
1348132.246315, 4
1348132.266773, 4
1348132.287233, 4
1348132.307693, 4
1348132.328154, 4
1348132.348900, 4
1348132.369390, 4
1348132.389862, 4
1348132.410327, 4
1348132.430789, 4
1348132.451249, 4
1348132.471709, 4
1348132.492175, 4
1348132.512634, 4
1348132.533094, 4
1348132.553552, 4
1348132.574011, 4
1348132.594471, 4
1348132.614933, 4
1348132.635391, 4
1348132.655850, 4
1348132.676311, 4
1348132.696786, 4
1348132.717246, 4
1348132.737711, 4
1348132.758209, 4
1348132.778680, 4
1348132.799144, 4
1348132.819807, 4
1348132.840273, 4
1348132.860733, 4
1348132.881191, 4
1348132.901650, 4
1348132.922110, 4
1348132.942570, 4
1348132.963029, 4
1348132.983488, 4
1348133.003946, 4
1348133.024406, 4
1348133.044865, 4
1348133.065325, 4
1348133.085784, 4
1348133.106243, 4
1348133.126701, 4
1348133.147161, 4
1348133.167622, 4
1348133.188085, 4
1348133.208550, 4
1348133.229013, 4
1348133.249472, 4
1348133.269931, 4
1348133.290398, 4
1348133.310857, 4
1348133.331316, 4
1348133.351923, 4
1348133.372382, 4
1348133.392840, 4
1348133.413300, 4
1348133.433765, 4
1348133.454224, 4
1348133.474683, 4
1348133.495142, 4
1348133.515601, 4
1348133.536065, 4
1348133.556525, 4
1348133.576985, 4
1348133.597443, 4
1348133.617901, 4
1348133.638359, 4
1348133.658818, 4
1348133.679276, 4
1348133.699736, 4
1348133.720196, 4
1348133.740654, 4
1348133.761121, 4
1348133.781580, 4
1348133.802039, 4
1348133.822500, 4
1348133.842959, 4
1348133.863418, 4
1348133.884064, 4
1348133.904523, 4
1348133.924982, 4
1348133.945441, 4
1348133.965899, 4
1348133.986358, 4
1348134.006817, 4
1348134.027280, 4
1348134.047739, 4
1348134.068199, 4
1348134.088659, 4
1348134.109121, 4
1348134.129616, 4
1348134.150080, 4
1348134.170544, 4
1348134.191004, 4
1348134.211464, 4
1348134.231925, 4
1348134.252384, 4
1348134.272844, 4
1348134.293303, 4
1348134.313762, 4
1348134.334221, 4
1348134.354972, 4
1348134.375433, 4
1348134.395894, 4
1348134.416358, 4
1348134.436817, 4
1348134.457277, 4
1348134.477735, 4
1348134.498194, 4
1348134.518654, 4
1348134.539114, 4
1348134.559575, 4
1348134.580005, 4
1348134.600464, 4
1348134.620927, 4
1348134.641397, 4
1348134.661864, 4
1348134.682325, 4
1348134.702786, 4
1348134.723246, 4
1348134.743708, 4
1348134.764173, 4
1348134.784634, 4
1348134.805288, 4
1348134.825943, 4
1348134.846413, 4
1348134.866876, 4
1348134.887337, 4
1348134.907796, 4
1348134.928259, 4
1348134.948718, 4
1348134.969178, 4
1348134.989635, 4
1348135.010094, 4
1348135.030554, 4
1348135.051022, 4
1348135.071483, 4
1348135.091943, 4
1348135.112409, 4
1348135.132904, 4
1348135.153376, 4
1348135.173843, 4
1348135.194309, 4
1348135.214769, 4
1348135.235234, 4
1348135.255724, 4
1348135.276196, 4
1348135.296831, 4
1348135.317292, 4
1348135.337754, 4
1348135.358233, 4
1348135.378696, 4
1348135.399157, 4
1348135.419641, 4
1348135.440106, 4
1348135.460572, 4
1348135.481033, 4
1348135.501493, 4
1348135.521953, 4
1348135.542415, 4
1348135.562905, 4
1348135.583374, 4
1348135.603836, 4
1348135.624297, 4
1348135.644761, 4
1348135.665221, 4
1348135.685680, 4
1348135.706140, 4
1348135.726602, 4
1348135.747062, 4
1348135.767765, 4
1348135.788229, 4
1348135.808688, 4
1348135.829150, 4
1348135.849655, 4
1348135.870159, 4
1348135.890669, 4
1348135.911165, 4
1348135.931675, 4
1348135.952179, 4
1348135.972668, 4
1348135.993183, 4
1348136.013663, 4
1348136.034128, 4
1348136.054599, 4
1348136.075059, 4
1348136.095517, 4
1348136.116219, 4
1348136.136724, 4
1348136.157191, 4
1348136.177662, 4
1348136.198126, 4
1348136.218590, 4
1348136.239052, 4
1348136.259514, 4
1348136.279976, 4
1348136.300438, 4
1348136.320898, 4
1348136.341358, 4
1348136.361819, 4
1348136.382284, 4
1348136.402745, 4
1348136.423207, 4
1348136.443668, 4
1348136.464139, 4
1348136.484599, 4
1348136.505058, 4
1348136.525526, 4
1348136.545985, 4
1348136.566444, 4
1348136.587194, 4
1348136.607652, 4
1348136.628112, 4
1348136.648580, 4
1348136.669041, 4
1348136.689504, 4
1348136.709965, 4
1348136.730425, 4
1348136.750883, 4
1348136.771343, 4
1348136.791804, 4
1348136.812269, 4
1348136.832729, 4
1348136.853189, 4
1348136.873650, 4
1348136.894113, 4
1348136.914574, 4
1348136.935041, 4
1348136.955501, 4
1348136.975961, 4
1348136.996425, 4
1348137.016885, 4
1348137.037345, 4
1348137.057806, 4
1348137.078266, 4
1348137.098729, 4
1348137.119391, 4
1348137.139849, 4
1348137.160310, 4
1348137.183567, 4
1348137.204156, 4
1348137.224622, 4
1348137.245085, 4
1348137.265545, 4
1348137.286005, 4
1348137.306469, 4
1348137.326929, 4
1348137.347389, 4
1348137.367848, 4
1348137.388308, 4
1348137.408772, 4
1348137.429232, 4
1348137.449692, 4
1348137.470151, 4
1348137.490610, 4
1348137.511073, 4
1348137.531532, 4
1348137.551993, 4
1348137.572458, 4
1348137.592917, 4
1348137.613380, 4
1348137.633840, 4
1348137.654299, 4
1348137.675056, 4
1348137.695516, 4
1348137.715980, 4
1348137.736442, 4
1348137.756902, 4
1348137.777362, 4
1348137.797821, 4
1348137.818284, 4
1348137.838743, 4
1348137.859203, 4
1348137.879662, 4
1348137.900123, 4
1348137.920586, 4
1348137.941046, 4
1348137.961505, 4
1348137.981965, 4
1348138.002424, 4
1348138.022888, 4
1348138.043347, 4
1348138.063806, 4
1348138.084272, 4
1348138.104736, 4
1348138.125216, 4
1348138.145966, 4
1348138.166428, 4
1348138.186887, 4
1348138.207346, 4
1348138.227809, 4
1348138.248274, 4
1348138.268736, 4
1348138.289195, 4
1348138.309655, 4
1348138.330117, 4
1348138.350577, 4
1348138.371036, 4
1348138.391498, 4
1348138.411959, 4
1348138.432423, 4
1348138.452887, 4
1348138.473350, 4
1348138.493814, 4
1348138.514275, 4
1348138.534737, 4
1348138.555197, 4
1348138.575656, 4
1348138.596116, 4
1348138.616859, 4
1348138.637322, 4
1348138.657784, 4
1348138.678244, 4
1348138.698703, 4
1348138.719162, 4
1348138.739626, 4
1348138.760086, 4
1348138.780545, 4
1348138.801004, 4
1348138.821463, 4
1348138.841922, 4
1348138.862381, 4
1348138.882845, 4
1348138.903358, 4
1348138.923827, 4
1348138.944290, 4
1348138.964754, 4
1348138.985213, 4
1348139.005673, 4
1348139.026133, 4
1348139.046593, 4
1348139.067053, 4
1348139.087749, 4
1348139.108210, 4
1348139.128669, 4
1348139.149129, 4
1348139.169588, 4
1348139.190047, 4
1348139.210507, 4
1348139.230966, 4
1348139.251426, 4
1348139.271892, 4
1348139.292362, 4
1348139.312823, 4
1348139.333282, 4
1348139.353745, 4
1348139.374205, 4
1348139.394664, 4
1348139.415124, 4
1348139.435592, 4
1348139.456005, 4
1348139.476464, 4
1348139.496925, 4
1348139.517383, 4
1348139.537841, 4
1348139.558309, 4
1348139.578768, 4
1348139.599227, 4
1348139.619835, 4
1348139.640296, 4
1348139.660754, 4
1348139.681213, 4
1348139.701672, 4
1348139.722132, 4
1348139.742592, 4
1348139.763051, 4
1348139.783512, 4
1348139.803970, 4
1348139.824430, 4
1348139.844890, 4
1348139.865355, 4
1348139.885816, 4
1348139.906274, 4
1348139.926739, 4
1348139.947236, 4
1348139.967722, 4
1348139.988193, 4
1348140.008654, 4
1348140.029125, 4
1348140.049586, 4
1348140.070049, 4
1348140.090783, 4
1348140.111250, 4
1348140.131745, 4
1348140.152212, 4
1348140.172673, 4
1348140.193133, 4
1348140.213592, 4
1348140.234051, 4
1348140.254511, 4
1348140.274970, 4
1348140.295428, 4
1348140.315891, 4
1348140.336357, 4
1348140.356817, 4
1348140.377281, 4
1348140.397742, 4
1348140.418203, 4
1348140.438664, 4
1348140.459125, 4
1348140.479596, 4
1348140.500076, 4
1348140.520536, 4
1348140.540996, 4
1348140.561456, 4
1348140.581914, 4
1348140.602374, 4
1348140.623022, 4
1348140.643482, 4
1348140.663944, 4
1348140.684409, 4
1348140.704868, 4
1348140.725327, 4
1348140.745786, 4
1348140.766245, 4
1348140.786704, 4
1348140.807163, 4
1348140.827622, 4
1348140.848085, 4
1348140.868545, 4
1348140.889008, 4
1348140.909467, 4
1348140.929927, 4
1348140.950386, 4
1348140.970846, 4
1348140.991306, 4
1348141.011765, 4
1348141.032233, 4
1348141.052694, 4
1348141.073153, 4
1348141.093623, 4
1348141.114084, 4
1348141.134543, 4
1348141.155274, 4
1348141.175733, 4
1348141.196201, 4
1348141.216659, 4
1348141.237121, 4
1348141.257614, 4
1348141.278106, 4
1348141.298599, 4
1348141.319092, 4
1348141.339592, 4
1348141.360093, 4
1348141.380588, 4
1348141.401082, 4
1348141.421589, 4
1348141.442094, 4
1348141.462559, 4
1348141.483030, 4
1348141.503490, 4
1348141.523950, 4
1348141.544409, 4
1348141.565002, 4
1348141.585461, 4
1348141.605922, 4
1348141.626381, 4
1348141.646840, 4
1348141.667299, 4
1348141.687757, 4
1348141.708217, 4
1348141.728676, 4
1348141.749136, 4
1348141.769594, 4
1348141.790054, 4
1348141.810516, 4
1348141.830976, 4
1348141.851435, 4
1348141.871893, 4
1348141.892358, 4
1348141.912817, 4
1348141.933276, 4
1348141.953734, 4
1348141.974194, 4
1348141.994653, 4
1348142.015111, 4
1348142.035841, 4
1348142.056301, 4
1348142.076766, 4
1348142.097226, 4
1348142.117689, 4
1348142.138186, 4
1348142.158651, 4
1348142.179113, 4
1348142.199577, 4
1348142.220005, 4
1348142.240465, 4
1348142.260925, 4
1348142.281384, 4
1348142.301843, 4
1348142.322302, 4
1348142.342761, 4
1348142.363223, 4
1348142.383693, 4
1348142.404155, 4
1348142.424622, 4
1348142.445137, 4
1348142.465610, 4
1348142.486104, 4
1348142.506706, 4
1348142.527170, 4
1348142.547634, 4
1348142.568100, 4
1348142.588565, 4
1348142.609029, 4
1348142.629498, 4
1348142.649961, 4
1348142.670426, 4
1348142.690892, 4
1348142.711363, 4
1348142.731829, 4
1348142.752293, 4
1348142.772757, 4
1348142.793221, 4
1348142.813684, 4
1348142.834147, 4
1348142.854613, 4
1348142.875075, 4
1348142.895535, 4
1348142.915998, 4
1348142.936465, 4
1348142.956930, 4
1348142.977603, 4
1348142.998148, 4
1348143.018640, 4
1348143.039108, 4
1348143.059573, 4
1348143.080007, 4
1348143.100469, 4
1348143.120928, 4
1348143.141388, 4
1348143.161848, 4
1348143.182308, 4
1348143.202772, 4
1348143.223232, 4
1348143.243692, 4
1348143.264155, 4
1348143.284616, 4
1348143.305077, 4
1348143.325540, 4
1348143.346003, 4
1348143.366469, 4
1348143.386956, 4
1348143.407422, 4
1348143.427886, 4
1348143.448495, 4
1348143.468956, 4
1348143.489416, 4
1348143.509876, 4
1348143.530335, 4
1348143.550795, 4
1348143.571254, 4
1348143.591714, 4
1348143.612181, 4
1348143.632641, 4
1348143.653100, 4
1348143.673560, 4
1348143.694020, 4
1348143.714480, 4
1348143.734939, 4
1348143.755399, 4
1348143.775858, 4
1348143.796320, 4
1348143.816779, 4
1348143.837239, 4
1348143.857701, 4
1348143.878161, 4
1348143.898620, 4
1348143.919341, 4
1348143.939799, 4
1348143.960266, 4
1348143.980726, 4
1348144.001187, 4
1348144.021659, 4
1348144.042160, 4
1348144.062632, 4
1348144.083099, 4
1348144.103562, 4
1348144.124006, 4
1348144.144468, 4
1348144.164929, 4
1348144.185395, 4
1348144.205856, 4
1348144.226318, 4
1348144.246779, 4
1348144.267243, 4
1348144.287704, 4
1348144.308166, 4
1348144.328628, 4
1348144.349089, 4
1348144.369552, 4
1348144.390220, 4
1348144.410688, 4
1348144.431158, 4
1348144.451620, 4
1348144.472086, 4
1348144.492549, 4
1348144.513010, 4
1348144.533472, 4
1348144.553932, 4
1348144.574393, 4
1348144.594854, 4
1348144.615316, 4
1348144.635777, 4
1348144.656240, 4
1348144.676703, 4
1348144.697165, 4
1348144.717626, 4
1348144.738111, 4
1348144.758573, 4
1348144.779033, 4
1348144.799494, 4
1348144.819954, 4
1348144.840414, 4
1348144.861104, 4
1348144.881563, 4
1348144.902023, 4
1348144.922486, 4
1348144.942946, 4
1348144.963406, 4
1348144.983866, 4
1348145.004328, 4
1348145.024788, 4
1348145.045247, 4
1348145.065707, 4
1348145.086167, 4
1348145.106627, 4
1348145.127086, 4
1348145.147546, 4
1348145.168006, 4
1348145.188466, 4
1348145.208926, 4
1348145.229386, 4
1348145.249845, 4
1348145.270309, 4
1348145.290768, 4
1348145.311229, 4
1348145.331688, 4
1348145.352149, 4
1348145.372609, 4
1348145.393233, 4
1348145.413692, 4
1348145.434155, 4
1348145.454615, 4
1348145.475075, 4
1348145.495534, 4
1348145.515993, 4
1348145.536458, 4
1348145.556918, 4
1348145.577377, 4
1348145.597836, 4
1348145.618295, 4
1348145.638755, 4
1348145.659214, 4
1348145.679674, 4
1348145.700134, 4
1348145.720595, 4
1348145.741056, 4
1348145.761516, 4
1348145.781975, 4
1348145.802435, 4
1348145.822896, 4
1348145.843356, 4
1348145.863817, 4
1348145.884281, 4
1348145.904740, 4
1348145.925387, 4
1348145.945846, 4
1348145.966305, 4
1348145.986765, 4
1348146.007225, 4
1348146.027687, 4
1348146.048147, 4
1348146.068629, 4
1348146.089124, 4
1348146.109592, 4
1348146.130057, 4
1348146.150520, 4
1348146.170980, 4
1348146.191440, 4
1348146.211900, 4
1348146.232378, 4
1348146.252838, 4
1348146.273300, 4
1348146.293760, 4
1348146.314220, 4
1348146.334680, 4
1348146.355140, 4
1348146.375601, 4
1348146.396293, 4
1348146.416754, 4
1348146.437213, 4
1348146.457675, 4
1348146.478136, 4
1348146.498596, 4
1348146.519056, 4
1348146.539516, 4
1348146.559975, 4
1348146.580435, 4
1348146.600894, 4
1348146.621355, 4
1348146.641814, 4
1348146.662273, 4
1348146.682732, 4
1348146.703193, 4
1348146.723652, 4
1348146.744114, 4
1348146.764573, 4
1348146.785033, 4
1348146.805494, 4
1348146.825956, 4
1348146.846417, 4
1348146.867146, 4
1348146.887606, 4
1348146.908075, 4
1348146.928537, 4
1348146.948998, 4
1348146.969461, 4
1348146.989923, 4
1348147.010384, 4
1348147.030848, 4
1348147.051310, 4
1348147.071773, 4
1348147.092250, 4
1348147.112743, 4
1348147.133215, 4
1348147.153681, 4
1348147.174143, 4
1348147.217900, 4
1348147.238361, 4
1348147.258824, 4
1348147.279286, 4
1348147.299747, 4
1348147.320239, 4
1348147.340712, 4
1348147.361178, 4
1348147.381653, 4
1348147.402137, 4
1348147.422768, 4
1348147.443223, 4
1348147.463679, 4
1348147.484133, 4
1348147.504589, 4
1348147.525043, 4
1348147.545500, 4
1348147.565955, 4
1348147.586410, 4
1348147.606869, 4
1348147.627356, 4
1348147.647844, 4
1348147.668313, 4
1348147.688782, 4
1348147.709246, 4
1348147.729707, 4
1348147.750169, 4
1348147.770640, 4
1348147.791103, 4
1348147.811567, 4
1348147.832005, 4
1348147.852471, 4
1348147.872968, 4
1348147.893675, 4
1348147.914148, 4
1348147.934627, 4
1348147.955119, 4
1348147.975588, 4
1348147.996006, 4
1348148.016468, 4
1348148.036933, 4
1348148.057423, 4
1348148.077894, 4
1348148.098364, 4
1348148.118855, 4
1348148.139352, 4
1348148.159821, 4
1348148.180296, 4
1348148.200760, 4
1348148.221222, 4
1348148.241684, 4
1348148.262147, 4
1348148.282609, 4
1348148.303293, 4
1348148.323757, 4
1348148.344213, 4
1348148.364703, 4
1348148.385198, 4
1348148.405665, 4
1348148.426128, 4
1348148.446589, 4
1348148.467050, 4
1348148.487510, 4
1348148.507973, 4
1348148.528435, 4
1348148.548897, 4
1348148.569357, 4
1348148.589824, 4
1348148.610322, 4
1348148.630793, 4
1348148.651258, 4
1348148.671720, 4
1348148.692189, 4
1348148.712657, 4
1348148.733145, 4
1348148.753611, 4
1348148.774170, 4
1348148.794632, 4
1348148.815094, 4
1348148.835559, 4
1348148.856009, 4
1348148.876480, 4
1348148.896942, 4
1348148.917409, 4
1348148.937901, 4
1348148.958366, 4
1348148.978835, 4
1348148.999298, 4
1348149.019760, 4
1348149.040224, 4
1348149.060693, 4
1348149.081158, 4
1348149.101650, 4
1348149.122126, 4
1348149.142659, 4
1348149.163147, 4
1348149.183808, 4
1348149.204277, 4
1348149.224739, 4
1348149.245199, 4
1348149.265661, 4
1348149.286120, 4
1348149.306582, 4
1348149.327049, 4
1348149.347536, 4
1348149.368007, 4
1348149.388475, 4
1348149.408939, 4
1348149.429418, 4
1348149.449882, 4
1348149.470353, 4
1348149.490815, 4
1348149.511274, 4
1348149.531741, 4
1348149.552203, 4
1348149.572669, 4
1348149.593154, 4
1348149.613626, 4
1348149.634090, 4
1348149.654681, 4
1348149.675140, 4
1348149.695600, 4
1348149.716067, 4
1348149.736526, 4
1348149.756986, 4
1348149.777446, 4
1348149.797906, 4
1348149.818371, 4
1348149.838856, 4
1348149.859326, 4
1348149.879789, 4
1348149.900251, 4
1348149.920716, 4
1348149.941198, 4
1348149.961668, 4
1348149.982130, 4
1348150.002592, 4
1348150.023053, 4
1348150.043512, 4
1348150.063979, 4
1348150.084475, 4
1348150.104945, 4
1348150.125536, 4
1348150.146005, 4
1348150.166518, 4
1348150.187000, 4
1348150.207470, 4
1348150.227934, 4
1348150.248395, 4
1348150.268857, 4
1348150.289318, 4
1348150.309783, 4
1348150.330284, 4
1348150.350757, 4
1348150.371225, 4
1348150.391687, 4
1348150.412152, 4
1348150.432613, 4
1348150.453073, 4
1348150.473534, 4
1348150.493994, 4
1348150.514454, 4
1348150.535183, 4
1348150.555648, 4
1348150.576138, 4
1348150.596604, 4
1348150.617066, 4
1348150.637526, 4
1348150.657986, 4
1348150.678447, 4
1348150.698907, 4
1348150.719366, 4
1348150.739826, 4
1348150.760287, 4
1348150.780746, 4
1348150.801211, 4
1348150.821703, 4
1348150.842170, 4
1348150.862632, 4
1348150.883094, 4
1348150.903555, 4
1348150.924016, 4
1348150.944502, 4
1348150.964971, 4
1348150.985433, 4
1348151.006054, 4
1348151.026514, 4
1348151.046978, 4
1348151.067458, 4
1348151.087931, 4
1348151.108398, 4
1348151.128858, 4
1348151.149318, 4
1348151.169783, 4
1348151.190284, 4
1348151.210779, 4
1348151.231252, 4
1348151.251718, 4
1348151.272190, 4
1348151.292658, 4
1348151.313151, 4
1348151.333618, 4
1348151.354085, 4
1348151.374547, 4
1348151.395008, 4
1348151.415718, 4
1348151.436186, 4
1348151.456646, 4
1348151.477106, 4
1348151.497568, 4
1348151.518029, 4
1348151.538494, 4
1348151.558993, 4
1348151.579465, 4
1348151.599929, 4
1348151.620391, 4
1348151.640851, 4
1348151.661312, 4
1348151.681771, 4
1348151.702231, 4
1348151.722691, 4
1348151.743150, 4
1348151.763614, 4
1348151.784083, 4
1348151.804563, 4
1348151.825032, 4
1348151.845493, 4
1348151.865954, 4
1348151.886619, 4
1348151.907079, 4
1348151.927543, 4
1348151.948010, 4
1348151.968478, 4
1348151.988939, 4
1348152.009404, 4
1348152.029908, 4
1348152.050406, 4
1348152.070871, 4
1348152.091333, 4
1348152.111794, 4
1348152.132256, 4
1348152.152716, 4
1348152.173184, 4
1348152.223285, 4
1348152.243747, 4
1348152.264213, 4
1348152.284705, 4
1348152.305172, 4
1348152.325637, 4
1348152.346097, 4
1348152.366559, 4
1348152.387023, 4
1348152.407484, 4
1348152.428139, 4
1348152.448636, 4
1348152.469106, 4
1348152.489571, 4
1348152.510037, 4
1348152.530522, 4
1348152.550987, 4
1348152.571451, 4
1348152.591912, 4
1348152.612375, 4
1348152.632838, 4
1348152.653300, 4
1348152.673760, 4
1348152.694222, 4
1348152.714684, 4
1348152.735144, 4
1348152.755609, 4
1348152.776124, 4
1348152.796596, 4
1348152.817059, 4
1348152.837793, 4
1348152.858254, 4
1348152.878715, 4
1348152.899176, 4
1348152.919640, 4
1348152.940142, 4
1348152.960611, 4
1348152.981074, 4
1348153.001540, 4
1348153.022019, 4
1348153.042489, 4
1348153.062951, 4
1348153.083413, 4
1348153.103874, 4
1348153.124350, 4
1348153.144810, 4
1348153.165271, 4
1348153.185733, 4
1348153.206193, 4
1348153.226659, 4
1348153.247160, 4
1348153.267653, 4
1348153.288157, 4
1348153.308693, 4
1348153.329159, 4
1348153.349632, 4
1348153.370101, 4
1348153.390580, 4
1348153.411048, 4
1348153.431511, 4
1348153.451972, 4
1348153.472436, 4
1348153.492902, 4
1348153.513392, 4
1348153.533858, 4
1348153.554322, 4
1348153.574783, 4
1348153.595245, 4
1348153.615705, 4
1348153.636167, 4
1348153.656635, 4
1348153.677095, 4
1348153.697555, 4
1348153.718016, 4
1348153.738481, 4
1348153.758982, 4
1348153.779556, 4
1348153.800007, 4
1348153.820468, 4
1348153.840929, 4
1348153.861390, 4
1348153.881849, 4
1348153.902309, 4
1348153.922774, 4
1348153.943269, 4
1348153.963740, 4
1348153.984209, 4
1348154.004704, 4
1348154.025175, 4
1348154.045639, 4
1348154.066102, 4
1348154.086563, 4
1348154.107040, 4
1348154.127510, 4
1348154.147973, 4
1348154.168435, 4
1348154.188898, 4
1348154.209358, 4
1348154.229822, 4
1348154.250449, 4
1348154.270920, 4
1348154.291383, 4
1348154.311843, 4
1348154.332304, 4
1348154.352765, 4
1348154.373225, 4
1348154.393685, 4
1348154.414146, 4
1348154.434607, 4
1348154.455067, 4
1348154.475531, 4
1348154.496012, 4
1348154.516485, 4
1348154.536948, 4
1348154.557408, 4
1348154.577868, 4
1348154.598331, 4
1348154.618791, 4
1348154.639253, 4
1348154.659718, 4
1348154.680187, 4
1348154.700648, 4
1348154.721315, 4
1348154.741808, 4
1348154.762285, 4
1348154.782748, 4
1348154.803208, 4
1348154.823668, 4
1348154.844129, 4
1348154.864589, 4
1348154.885049, 4
1348154.905508, 4
1348154.925972, 4
1348154.946461, 4
1348154.966936, 4
1348154.987432, 4
1348155.007913, 4
1348155.028379, 4
1348155.048840, 4
1348155.069303, 4
1348155.089765, 4
1348155.110225, 4
1348155.130688, 4
1348155.151147, 4
1348155.171608, 4
1348155.192292, 4
1348155.212757, 4
1348155.233246, 4
1348155.253714, 4
1348155.274183, 4
1348155.294679, 4
1348155.315154, 4
1348155.335618, 4
1348155.356085, 4
1348155.376547, 4
1348155.397015, 4
1348155.417477, 4
1348155.437938, 4
1348155.458405, 4
1348155.478900, 4
1348155.499366, 4
1348155.519828, 4
1348155.540292, 4
1348155.560754, 4
1348155.581214, 4
1348155.601962, 4
1348155.622424, 4
1348155.642884, 4
1348155.663344, 4
1348155.683806, 4
1348155.704280, 4
1348155.724770, 4
1348155.745236, 4
1348155.765700, 4
1348155.786161, 4
1348155.806621, 4
1348155.827087, 4
1348155.847574, 4
1348155.868007, 4
1348155.888474, 4
1348155.908943, 4
1348155.929433, 4
1348155.949898, 4
1348155.970357, 4
1348155.990813, 4
1348156.011557, 4
1348156.032009, 4
1348156.052490, 4
1348156.072954, 4
1348156.093413, 4
1348156.113870, 4
1348156.134325, 4
1348156.154779, 4
1348156.175233, 4
1348156.195687, 4
1348156.216149, 4
1348156.236606, 4
1348156.257062, 4
1348156.277518, 4
1348156.297979, 4
1348156.318457, 4
1348156.338923, 4
1348156.359396, 4
1348156.379889, 4
1348156.400392, 4
1348156.420867, 4
1348156.441358, 4
1348156.461831, 4
1348156.482406, 4
1348156.502873, 4
1348156.523336, 4
1348156.543798, 4
1348156.564269, 4
1348156.584733, 4
1348156.605197, 4
1348156.625661, 4
1348156.646127, 4
1348156.666611, 4
1348156.687078, 4
1348156.707545, 4
1348156.728006, 4
1348156.748469, 4
1348156.768937, 4
1348156.789429, 4
1348156.809898, 4
1348156.830363, 4
1348156.850832, 4
1348156.871317, 4
1348156.891790, 4
1348156.912255, 4
1348156.932726, 4
1348156.953323, 4
1348156.973785, 4
1348156.994248, 4
1348157.014715, 4
1348157.035219, 4
1348157.055700, 4
1348157.076165, 4
1348157.096627, 4
1348157.117088, 4
1348157.137549, 4
1348157.158015, 4
1348157.178477, 4
1348157.224141, 4
1348157.244605, 4
1348157.265069, 4
1348157.285550, 4
1348157.306017, 4
1348157.326483, 4
1348157.346972, 4
1348157.367709, 4
1348157.388180, 4
1348157.408643, 4
1348157.429107, 4
1348157.449571, 4
1348157.470033, 4
1348157.490498, 4
1348157.510961, 4
1348157.531424, 4
1348157.551887, 4
1348157.572356, 4
1348157.592821, 4
1348157.613284, 4
1348157.633747, 4
1348157.654211, 4
1348157.674676, 4
1348157.695142, 4
1348157.715607, 4
1348157.736076, 4
1348157.756537, 4
1348157.777000, 4
1348157.797461, 4
1348157.817924, 4
1348157.838608, 4
1348157.859070, 4
1348157.879533, 4
1348157.899996, 4
1348157.920462, 4
1348157.940924, 4
1348157.961387, 4
1348157.981849, 4
1348158.002311, 4
1348158.022775, 4
1348158.043239, 4
1348158.063737, 4
1348158.084207, 4
1348158.104669, 4
1348158.125133, 4
1348158.145599, 4
1348158.166060, 4
1348158.186524, 4
1348158.206985, 4
1348158.227446, 4
1348158.247908, 4
1348158.268372, 4
1348158.288834, 4
1348158.309508, 4
1348158.329971, 4
1348158.350439, 4
1348158.370935, 4
1348158.391420, 4
1348158.411890, 4
1348158.432388, 4
1348158.452857, 4
1348158.473322, 4
1348158.493786, 4
1348158.514246, 4
1348158.534709, 4
1348158.555171, 4
1348158.575635, 4
1348158.596101, 4
1348158.616564, 4
1348158.637027, 4
1348158.657494, 4
1348158.677979, 4
1348158.698445, 4
1348158.719179, 4
1348158.739642, 4
1348158.760105, 4
1348158.780569, 4
1348158.801053, 4
1348158.821521, 4
1348158.841985, 4
1348158.862448, 4
1348158.882909, 4
1348158.903406, 4
1348158.923894, 4
1348158.944391, 4
1348158.964860, 4
1348158.985328, 4
1348159.005802, 4
1348159.026299, 4
1348159.046771, 4
1348159.067292, 4
1348159.087763, 4
1348159.108229, 4
1348159.128867, 4
1348159.149332, 4
1348159.169792, 4
1348159.190252, 4
1348159.210710, 4
1348159.231170, 4
1348159.251630, 4
1348159.272091, 4
1348159.292550, 4
1348159.313010, 4
1348159.333470, 4
1348159.353936, 4
1348159.374395, 4
1348159.394866, 4
1348159.415330, 4
1348159.435789, 4
1348159.456253, 4
1348159.476715, 4
1348159.497175, 4
1348159.517635, 4
1348159.538095, 4
1348159.558555, 4
1348159.579015, 4
1348159.599476, 4
1348159.619936, 4
1348159.640402, 4
1348159.661008, 4
1348159.681469, 4
1348159.701929, 4
1348159.722389, 4
1348159.742848, 4
1348159.763308, 4
1348159.783770, 4
1348159.804231, 4
1348159.824692, 4
1348159.845152, 4
1348159.865611, 4
1348159.886075, 4
1348159.906536, 4
1348159.926995, 4
1348159.947455, 4
1348159.967915, 4
1348159.988375, 4
1348160.008841, 4
1348160.029331, 4
1348160.049798, 4
1348160.070265, 4
1348160.090727, 4
1348160.111187, 4
1348160.131905, 4
1348160.152376, 4
1348160.172838, 4
1348160.193298, 4
1348160.213757, 4
1348160.234216, 4
1348160.254676, 4
1348160.275135, 4
1348160.295595, 4
1348160.316007, 4
1348160.336467, 4
1348160.356927, 4
1348160.377390, 4
1348160.397850, 4
1348160.418310, 4
1348160.438775, 4
1348160.459275, 4
1348160.479751, 4
1348160.500216, 4
1348160.520677, 4
1348160.541140, 4
1348160.561601, 4
1348160.582062, 4
1348160.602784, 4
1348160.623251, 4
1348160.643711, 4
1348160.664179, 4
1348160.684639, 4
1348160.705098, 4
1348160.725558, 4
1348160.746018, 4
1348160.766478, 4
1348160.786937, 4
1348160.807398, 4
1348160.827857, 4
1348160.848317, 4
1348160.868779, 4
1348160.889239, 4
1348160.909699, 4
1348160.930161, 4
1348160.950623, 4
1348160.971082, 4
1348160.991543, 4
1348161.012006, 4
1348161.032465, 4
1348161.052924, 4
1348161.073680, 4
1348161.094140, 4
1348161.114600, 4
1348161.135059, 4
1348161.155518, 4
1348161.175982, 4
1348161.196472, 4
1348161.216938, 4
1348161.237401, 4
1348161.257861, 4
1348161.278321, 4
1348161.298781, 4
1348161.319240, 4
1348161.339699, 4
1348161.360163, 4
1348161.380623, 4
1348161.401084, 4
1348161.421546, 4
1348161.442007, 4
1348161.462467, 4
1348161.482931, 4
1348161.503393, 4
1348161.523852, 4
1348161.544585, 4
1348161.565044, 4
1348161.585506, 4
1348161.605970, 4
1348161.626431, 4
1348161.646890, 4
1348161.667350, 4
1348161.687810, 4
1348161.708274, 4
1348161.728734, 4
1348161.749193, 4
1348161.769652, 4
1348161.790111, 4
1348161.810570, 4
1348161.831032, 4
1348161.851493, 4
1348161.871953, 4
1348161.892414, 4
1348161.912873, 4
1348161.933335, 4
1348161.953797, 4
1348161.974256, 4
1348161.994716, 4
1348162.015177, 4
1348162.035637, 4
1348162.056098, 4
1348162.076836, 4
1348162.097295, 4
1348162.117755, 4
1348162.138214, 4
1348162.158673, 4
1348162.179133, 4
1348162.202300, 4
1348162.222802, 4
1348162.243262, 4
1348162.263721, 4
1348162.284188, 4
1348162.304654, 4
1348162.325114, 4
1348162.345573, 4
1348162.366034, 4
1348162.386495, 4
1348162.406956, 4
1348162.427416, 4
1348162.447881, 4
1348162.468391, 4
1348162.488859, 4
1348162.509323, 4
1348162.529785, 4
1348162.550248, 4
1348162.570711, 4
1348162.591179, 4
1348162.611639, 4
1348162.632103, 4
1348162.652563, 4
1348162.673023, 4
1348162.693693, 4
1348162.714153, 4
1348162.734614, 4
1348162.755074, 4
1348162.775534, 4
1348162.795993, 4
1348162.816460, 4
1348162.836922, 4
1348162.857383, 4
1348162.877846, 4
1348162.898307, 4
1348162.918767, 4
1348162.939227, 4
1348162.959686, 4
1348162.980146, 4
1348163.000606, 4
1348163.021065, 4
1348163.041526, 4
1348163.061986, 4
1348163.082445, 4
1348163.102907, 4
1348163.123367, 4
1348163.143827, 4
1348163.164290, 4
1348163.184750, 4
1348163.205210, 4
1348163.225843, 4
1348163.246302, 4
1348163.266762, 4
1348163.287221, 4
1348163.307681, 4
1348163.328141, 4
1348163.348600, 4
1348163.369063, 4
1348163.389562, 4
1348163.410033, 4
1348163.430498, 4
1348163.450975, 4
1348163.471439, 4
1348163.491900, 4
1348163.512367, 4
1348163.532827, 4
1348163.553286, 4
1348163.573750, 4
1348163.594210, 4
1348163.614670, 4
1348163.635130, 4
1348163.655591, 4
1348163.676006, 4
1348163.696728, 4
1348163.717223, 4
1348163.737691, 4
1348163.758155, 4
1348163.778617, 4
1348163.799077, 4
1348163.819537, 4
1348163.839997, 4
1348163.860468, 4
1348163.880936, 4
1348163.901397, 4
1348163.921857, 4
1348163.942316, 4
1348163.962776, 4
1348163.983244, 4
1348164.003709, 4
1348164.024244, 4
1348164.044740, 4
1348164.065234, 4
1348164.085705, 4
1348164.106353, 4
1348164.126823, 4
1348164.147308, 4
1348164.167780, 4
1348164.188249, 4
1348164.208719, 4
1348164.229216, 4
1348164.249688, 4
1348164.270153, 4
1348164.290622, 4
1348164.311119, 4
1348164.331637, 4
1348164.352125, 4
1348164.372598, 4
1348164.393121, 4
1348164.413597, 4
1348164.434065, 4
1348164.454785, 4
1348164.475245, 4
1348164.495716, 4
1348164.516217, 4
1348164.536688, 4
1348164.557152, 4
1348164.577613, 4
1348164.598078, 4
1348164.618539, 4
1348164.638999, 4
1348164.659459, 4
1348164.679920, 4
1348164.700383, 4
1348164.720845, 4
1348164.741351, 4
1348164.761812, 4
1348164.782271, 4
1348164.802740, 4
1348164.823201, 4
1348164.843661, 4
1348164.864122, 4
1348164.884636, 4
1348164.905114, 4
1348164.925653, 4
1348164.946133, 4
1348164.966600, 4
1348164.987067, 4
1348165.007531, 4
1348165.027994, 4
1348165.048497, 4
1348165.068992, 4
1348165.089460, 4
1348165.109924, 4
1348165.130386, 4
1348165.150910, 4
1348165.171373, 4
1348165.191836, 4
1348165.212305, 4
1348165.232767, 4
1348165.253231, 4
1348165.273705, 4
1348165.294194, 4
1348165.314659, 4
1348165.335337, 4
1348165.355800, 4
1348165.376268, 4
1348165.396730, 4
1348165.417191, 4
1348165.437654, 4
1348165.458119, 4
1348165.478581, 4
1348165.499043, 4
1348165.519507, 4
1348165.540005, 4
1348165.560475, 4
1348165.580942, 4
1348165.601405, 4
1348165.621877, 4
1348165.642338, 4
1348165.662798, 4
1348165.683261, 4
1348165.703722, 4
1348165.724189, 4
1348165.744652, 4
1348165.765117, 4
1348165.785594, 4
1348165.806222, 4
1348165.826687, 4
1348165.847150, 4
1348165.867615, 4
1348165.888082, 4
1348165.908546, 4
1348165.929035, 4
1348165.949505, 4
1348165.969969, 4
1348165.990430, 4
1348166.010891, 4
1348166.031352, 4
1348166.051814, 4
1348166.072276, 4
1348166.092736, 4
1348166.113195, 4
1348166.133654, 4
1348166.154124, 4
1348166.174587, 4
1348166.195048, 4
1348166.215511, 4
1348166.235971, 4
1348166.256436, 4
1348166.277081, 4
1348166.297541, 4
1348166.318001, 4
1348166.338460, 4
1348166.358920, 4
1348166.379447, 4
1348166.399908, 4
1348166.420370, 4
1348166.440830, 4
1348166.461291, 4
1348166.481754, 4
1348166.502214, 4
1348166.522673, 4
1348166.543138, 4
1348166.563640, 4
1348166.584111, 4
1348166.604574, 4
1348166.625038, 4
1348166.645498, 4
1348166.665959, 4
1348166.686424, 4
1348166.706884, 4
1348166.727345, 4
1348166.747958, 4
1348166.768419, 4
1348166.788883, 4
1348166.809343, 4
1348166.829804, 4
1348166.850264, 4
1348166.870724, 4
1348166.891187, 4
1348166.911649, 4
1348166.932143, 4
1348166.952626, 4
1348166.973093, 4
1348166.993562, 4
1348167.014061, 4
1348167.034550, 4
1348167.055051, 4
1348167.075523, 4
1348167.095990, 4
1348167.116458, 4
1348167.136921, 4
1348167.157654, 4
1348167.178117, 4
1348167.198581, 4
1348167.219042, 4
1348167.239506, 4
1348167.260005, 4
1348167.280472, 4
1348167.300935, 4
1348167.321396, 4
1348167.341858, 4
1348167.362320, 4
1348167.382781, 4
1348167.403245, 4
1348167.423708, 4
1348167.444177, 4
1348167.464639, 4
1348167.485104, 4
1348167.505598, 4
1348167.526066, 4
1348167.546529, 4
1348167.566993, 4
1348167.587485, 4
1348167.607952, 4
1348167.628553, 4
1348167.649017, 4
1348167.669478, 4
1348167.689941, 4
1348167.710403, 4
1348167.730869, 4
1348167.751365, 4
1348167.771835, 4
1348167.792300, 4
1348167.812767, 4
1348167.833251, 4
1348167.853719, 4
1348167.874186, 4
1348167.894651, 4
1348167.915122, 4
1348167.935608, 4
1348167.956097, 4
1348167.976575, 4
1348167.997050, 4
1348168.017519, 4
1348168.038215, 4
1348168.058703, 4
1348168.079174, 4
1348168.099639, 4
1348168.120121, 4
1348168.140589, 4
1348168.161055, 4
1348168.181520, 4
1348168.201982, 4
1348168.222447, 4
1348168.242938, 4
1348168.263405, 4
1348168.283867, 4
1348168.304333, 4
1348168.324799, 4
1348168.345262, 4
1348168.365728, 4
1348168.386221, 4
1348168.406705, 4
1348168.427172, 4
1348168.447901, 4
1348168.468397, 4
1348168.488863, 4
1348168.509326, 4
1348168.529787, 4
1348168.550251, 4
1348168.570712, 4
1348168.591178, 4
1348168.611667, 4
1348168.632167, 4
1348168.652652, 4
1348168.673151, 4
1348168.693649, 4
1348168.714147, 4
1348168.734658, 4
1348168.755131, 4
1348168.775595, 4
1348168.796064, 4
1348168.816525, 4
1348168.836986, 4
1348168.857592, 4
1348168.878052, 4
1348168.898511, 4
1348168.918971, 4
1348168.939431, 4
1348168.959891, 4
1348168.980357, 4
1348169.000817, 4
1348169.021277, 4
1348169.041737, 4
1348169.062197, 4
1348169.082657, 4
1348169.103116, 4
1348169.123575, 4
1348169.144006, 4
1348169.164465, 4
1348169.184925, 4
1348169.205385, 4
1348169.225845, 4
1348169.246304, 4
1348169.266764, 4
1348169.287226, 4
1348169.307686, 4
1348169.328147, 4
1348169.348607, 4
1348169.369067, 4
1348169.389705, 4
1348169.410166, 4
1348169.430626, 4
1348169.451086, 4
1348169.471546, 4
1348169.492007, 4
1348169.512471, 4
1348169.532931, 4
1348169.553391, 4
1348169.573851, 4
1348169.594311, 4
1348169.614777, 4
1348169.635279, 4
1348169.655778, 4
1348169.676249, 4
1348169.696714, 4
1348169.717181, 4
1348169.737647, 4
1348169.758110, 4
1348169.778573, 4
1348169.799037, 4
1348169.819503, 4
1348169.839967, 4
1348169.860601, 4
1348169.881064, 4
1348169.901526, 4
1348169.921992, 4
1348169.942455, 4
1348169.962918, 4
1348169.983381, 4
1348170.003843, 4
1348170.024309, 4
1348170.044772, 4
1348170.065233, 4
1348170.085694, 4
1348170.106156, 4
1348170.126621, 4
1348170.147084, 4
1348170.167546, 4
1348170.188006, 4
1348170.208470, 4
1348170.228935, 4
1348170.249398, 4
1348170.269869, 4
1348170.290329, 4
1348170.310790, 4
1348170.331483, 4
1348170.351945, 4
1348170.372407, 4
1348170.392870, 4
1348170.413331, 4
1348170.433795, 4
1348170.454256, 4
1348170.474717, 4
1348170.495177, 4
1348170.515638, 4
1348170.536102, 4
1348170.556564, 4
1348170.577025, 4
1348170.597486, 4
1348170.617946, 4
1348170.638412, 4
1348170.658910, 4
1348170.679406, 4
1348170.699877, 4
1348170.720352, 4
1348170.740820, 4
1348170.761283, 4
1348170.781744, 4
1348170.802369, 4
1348170.822830, 4
1348170.843291, 4
1348170.863757, 4
1348170.884220, 4
1348170.904681, 4
1348170.925143, 4
1348170.945604, 4
1348170.966068, 4
1348170.986529, 4
1348171.006990, 4
1348171.027452, 4
1348171.047912, 4
1348171.068377, 4
1348171.088838, 4
1348171.109299, 4
1348171.129759, 4
1348171.150222, 4
1348171.170686, 4
1348171.191152, 4
1348171.211656, 4
1348171.232161, 4
1348171.252630, 4
1348171.273257, 4
1348171.293719, 4
1348171.314179, 4
1348171.334641, 4
1348171.355102, 4
1348171.375567, 4
1348171.396006, 4
1348171.416465, 4
1348171.436926, 4
1348171.457386, 4
1348171.477849, 4
1348171.498310, 4
1348171.518770, 4
1348171.539230, 4
1348171.559690, 4
1348171.580155, 4
1348171.600617, 4
1348171.621079, 4
1348171.641539, 4
1348171.662002, 4
1348171.682490, 4
1348171.702957, 4
1348171.723422, 4
1348171.744150, 4
1348171.764611, 4
1348171.785074, 4
1348171.805535, 4
1348171.825995, 4
1348171.846458, 4
1348171.866918, 4
1348171.887382, 4
1348171.907843, 4
1348171.928305, 4
1348171.948765, 4
1348171.969226, 4
1348171.989688, 4
1348172.010155, 4
1348172.030657, 4
1348172.051130, 4
1348172.071596, 4
1348172.092068, 4
1348172.112529, 4
1348172.132989, 4
1348172.153450, 4
1348172.173911, 4
1348172.194372, 4
1348172.231623, 4
1348172.252086, 4
1348172.272546, 4
1348172.293005, 4
1348172.313467, 4
1348172.333926, 4
1348172.354387, 4
1348172.375113, 4
1348172.395574, 4
1348172.416006, 4
1348172.436471, 4
1348172.456934, 4
1348172.477393, 4
1348172.497853, 4
1348172.518313, 4
1348172.538773, 4
1348172.559233, 4
1348172.579692, 4
1348172.600153, 4
1348172.620613, 4
1348172.641073, 4
1348172.661532, 4
1348172.681993, 4
1348172.702497, 4
1348172.722989, 4
1348172.743457, 4
1348172.763922, 4
1348172.784393, 4
1348172.804872, 4
1348172.825335, 4
1348172.846016, 4
1348172.866478, 4
1348172.886939, 4
1348172.907399, 4
1348172.927859, 4
1348172.948322, 4
1348172.968782, 4
1348172.989242, 4
1348173.009701, 4
1348173.030161, 4
1348173.050620, 4
1348173.071080, 4
1348173.091541, 4
1348173.112005, 4
1348173.132466, 4
1348173.152928, 4
1348173.173388, 4
1348173.193849, 4
1348173.214309, 4
1348173.234768, 4
1348173.255229, 4
1348173.275688, 4
1348173.296149, 4
1348173.316885, 4
1348173.337344, 4
1348173.357804, 4
1348173.378273, 4
1348173.398758, 4
1348173.419227, 4
1348173.439689, 4
1348173.460151, 4
1348173.480615, 4
1348173.501075, 4
1348173.521535, 4
1348173.541996, 4
1348173.562456, 4
1348173.582920, 4
1348173.603380, 4
1348173.623841, 4
1348173.644302, 4
1348173.664772, 4
1348173.685235, 4
1348173.705697, 4
1348173.726194, 4
1348173.746682, 4
1348173.767153, 4
1348173.787778, 4
1348173.808241, 4
1348173.828702, 4
1348173.849162, 4
1348173.869623, 4
1348173.890086, 4
1348173.910548, 4
1348173.931008, 4
1348173.951468, 4
1348173.971928, 4
1348173.992392, 4
1348174.012852, 4
1348174.033312, 4
1348174.053772, 4
1348174.074232, 4
1348174.094691, 4
1348174.115155, 4
1348174.135617, 4
1348174.156078, 4
1348174.176540, 4
1348174.197003, 4
1348174.217467, 4
1348174.237927, 4
1348174.258636, 4
1348174.279097, 4
1348174.299557, 4
1348174.320006, 4
1348174.340465, 4
1348174.360930, 4
1348174.381389, 4
1348174.401852, 4
1348174.422316, 4
1348174.442776, 4
1348174.463235, 4
1348174.483695, 4
1348174.504155, 4
1348174.524618, 4
1348174.545078, 4
1348174.565538, 4
1348174.585998, 4
1348174.606457, 4
1348174.626920, 4
1348174.647381, 4
1348174.667849, 4
1348174.688311, 4
1348174.708771, 4
1348174.729238, 4
1348174.749729, 4
1348174.770197, 4
1348174.790874, 4
1348174.811336, 4
1348174.831801, 4
1348174.852274, 4
1348174.872734, 4
1348174.893195, 4
1348174.913656, 4
1348174.934119, 4
1348174.954580, 4
1348174.975041, 4
1348174.995501, 4
1348175.015961, 4
1348175.036425, 4
1348175.056886, 4
1348175.077346, 4
1348175.097807, 4
1348175.118267, 4
1348175.138730, 4
1348175.159192, 4
1348175.179651, 4
1348175.200113, 4
1348175.220574, 4
1348175.241036, 4
1348175.261745, 4
1348175.282204, 4
1348175.302664, 4
1348175.323123, 4
1348175.343584, 4
1348175.364006, 4
1348175.384467, 4
1348175.404927, 4
1348175.425387, 4
1348175.445847, 4
1348175.466309, 4
1348175.486769, 4
1348175.507228, 4
1348175.527687, 4
1348175.548148, 4
1348175.568610, 4
1348175.589071, 4
1348175.609533, 4
1348175.629993, 4
1348175.650453, 4
1348175.670918, 4
1348175.691379, 4
1348175.711839, 4
1348175.732301, 4
1348175.752766, 4
1348175.773253, 4
1348175.793841, 4
1348175.814304, 4
1348175.834771, 4
1348175.855231, 4
1348175.875695, 4
1348175.896157, 4
1348175.916617, 4
1348175.937078, 4
1348175.957538, 4
1348175.978002, 4
1348175.998462, 4
1348176.018927, 4
1348176.039417, 4
1348176.059886, 4
1348176.080363, 4
1348176.100824, 4
1348176.121284, 4
1348176.141746, 4
1348176.162211, 4
1348176.182676, 4
1348176.203138, 4
1348176.223599, 4
1348176.244066, 4
1348176.264723, 4
1348176.285185, 4
1348176.305645, 4
1348176.326106, 4
1348176.346565, 4
1348176.367026, 4
1348176.387489, 4
1348176.407951, 4
1348176.428413, 4
1348176.448873, 4
1348176.469333, 4
1348176.489795, 4
1348176.510255, 4
1348176.530716, 4
1348176.551175, 4
1348176.571635, 4
1348176.592126, 4
1348176.612613, 4
1348176.633075, 4
1348176.653535, 4
1348176.674000, 4
1348176.694460, 4
1348176.714923, 4
1348176.735616, 4
1348176.756080, 4
1348176.776540, 4
1348176.797001, 4
1348176.817470, 4
1348176.837930, 4
1348176.858390, 4
1348176.878849, 4
1348176.899309, 4
1348176.919772, 4
1348176.940234, 4
1348176.960696, 4
1348176.981156, 4
1348177.001616, 4
1348177.022079, 4
1348177.042540, 4
1348177.063006, 4
1348177.083468, 4
1348177.103928, 4
1348177.124391, 4
1348177.144853, 4
1348177.165313, 4
1348177.185774, 4
1348177.237349, 4
1348177.257821, 4
1348177.278283, 4
1348177.298743, 4
1348177.319209, 4
1348177.339673, 4
1348177.360136, 4
1348177.380740, 4
1348177.401201, 4
1348177.421661, 4
1348177.442126, 4
1348177.462586, 4
1348177.483061, 4
1348177.503523, 4
1348177.523983, 4
1348177.544448, 4
1348177.564908, 4
1348177.585367, 4
1348177.605827, 4
1348177.626287, 4
1348177.646749, 4
1348177.667210, 4
1348177.687672, 4
1348177.708133, 4
1348177.728595, 4
1348177.749058, 4
1348177.769518, 4
1348177.789979, 4
1348177.810442, 4
1348177.830940, 4
1348177.851660, 4
1348177.872123, 4
1348177.892584, 4
1348177.913045, 4
1348177.933511, 4
1348177.953974, 4
1348177.974436, 4
1348177.994896, 4
1348178.015356, 4
1348178.035817, 4
1348178.056283, 4
1348178.076745, 4
1348178.097205, 4
1348178.117665, 4
1348178.138126, 4
1348178.158588, 4
1348178.179049, 4
1348178.199512, 4
1348178.219972, 4
1348178.240433, 4
1348178.260898, 4
1348178.281359, 4
1348178.301820, 4
1348178.322574, 4
1348178.343034, 4
1348178.363497, 4
1348178.383962, 4
1348178.404457, 4
1348178.424924, 4
1348178.445386, 4
1348178.465850, 4
1348178.486312, 4
1348178.506772, 4
1348178.527232, 4
1348178.547693, 4
1348178.568156, 4
1348178.588617, 4
1348178.609078, 4
1348178.629537, 4
1348178.649997, 4
1348178.670458, 4
1348178.690920, 4
1348178.711384, 4
1348178.731871, 4
1348178.752349, 4
1348178.772812, 4
1348178.793529, 4
1348178.813990, 4
1348178.834453, 4
1348178.854954, 4
1348178.875426, 4
1348178.895894, 4
1348178.916362, 4
1348178.936824, 4
1348178.957286, 4
1348178.977748, 4
1348178.998212, 4
1348179.018673, 4
1348179.039132, 4
1348179.059593, 4
1348179.080006, 4
1348179.100469, 4
1348179.120929, 4
1348179.141391, 4
1348179.161851, 4
1348179.182312, 4
1348179.202776, 4
1348179.223237, 4
1348179.243698, 4
1348179.264460, 4
1348179.284920, 4
1348179.305383, 4
1348179.325843, 4
1348179.346302, 4
1348179.366762, 4
1348179.387223, 4
1348179.407685, 4
1348179.428148, 4
1348179.448611, 4
1348179.469070, 4
1348179.489533, 4
1348179.509997, 4
1348179.530457, 4
1348179.550917, 4
1348179.571377, 4
1348179.591837, 4
1348179.612302, 4
1348179.632763, 4
1348179.653223, 4
1348179.673684, 4
1348179.694144, 4
1348179.714605, 4
1348179.735336, 4
1348179.755796, 4
1348179.776263, 4
1348179.796728, 4
1348179.817215, 4
1348179.837680, 4
1348179.858150, 4
1348179.878644, 4
1348179.899113, 4
1348179.919576, 4
1348179.940007, 4
1348179.960468, 4
1348179.980928, 4
1348180.001389, 4
1348180.021854, 4
1348180.042332, 4
1348180.062795, 4
1348180.083259, 4
1348180.103721, 4
1348180.124190, 4
1348180.144652, 4
1348180.165117, 4
1348180.185581, 4
1348180.206200, 4
1348180.226659, 4
1348180.247121, 4
1348180.267582, 4
1348180.288006, 4
1348180.308467, 4
1348180.328927, 4
1348180.349386, 4
1348180.369845, 4
1348180.390306, 4
1348180.410768, 4
1348180.431228, 4
1348180.451687, 4
1348180.472148, 4
1348180.492608, 4
1348180.513067, 4
1348180.533526, 4
1348180.553988, 4
1348180.574447, 4
1348180.594907, 4
1348180.615377, 4
1348180.635837, 4
1348180.656297, 4
1348180.676757, 4
1348180.697216, 4
1348180.717675, 4
1348180.738303, 4
1348180.758763, 4
1348180.779222, 4
1348180.799682, 4
1348180.820143, 4
1348180.840604, 4
1348180.861063, 4
1348180.881524, 4
1348180.902013, 4
1348180.922506, 4
1348180.942973, 4
1348180.963435, 4
1348180.983895, 4
1348181.004361, 4
1348181.024823, 4
1348181.045283, 4
1348181.065743, 4
1348181.086207, 4
1348181.106669, 4
1348181.127128, 4
1348181.147595, 4
1348181.168062, 4
1348181.188527, 4
1348181.209241, 4
1348181.229709, 4
1348181.250174, 4
1348181.270635, 4
1348181.291096, 4
1348181.311557, 4
1348181.332006, 4
1348181.352466, 4
1348181.372925, 4
1348181.393385, 4
1348181.413844, 4
1348181.434305, 4
1348181.454765, 4
1348181.475225, 4
1348181.495684, 4
1348181.516145, 4
1348181.536604, 4
1348181.557075, 4
1348181.577535, 4
1348181.597995, 4
1348181.618463, 4
1348181.638923, 4
1348181.659382, 4
1348181.680078, 4
1348181.700538, 4
1348181.720996, 4
1348181.741455, 4
1348181.761915, 4
1348181.782373, 4
1348181.802833, 4
1348181.823292, 4
1348181.843752, 4
1348181.864212, 4
1348181.884671, 4
1348181.905137, 4
1348181.925636, 4
1348181.946115, 4
1348181.966582, 4
1348181.987046, 4
1348182.007509, 4
1348182.027974, 4
1348182.048437, 4
1348182.068902, 4
1348182.089367, 4
1348182.109830, 4
1348182.130292, 4
1348182.150957, 4
1348182.171429, 4
1348182.191893, 4
1348182.238168, 4
1348182.258632, 4
1348182.279097, 4
1348182.299560, 4
1348182.320005, 4
1348182.340466, 4
1348182.360928, 4
1348182.381678, 4
1348182.402142, 4
1348182.422605, 4
1348182.443067, 4
1348182.463534, 4
1348182.483999, 4
1348182.504470, 4
1348182.524933, 4
1348182.545395, 4
1348182.565856, 4
1348182.586320, 4
1348182.606781, 4
1348182.627242, 4
1348182.647703, 4
1348182.668166, 4
1348182.688631, 4
1348182.709095, 4
1348182.729559, 4
1348182.750020, 4
1348182.770482, 4
1348182.790947, 4
1348182.811410, 4
1348182.831872, 4
1348182.852552, 4
1348182.873014, 4
1348182.893479, 4
1348182.913946, 4
1348182.934505, 4
1348182.954989, 4
1348182.975455, 4
1348182.995919, 4
1348183.016388, 4
1348183.036854, 4
1348183.057317, 4
1348183.077782, 4
1348183.098244, 4
1348183.118707, 4
1348183.139171, 4
1348183.159632, 4
1348183.180094, 4
1348183.200571, 4
1348183.221034, 4
1348183.241493, 4
1348183.262190, 4
1348183.282650, 4
1348183.303109, 4
1348183.323569, 4
1348183.344004, 4
1348183.364463, 4
1348183.384922, 4
1348183.405382, 4
1348183.425841, 4
1348183.446303, 4
1348183.466763, 4
1348183.487222, 4
1348183.507680, 4
1348183.528141, 4
1348183.548600, 4
1348183.569058, 4
1348183.589517, 4
1348183.609977, 4
1348183.630438, 4
1348183.650899, 4
1348183.671359, 4
1348183.691819, 4
1348183.712281, 4
1348183.732740, 4
1348183.753199, 4
1348183.773659, 4
1348183.794257, 4
1348183.814717, 4
1348183.835176, 4
1348183.855634, 4
1348183.876095, 4
1348183.896553, 4
1348183.917012, 4
1348183.937470, 4
1348183.957936, 4
1348183.978429, 4
1348183.998900, 4
1348184.019363, 4
1348184.039825, 4
1348184.060287, 4
1348184.080747, 4
1348184.101207, 4
1348184.121667, 4
1348184.142128, 4
1348184.162588, 4
1348184.183050, 4
1348184.203510, 4
1348184.223970, 4
1348184.244430, 4
1348184.265154, 4
1348184.285613, 4
1348184.306072, 4
1348184.326530, 4
1348184.346991, 4
1348184.367451, 4
1348184.387909, 4
1348184.408372, 4
1348184.428834, 4
1348184.449298, 4
1348184.469759, 4
1348184.490219, 4
1348184.510682, 4
1348184.531147, 4
1348184.551607, 4
1348184.572078, 4
1348184.592543, 4
1348184.613006, 4
1348184.633468, 4
1348184.653930, 4
1348184.674401, 4
1348184.694887, 4
1348184.715357, 4
1348184.736004, 4
1348184.756467, 4
1348184.776932, 4
1348184.797393, 4
1348184.817854, 4
1348184.838317, 4
1348184.858778, 4
1348184.879239, 4
1348184.899699, 4
1348184.920162, 4
1348184.940622, 4
1348184.961089, 4
1348184.981582, 4
1348185.002051, 4
1348185.022525, 4
1348185.042989, 4
1348185.063451, 4
1348185.083914, 4
1348185.104379, 4
1348185.124840, 4
1348185.145302, 4
1348185.165767, 4
1348185.186227, 4
1348185.206912, 4
1348185.227373, 4
1348185.247833, 4
1348185.268294, 4
1348185.288756, 4
1348185.309219, 4
1348185.329679, 4
1348185.350139, 4
1348185.370602, 4
1348185.391063, 4
1348185.411526, 4
1348185.431987, 4
1348185.452448, 4
1348185.472912, 4
1348185.493373, 4
1348185.513836, 4
1348185.534296, 4
1348185.554758, 4
1348185.575219, 4
1348185.595679, 4
1348185.616150, 4
1348185.636609, 4
1348185.657069, 4
1348185.677766, 4
1348185.698225, 4
1348185.718686, 4
1348185.739145, 4
1348185.759603, 4
1348185.780066, 4
1348185.800525, 4
1348185.820984, 4
1348185.841446, 4
1348185.861905, 4
1348185.882364, 4
1348185.902823, 4
1348185.923282, 4
1348185.943740, 4
1348185.964200, 4
1348185.984660, 4
1348186.005128, 4
1348186.025589, 4
1348186.046048, 4
1348186.066506, 4
1348186.086966, 4
1348186.107425, 4
1348186.127882, 4
1348186.148604, 4
1348186.169063, 4
1348186.189522, 4
1348186.209982, 4
1348186.230440, 4
1348186.250899, 4
1348186.271358, 4
1348186.291817, 4
1348186.312279, 4
1348186.332739, 4
1348186.353200, 4
1348186.373659, 4
1348186.394122, 4
1348186.414584, 4
1348186.435044, 4
1348186.455505, 4
1348186.475964, 4
1348186.496424, 4
1348186.516886, 4
1348186.537346, 4
1348186.557806, 4
1348186.578267, 4
1348186.598726, 4
1348186.619475, 4
1348186.639936, 4
1348186.660394, 4
1348186.680856, 4
1348186.701336, 4
1348186.721809, 4
1348186.742277, 4
1348186.762741, 4
1348186.783202, 4
1348186.803661, 4
1348186.824141, 4
1348186.844602, 4
1348186.865062, 4
1348186.885521, 4
1348186.905983, 4
1348186.926441, 4
1348186.946900, 4
1348186.967360, 4
1348186.987819, 4
1348187.008279, 4
1348187.028744, 4
1348187.049234, 4
1348187.069701, 4
1348187.090350, 4
1348187.110811, 4
1348187.131270, 4
1348187.151730, 4
1348187.172193, 4
1348187.192651, 4
1348187.243575, 4
1348187.264004, 4
1348187.284464, 4
1348187.304923, 4
1348187.325391, 4
1348187.345850, 4
1348187.366309, 4
1348187.386999, 4
1348187.407457, 4
1348187.427920, 4
1348187.448380, 4
1348187.468840, 4
1348187.489302, 4
1348187.509761, 4
1348187.530221, 4
1348187.550682, 4
1348187.571142, 4
1348187.591601, 4
1348187.612067, 4
1348187.632525, 4
1348187.652984, 4
1348187.673441, 4
1348187.693900, 4
1348187.714359, 4
1348187.734819, 4
1348187.755278, 4
1348187.775737, 4
1348187.796195, 4
1348187.816655, 4
1348187.837119, 4
1348187.857856, 4
1348187.878317, 4
1348187.898777, 4
1348187.919235, 4
1348187.939695, 4
1348187.960155, 4
1348187.980613, 4
1348188.001074, 4
1348188.021533, 4
1348188.041998, 4
1348188.062503, 4
1348188.082975, 4
1348188.103444, 4
1348188.123904, 4
1348188.144367, 4
1348188.164826, 4
1348188.185285, 4
1348188.205746, 4
1348188.226209, 4
1348188.246669, 4
1348188.267131, 4
1348188.287592, 4
1348188.308005, 4
1348188.328738, 4
1348188.349204, 4
1348188.369664, 4
1348188.390127, 4
1348188.410593, 4
1348188.431054, 4
1348188.451516, 4
1348188.471976, 4
1348188.492440, 4
1348188.512899, 4
1348188.533359, 4
1348188.553821, 4
1348188.574281, 4
1348188.594745, 4
1348188.615204, 4
1348188.635663, 4
1348188.656124, 4
1348188.676590, 4
1348188.697090, 4
1348188.717563, 4
1348188.738028, 4
1348188.758489, 4
1348188.778951, 4
1348188.799614, 4
1348188.820076, 4
1348188.840536, 4
1348188.860995, 4
1348188.881458, 4
1348188.901918, 4
1348188.922379, 4
1348188.942839, 4
1348188.963298, 4
1348188.983757, 4
1348189.004218, 4
1348189.024677, 4
1348189.045136, 4
1348189.065602, 4
1348189.086101, 4
1348189.106565, 4
1348189.127030, 4
1348189.147500, 4
1348189.167961, 4
1348189.188423, 4
1348189.208884, 4
1348189.229347, 4
1348189.249806, 4
1348189.270500, 4
1348189.290960, 4
1348189.311419, 4
1348189.331878, 4
1348189.352343, 4
1348189.372802, 4
1348189.393263, 4
1348189.413724, 4
1348189.434183, 4
1348189.454643, 4
1348189.475106, 4
1348189.495567, 4
1348189.516004, 4
1348189.536463, 4
1348189.556923, 4
1348189.577381, 4
1348189.597840, 4
1348189.618300, 4
1348189.638759, 4
1348189.659218, 4
1348189.679677, 4
1348189.700137, 4
1348189.720596, 4
1348189.741059, 4
1348189.761517, 4
1348189.781976, 4
1348189.802622, 4
1348189.823081, 4
1348189.843540, 4
1348189.863999, 4
1348189.884468, 4
1348189.904929, 4
1348189.925388, 4
1348189.945847, 4
1348189.966308, 4
1348189.986766, 4
1348190.007225, 4
1348190.027684, 4
1348190.048143, 4
1348190.068602, 4
1348190.089066, 4
1348190.109559, 4
1348190.130031, 4
1348190.150501, 4
1348190.170963, 4
1348190.191426, 4
1348190.211895, 4
1348190.232362, 4
1348190.252822, 4
1348190.273282, 4
1348190.293744, 4
1348190.314211, 4
1348190.334850, 4
1348190.355309, 4
1348190.375771, 4
1348190.396235, 4
1348190.416694, 4
1348190.437155, 4
1348190.457618, 4
1348190.478077, 4
1348190.498541, 4
1348190.519001, 4
1348190.539461, 4
1348190.559928, 4
1348190.580392, 4
1348190.600887, 4
1348190.621385, 4
1348190.641884, 4
1348190.662382, 4
1348190.682897, 4
1348190.703389, 4
1348190.723858, 4
1348190.744325, 4
1348190.764786, 4
1348190.785250, 4
1348190.805871, 4
1348190.826333, 4
1348190.846794, 4
1348190.867255, 4
1348190.887714, 4
1348190.908182, 4
1348190.928643, 4
1348190.949106, 4
1348190.969566, 4
1348190.990025, 4
1348191.010486, 4
1348191.030946, 4
1348191.051405, 4
1348191.071868, 4
1348191.092328, 4
1348191.112793, 4
1348191.133289, 4
1348191.153764, 4
1348191.174228, 4
1348191.194689, 4
1348191.215160, 4
1348191.235620, 4
1348191.256084, 4
1348191.276548, 4
1348191.297016, 4
1348191.317478, 4
1348191.338117, 4
1348191.358580, 4
1348191.379039, 4
1348191.399500, 4
1348191.419960, 4
1348191.440420, 4
1348191.460879, 4
1348191.481344, 4
1348191.501803, 4
1348191.522287, 4
1348191.542771, 4
1348191.563236, 4
1348191.583697, 4
1348191.604159, 4
1348191.624618, 4
1348191.645080, 4
1348191.665541, 4
1348191.686002, 4
1348191.706464, 4
1348191.726924, 4
1348191.747385, 4
1348191.767844, 4
1348191.788304, 4
1348191.809018, 4
1348191.829477, 4
1348191.849937, 4
1348191.870399, 4
1348191.890857, 4
1348191.911318, 4
1348191.931778, 4
1348191.952237, 4
1348191.972698, 4
1348191.993159, 4
1348192.013619, 4
1348192.034078, 4
1348192.054537, 4
1348192.074997, 4
1348192.095456, 4
1348192.115915, 4
1348192.136380, 4
1348192.156885, 4
1348192.177364, 4
1348192.197827, 4
1348192.218301, 4
1348192.238762, 4
1348192.259224, 4
1348192.279911, 4
1348192.300369, 4
1348192.320830, 4
1348192.341292, 4
1348192.361751, 4
1348192.382211, 4
1348192.402673, 4
1348192.423138, 4
1348192.443632, 4
1348192.464099, 4
1348192.484565, 4
1348192.505085, 4
1348192.525581, 4
1348192.546078, 4
1348192.566576, 4
1348192.587042, 4
1348192.607505, 4
1348192.627975, 4
1348192.648436, 4
1348192.668896, 4
1348192.689591, 4
1348192.710051, 4
1348192.730511, 4
1348192.750970, 4
1348192.771429, 4
1348192.791889, 4
1348192.812358, 4
1348192.832820, 4
1348192.853280, 4
1348192.873739, 4
1348192.894199, 4
1348192.914658, 4
1348192.935117, 4
1348192.955576, 4
1348192.976006, 4
1348192.996466, 4
1348193.016930, 4
1348193.037393, 4
1348193.057853, 4
1348193.078313, 4
1348193.098774, 4
1348193.119234, 4
1348193.139694, 4
1348193.160161, 4
1348193.180652, 4
1348193.201121, 4
1348193.221720, 4
1348193.242181, 4
1348193.262643, 4
1348193.283106, 4
1348193.303567, 4
1348193.324007, 4
1348193.344467, 4
1348193.364928, 4
1348193.385393, 4
1348193.405896, 4
1348193.426398, 4
1348193.446870, 4
1348193.467334, 4
1348193.487795, 4
1348193.508266, 4
1348193.528727, 4
1348193.549186, 4
1348193.569651, 4
1348193.590111, 4
1348193.610571, 4
1348193.631033, 4
1348193.651493, 4
1348193.671953, 4
1348193.692595, 4
1348193.713059, 4
1348193.733559, 4
1348193.754032, 4
1348193.774497, 4
1348193.794958, 4
1348193.815419, 4
1348193.835879, 4
1348193.856347, 4
1348193.876808, 4
1348193.897268, 4
1348193.917728, 4
1348193.938187, 4
1348193.958647, 4
1348193.979106, 4
1348193.999568, 4
1348194.020006, 4
1348194.040470, 4
1348194.060936, 4
1348194.081436, 4
1348194.101905, 4
1348194.122366, 4
1348194.142827, 4
1348194.163470, 4
1348194.183935, 4
1348194.204426, 4
1348194.224891, 4
1348194.245356, 4
1348194.265817, 4
1348194.286277, 4
1348194.306738, 4
1348194.327201, 4
1348194.347662, 4
1348194.368124, 4
1348194.388592, 4
1348194.409054, 4
1348194.429515, 4
1348194.449975, 4
1348194.470436, 4
1348194.490902, 4
1348194.511363, 4
1348194.531824, 4
1348194.552286, 4
1348194.572747, 4
1348194.593210, 4
1348194.613670, 4
1348194.634356, 4
1348194.654817, 4
1348194.675277, 4
1348194.695737, 4
1348194.716196, 4
1348194.736656, 4
1348194.757115, 4
1348194.777575, 4
1348194.798035, 4
1348194.818494, 4
1348194.838955, 4
1348194.859415, 4
1348194.879876, 4
1348194.900343, 4
1348194.920804, 4
1348194.941264, 4
1348194.961723, 4
1348194.982185, 4
1348195.002645, 4
1348195.023104, 4
1348195.043572, 4
1348195.064014, 4
1348195.084513, 4
1348195.104985, 4
1348195.125448, 4
1348195.145909, 4
1348195.166501, 4
1348195.186961, 4
1348195.207427, 4
1348195.227922, 4
1348195.248400, 4
1348195.268867, 4
1348195.289329, 4
1348195.309789, 4
1348195.330250, 4
1348195.350711, 4
1348195.371171, 4
1348195.391632, 4
1348195.412093, 4
1348195.432553, 4
1348195.453013, 4
1348195.473473, 4
1348195.493934, 4
1348195.514395, 4
1348195.534856, 4
1348195.555316, 4
1348195.575778, 4
1348195.596240, 4
1348195.616703, 4
1348195.637389, 4
1348195.657849, 4
1348195.678310, 4
1348195.698770, 4
1348195.719229, 4
1348195.739690, 4
1348195.760150, 4
1348195.780610, 4
1348195.801070, 4
1348195.821530, 4
1348195.841990, 4
1348195.862450, 4
1348195.882911, 4
1348195.903371, 4
1348195.923831, 4
1348195.944292, 4
1348195.964752, 4
1348195.985214, 4
1348196.005680, 4
1348196.026167, 4
1348196.046634, 4
1348196.067102, 4
1348196.087600, 4
1348196.108294, 4
1348196.128758, 4
1348196.149218, 4
1348196.169695, 4
1348196.190160, 4
1348196.210624, 4
1348196.231086, 4
1348196.251546, 4
1348196.272006, 4
1348196.292466, 4
1348196.312926, 4
1348196.333386, 4
1348196.353846, 4
1348196.374307, 4
1348196.394768, 4
1348196.415232, 4
1348196.435692, 4
1348196.456157, 4
1348196.476617, 4
1348196.497078, 4
1348196.517546, 4
1348196.538006, 4
1348196.558466, 4
1348196.579158, 4
1348196.599619, 4
1348196.620082, 4
1348196.640545, 4
1348196.661004, 4
1348196.681464, 4
1348196.701924, 4
1348196.722383, 4
1348196.742843, 4
1348196.763303, 4
1348196.783763, 4
1348196.804224, 4
1348196.824684, 4
1348196.845143, 4
1348196.865605, 4
1348196.886065, 4
1348196.906524, 4
1348196.926987, 4
1348196.947447, 4
1348196.967907, 4
1348196.988369, 4
1348197.008829, 4
1348197.029289, 4
1348197.050027, 4
1348197.070494, 4
1348197.090995, 4
1348197.111468, 4
1348197.131931, 4
1348197.152395, 4
1348197.172855, 4
1348197.193315, 4
1348197.213775, 4
1348197.234235, 4
1348197.254699, 4
1348197.275193, 4
1348197.295696, 4
1348197.316166, 4
1348197.336630, 4
1348197.357092, 4
1348197.377553, 4
1348197.398015, 4
1348197.418477, 4
1348197.438939, 4
1348197.459400, 4
1348197.479861, 4
1348197.500322, 4
1348197.520939, 4
1348197.541400, 4
1348197.561860, 4
1348197.582320, 4
1348197.602779, 4
1348197.623239, 4
1348197.643700, 4
1348197.664164, 4
1348197.684625, 4
1348197.705085, 4
1348197.725545, 4
1348197.746006, 4
1348197.766468, 4
1348197.786929, 4
1348197.807390, 4
1348197.827850, 4
1348197.848313, 4
1348197.868774, 4
1348197.889234, 4
1348197.909693, 4
1348197.930153, 4
1348197.950614, 4
1348197.971074, 4
1348197.991816, 4
1348198.012279, 4
1348198.032740, 4
1348198.053201, 4
1348198.073664, 4
1348198.094147, 4
1348198.114616, 4
1348198.135079, 4
1348198.155540, 4
1348198.175999, 4
1348198.196467, 4
1348198.216931, 4
1348198.237391, 4
1348198.257851, 4
1348198.278291, 4
1348198.298800, 4
1348198.319304, 4
1348198.339816, 4
1348198.360301, 4
1348198.380769, 4
1348198.401479, 4
1348198.421944, 4
1348198.442407, 4
1348198.462868, 4
1348198.483327, 4
1348198.503786, 4
1348198.524247, 4
1348198.544706, 4
1348198.565165, 4
1348198.585626, 4
1348198.606084, 4
1348198.626543, 4
1348198.647006, 4
1348198.667465, 4
1348198.687929, 4
1348198.708430, 4
1348198.728927, 4
1348198.749426, 4
1348198.769895, 4
1348198.790357, 4
1348198.810818, 4
1348198.831279, 4
1348198.851738, 4
1348198.872331, 4
1348198.892789, 4
1348198.913247, 4
1348198.933710, 4
1348198.954168, 4
1348198.974627, 4
1348198.995085, 4
1348199.015544, 4
1348199.036004, 4
1348199.056463, 4
1348199.076922, 4
1348199.097384, 4
1348199.117843, 4
1348199.138302, 4
1348199.158763, 4
1348199.179224, 4
1348199.199682, 4
1348199.220143, 4
1348199.240602, 4
1348199.261060, 4
1348199.281522, 4
1348199.301984, 4
1348199.322493, 4
1348199.343273, 4
1348199.363748, 4
1348199.384211, 4
1348199.404674, 4
1348199.425135, 4
1348199.445595, 4
1348199.466056, 4
1348199.486518, 4
1348199.506979, 4
1348199.527438, 4
1348199.547900, 4
1348199.568362, 4
1348199.588825, 4
1348199.609284, 4
1348199.629744, 4
1348199.650206, 4
1348199.670664, 4
1348199.691125, 4
1348199.711586, 4
1348199.732005, 4
1348199.752466, 4
1348199.772926, 4
1348199.793384, 4
1348199.814113, 4
1348199.834572, 4
1348199.855031, 4
1348199.875491, 4
1348199.895950, 4
1348199.916409, 4
1348199.936869, 4
1348199.957328, 4
1348199.977787, 4
1348199.998247, 4
1348200.018706, 4
1348200.039165, 4
1348200.059625, 4
1348200.080084, 4
1348200.100542, 4
1348200.121002, 4
1348200.141461, 4
1348200.161922, 4
1348200.182381, 4
1348200.202840, 4
1348200.223299, 4
1348200.243758, 4
1348200.264219, 4
1348200.284678, 4
1348200.305137, 4
1348200.325606, 4
1348200.346373, 4
1348200.366849, 4
1348200.387314, 4
1348200.407778, 4
1348200.428242, 4
1348200.448703, 4
1348200.469164, 4
1348200.489624, 4
1348200.510084, 4
1348200.530545, 4
1348200.551004, 4
1348200.571464, 4
1348200.591924, 4
1348200.612386, 4
1348200.632850, 4
1348200.653311, 4
1348200.673771, 4
1348200.694234, 4
1348200.714694, 4
1348200.735154, 4
1348200.755615, 4
1348200.776078, 4
1348200.796538, 4
1348200.816999, 4
1348200.837476, 4
1348200.857939, 4
1348200.878538, 4
1348200.898998, 4
1348200.919458, 4
1348200.939917, 4
1348200.960376, 4
1348200.980835, 4
1348201.001296, 4
1348201.021755, 4
1348201.042215, 4
1348201.062679, 4
1348201.083170, 4
1348201.103643, 4
1348201.124107, 4
1348201.144573, 4
1348201.165035, 4
1348201.185495, 4
1348201.205959, 4
1348201.226462, 4
1348201.246931, 4
1348201.267396, 4
1348201.287858, 4
1348201.308321, 4
1348201.328781, 4
1348201.349427, 4
1348201.369921, 4
1348201.390399, 4
1348201.410871, 4
1348201.431338, 4
1348201.451801, 4
1348201.472272, 4
1348201.492733, 4
1348201.513193, 4
1348201.533656, 4
1348201.554116, 4
1348201.574577, 4
1348201.595038, 4
1348201.615498, 4
1348201.635964, 4
1348201.656425, 4
1348201.676885, 4
1348201.697347, 4
1348201.717807, 4
1348201.738266, 4
1348201.758727, 4
1348201.779188, 4
1348201.799648, 4
1348201.820274, 4
1348201.840735, 4
1348201.861195, 4
1348201.881655, 4
1348201.902115, 4
1348201.922575, 4
1348201.943035, 4
1348201.963495, 4
1348201.983955, 4
1348202.004416, 4
1348202.024875, 4
1348202.045335, 4
1348202.065799, 4
1348202.086296, 4
1348202.106761, 4
1348202.127224, 4
1348202.147685, 4
1348202.168149, 4
1348202.188614, 4
1348202.209074, 4
1348202.251023, 4
1348202.271483, 4
1348202.291943, 4
1348202.312403, 4
1348202.332871, 4
1348202.353332, 4
1348202.373775, 4
1348202.394277, 4
1348202.414758, 4
1348202.435252, 4
1348202.455918, 4
1348202.476387, 4
1348202.496850, 4
1348202.517312, 4
1348202.537774, 4
1348202.558239, 4
1348202.578713, 4
1348202.599182, 4
1348202.619647, 4
1348202.640110, 4
1348202.660569, 4
1348202.681029, 4
1348202.701493, 4
1348202.721966, 4
1348202.742440, 4
1348202.762901, 4
1348202.783362, 4
1348202.803828, 4
1348202.824310, 4
1348202.844785, 4
1348202.865252, 4
1348202.885712, 4
1348202.906172, 4
1348202.926768, 4
1348202.947242, 4
1348202.967711, 4
1348202.988179, 4
1348203.008639, 4
1348203.029102, 4
1348203.049566, 4
1348203.070058, 4
1348203.090525, 4
1348203.110988, 4
1348203.131447, 4
1348203.151907, 4
1348203.172368, 4
1348203.192827, 4
1348203.213286, 4
1348203.233747, 4
1348203.254215, 4
1348203.274678, 4
1348203.295142, 4
1348203.315629, 4
1348203.336096, 4
1348203.356561, 4
1348203.377020, 4
1348203.397651, 4
1348203.418118, 4
1348203.438578, 4
1348203.459037, 4
1348203.479497, 4
1348203.499955, 4
1348203.520416, 4
1348203.540883, 4
1348203.561375, 4
1348203.581843, 4
1348203.602308, 4
1348203.622768, 4
1348203.643229, 4
1348203.663689, 4
1348203.684150, 4
1348203.704609, 4
1348203.725068, 4
1348203.745530, 4
1348203.765990, 4
1348203.786455, 4
1348203.806947, 4
1348203.827413, 4
1348203.847876, 4
1348203.868522, 4
1348203.888982, 4
1348203.909440, 4
1348203.929929, 4
1348203.950425, 4
1348203.970923, 4
1348203.991420, 4
1348204.011921, 4
1348204.032418, 4
1348204.052900, 4
1348204.073398, 4
1348204.093889, 4
1348204.114365, 4
1348204.134829, 4
1348204.155292, 4
1348204.175753, 4
1348204.196217, 4
1348204.216946, 4
1348204.237406, 4
1348204.257866, 4
1348204.278326, 4
1348204.298786, 4
1348204.319246, 4
1348204.339705, 4
1348204.360166, 4
1348204.380627, 4
1348204.401088, 4
1348204.421549, 4
1348204.442035, 4
1348204.462532, 4
1348204.483030, 4
1348204.503528, 4
1348204.524010, 4
1348204.544485, 4
1348204.564956, 4
1348204.585420, 4
1348204.605880, 4
1348204.626587, 4
1348204.647046, 4
1348204.667505, 4
1348204.687964, 4
1348204.708428, 4
1348204.728922, 4
1348204.749388, 4
1348204.769855, 4
1348204.790354, 4
1348204.810822, 4
1348204.831289, 4
1348204.851750, 4
1348204.872212, 4
1348204.892671, 4
1348204.913137, 4
1348204.933618, 4
1348204.954086, 4
1348204.974552, 4
1348204.995014, 4
1348205.015478, 4
1348205.036253, 4
1348205.056718, 4
1348205.077182, 4
1348205.097645, 4
1348205.118105, 4
1348205.138564, 4
1348205.159025, 4
1348205.179485, 4
1348205.199944, 4
1348205.220407, 4
1348205.240866, 4
1348205.261329, 4
1348205.281811, 4
1348205.302284, 4
1348205.322757, 4
1348205.343217, 4
1348205.363677, 4
1348205.384138, 4
1348205.404597, 4
1348205.425056, 4
1348205.445520, 4
1348205.466017, 4
1348205.486490, 4
1348205.507099, 4
1348205.527582, 4
1348205.548006, 4
1348205.568472, 4
1348205.588933, 4
1348205.609393, 4
1348205.629852, 4
1348205.650312, 4
1348205.670772, 4
1348205.691231, 4
1348205.711690, 4
1348205.732151, 4
1348205.752613, 4
1348205.773097, 4
1348205.793574, 4
1348205.814040, 4
1348205.834501, 4
1348205.854967, 4
1348205.875427, 4
1348205.895887, 4
1348205.916359, 4
1348205.936833, 4
1348205.957304, 4
1348205.977918, 4
1348205.998381, 4
1348206.018858, 4
1348206.039327, 4
1348206.059787, 4
1348206.080247, 4
1348206.100706, 4
1348206.121165, 4
1348206.141624, 4
1348206.162084, 4
1348206.182543, 4
1348206.203003, 4
1348206.223462, 4
1348206.243924, 4
1348206.264404, 4
1348206.284870, 4
1348206.305334, 4
1348206.325799, 4
1348206.346258, 4
1348206.366718, 4
1348206.387179, 4
1348206.407638, 4
1348206.428098, 4
1348206.448787, 4
1348206.469250, 4
1348206.489732, 4
1348206.510227, 4
1348206.530696, 4
1348206.551159, 4
1348206.571618, 4
1348206.592081, 4
1348206.612540, 4
1348206.632998, 4
1348206.653457, 4
1348206.673915, 4
1348206.694379, 4
1348206.714870, 4
1348206.735338, 4
1348206.755832, 4
1348206.776300, 4
1348206.796773, 4
1348206.817233, 4
1348206.837694, 4
1348206.858158, 4
1348206.878621, 4
1348206.899081, 4
1348206.919684, 4
1348206.940166, 4
1348206.960630, 4
1348206.981095, 4
1348207.001578, 4
1348207.022043, 4
1348207.042506, 4
1348207.062968, 4
1348207.083428, 4
1348207.103888, 4
1348207.124354, 4
1348207.144813, 4
1348207.165272, 4
1348207.185736, 4
1348207.206255, 4
1348207.256535, 4
1348207.277002, 4
1348207.297463, 4
1348207.317924, 4
1348207.338385, 4
1348207.358845, 4
1348207.379307, 4
1348207.399967, 4
1348207.420428, 4
1348207.440888, 4
1348207.461348, 4
1348207.481807, 4
1348207.502273, 4
1348207.522770, 4
1348207.543248, 4
1348207.563713, 4
1348207.584182, 4
1348207.604644, 4
1348207.625104, 4
1348207.645564, 4
1348207.666023, 4
1348207.686494, 4
1348207.706956, 4
1348207.727420, 4
1348207.747942, 4
1348207.768431, 4
1348207.788898, 4
1348207.809585, 4
1348207.830045, 4
1348207.850505, 4
1348207.870967, 4
1348207.891427, 4
1348207.911892, 4
1348207.932398, 4
1348207.952868, 4
1348207.973334, 4
1348207.993842, 4
1348208.014314, 4
1348208.034777, 4
1348208.055239, 4
1348208.075698, 4
1348208.096161, 4
1348208.116624, 4
1348208.137083, 4
1348208.157544, 4
1348208.178006, 4
1348208.198469, 4
1348208.219223, 4
1348208.239729, 4
1348208.260207, 4
1348208.280673, 4
1348208.301137, 4
1348208.321597, 4
1348208.342058, 4
1348208.362518, 4
1348208.382983, 4
1348208.403446, 4
1348208.423905, 4
1348208.444370, 4
1348208.464865, 4
1348208.485363, 4
1348208.505836, 4
1348208.526311, 4
1348208.546808, 4
1348208.567284, 4
1348208.587748, 4
1348208.608211, 4
1348208.628823, 4
1348208.649283, 4
1348208.669742, 4
1348208.690207, 4
1348208.710682, 4
1348208.731176, 4
1348208.751643, 4
1348208.772107, 4
1348208.792569, 4
1348208.813029, 4
1348208.833488, 4
1348208.853950, 4
1348208.874410, 4
1348208.894869, 4
1348208.915331, 4
1348208.935794, 4
1348208.956256, 4
1348208.976716, 4
1348208.997176, 4
1348209.017634, 4
1348209.038094, 4
1348209.058553, 4
1348209.079012, 4
1348209.099642, 4
1348209.120103, 4
1348209.140565, 4
1348209.161023, 4
1348209.181483, 4
1348209.201942, 4
1348209.222408, 4
1348209.242869, 4
1348209.263329, 4
1348209.283791, 4
1348209.304253, 4
1348209.324712, 4
1348209.345172, 4
1348209.365633, 4
1348209.386092, 4
1348209.406551, 4
1348209.427011, 4
1348209.447478, 4
1348209.467937, 4
1348209.488396, 4
1348209.508855, 4
1348209.529315, 4
1348209.549776, 4
1348209.570514, 4
1348209.591016, 4
1348209.611489, 4
1348209.631955, 4
1348209.652416, 4
1348209.672876, 4
1348209.693336, 4
1348209.713795, 4
1348209.734254, 4
1348209.754714, 4
1348209.775174, 4
1348209.795634, 4
1348209.816094, 4
1348209.836554, 4
1348209.857019, 4
1348209.877479, 4
1348209.897939, 4
1348209.918402, 4
1348209.938862, 4
1348209.959325, 4
1348209.980007, 4
1348210.000466, 4
1348210.020929, 4
1348210.041388, 4
1348210.061848, 4
1348210.082310, 4
1348210.102770, 4
1348210.123229, 4
1348210.143688, 4
1348210.164148, 4
1348210.184607, 4
1348210.205085, 4
1348210.225547, 4
1348210.246009, 4
1348210.266469, 4
1348210.286928, 4
1348210.307387, 4
1348210.327847, 4
1348210.348307, 4
1348210.368767, 4
1348210.389239, 4
1348210.409699, 4
1348210.430161, 4
1348210.450845, 4
1348210.471303, 4
1348210.491763, 4
1348210.512223, 4
1348210.532682, 4
1348210.553141, 4
1348210.573602, 4
1348210.594084, 4
1348210.614585, 4
1348210.635057, 4
1348210.655521, 4
1348210.675981, 4
1348210.696451, 4
1348210.716928, 4
1348210.737401, 4
1348210.757869, 4
1348210.778331, 4
1348210.798793, 4
1348210.819252, 4
1348210.839712, 4
1348210.860458, 4
1348210.880917, 4
1348210.901377, 4
1348210.921835, 4
1348210.942294, 4
1348210.962753, 4
1348210.983214, 4
1348211.003675, 4
1348211.024138, 4
1348211.044598, 4
1348211.065059, 4
1348211.085518, 4
1348211.105977, 4
1348211.126436, 4
1348211.146896, 4
1348211.167354, 4
1348211.187813, 4
1348211.208280, 4
1348211.228745, 4
1348211.249210, 4
1348211.269680, 4
1348211.290143, 4
1348211.310604, 4
1348211.331292, 4
1348211.351751, 4
1348211.372211, 4
1348211.392671, 4
1348211.413129, 4
1348211.433589, 4
1348211.454047, 4
1348211.474507, 4
1348211.494967, 4
1348211.515425, 4
1348211.535884, 4
1348211.556349, 4
1348211.576807, 4
1348211.597273, 4
1348211.617766, 4
1348211.638235, 4
1348211.658704, 4
1348211.679169, 4
1348211.699631, 4
1348211.720092, 4
1348211.740555, 4
1348211.761018, 4
1348211.781478, 4
1348211.802179, 4
1348211.822638, 4
1348211.843099, 4
1348211.863560, 4
1348211.884004, 4
1348211.904463, 4
1348211.924922, 4
1348211.945381, 4
1348211.965841, 4
1348211.986300, 4
1348212.006762, 4
1348212.027223, 4
1348212.047684, 4
1348212.068149, 4
1348212.088608, 4
1348212.109069, 4
1348212.129534, 4
1348212.149999, 4
1348212.170459, 4
1348212.190918, 4
1348212.211383, 4
1348212.231843, 4
1348212.252304, 4
1348212.272766, 4
1348212.293225, 4
1348212.313687, 4
1348212.334386, 4
1348212.354846, 4
1348212.375306, 4
1348212.395770, 4
1348212.416230, 4
1348212.436694, 4
1348212.457153, 4
1348212.477612, 4
1348212.498071, 4
1348212.518530, 4
1348212.538988, 4
1348212.559447, 4
1348212.579906, 4
1348212.600365, 4
1348212.620831, 4
1348212.641333, 4
1348212.661807, 4
1348212.682273, 4
1348212.702743, 4
1348212.723230, 4
1348212.743697, 4
1348212.764160, 4
1348212.784621, 4
1348212.805083, 4
1348212.825543, 4
1348212.846006, 4
1348212.866625, 4
1348212.887083, 4
1348212.907543, 4
1348212.928006, 4
1348212.948466, 4
1348212.968925, 4
1348212.989386, 4
1348213.009846, 4
1348213.030307, 4
1348213.050767, 4
1348213.071227, 4
1348213.091686, 4
1348213.112151, 4
1348213.132635, 4
1348213.153102, 4
1348213.173568, 4
1348213.194028, 4
1348213.214490, 4
1348213.234950, 4
1348213.255416, 4
1348213.275879, 4
1348213.296345, 4
1348213.316805, 4
1348213.337271, 4
1348213.357730, 4
1348213.378191, 4
1348213.398818, 4
1348213.419315, 4
1348213.439809, 4
1348213.460277, 4
1348213.480740, 4
1348213.501210, 4
1348213.521671, 4
1348213.542130, 4
1348213.562590, 4
1348213.583050, 4
1348213.603514, 4
1348213.623999, 4
1348213.644472, 4
1348213.664964, 4
1348213.685475, 4
1348213.705950, 4
1348213.726413, 4
1348213.746874, 4
1348213.767337, 4
1348213.787798, 4
1348213.808439, 4
1348213.828898, 4
1348213.849359, 4
1348213.869823, 4
1348213.890282, 4
1348213.910741, 4
1348213.931200, 4
1348213.951660, 4
1348213.972120, 4
1348213.992579, 4
1348214.013037, 4
1348214.033497, 4
1348214.053957, 4
1348214.074417, 4
1348214.094877, 4
1348214.115337, 4
1348214.135796, 4
1348214.156264, 4
1348214.176724, 4
1348214.197185, 4
1348214.217646, 4
1348214.238106, 4
1348214.258570, 4
1348214.279063, 4
1348214.299538, 4
1348214.320005, 4
1348214.340613, 4
1348214.361073, 4
1348214.381533, 4
1348214.401995, 4
1348214.422455, 4
1348214.442914, 4
1348214.463373, 4
1348214.483832, 4
1348214.504292, 4
1348214.524751, 4
1348214.545210, 4
1348214.565673, 4
1348214.586132, 4
1348214.606590, 4
1348214.627051, 4
1348214.647510, 4
1348214.667975, 4
1348214.688468, 4
1348214.708940, 4
1348214.729430, 4
1348214.749904, 4
1348214.770366, 4
1348214.790827, 4
1348214.811471, 4
1348214.831931, 4
1348214.852396, 4
1348214.872872, 4
1348214.893332, 4
1348214.913795, 4
1348214.934256, 4
1348214.954714, 4
1348214.975175, 4
1348214.995634, 4
1348215.016094, 4
1348215.036556, 4
1348215.057015, 4
1348215.077476, 4
1348215.097935, 4
1348215.118394, 4
1348215.138853, 4
1348215.159313, 4
1348215.179771, 4
1348215.200230, 4
1348215.220691, 4
1348215.241151, 4
1348215.261616, 4
1348215.282299, 4
1348215.302758, 4
1348215.323219, 4
1348215.343679, 4
1348215.364139, 4
1348215.384599, 4
1348215.405059, 4
1348215.425521, 4
1348215.445981, 4
1348215.466441, 4
1348215.486902, 4
1348215.507360, 4
1348215.527820, 4
1348215.548279, 4
1348215.568739, 4
1348215.589200, 4
1348215.609659, 4
1348215.630128, 4
1348215.650589, 4
1348215.671047, 4
1348215.691513, 4
1348215.711973, 4
1348215.732433, 4
1348215.753120, 4
1348215.773578, 4
1348215.794039, 4
1348215.814500, 4
1348215.834961, 4
1348215.855421, 4
1348215.875882, 4
1348215.896346, 4
1348215.916805, 4
1348215.937263, 4
1348215.957722, 4
1348215.978180, 4
1348215.998639, 4
1348216.019098, 4
1348216.039559, 4
1348216.060005, 4
1348216.080464, 4
1348216.100925, 4
1348216.121388, 4
1348216.141847, 4
1348216.162306, 4
1348216.182767, 4
1348216.203230, 4
1348216.223984, 4
1348216.244448, 4
1348216.264907, 4
1348216.285366, 4
1348216.305823, 4
1348216.326287, 4
1348216.346746, 4
1348216.367205, 4
1348216.387669, 4
1348216.408134, 4
1348216.428631, 4
1348216.449118, 4
1348216.469583, 4
1348216.490045, 4
1348216.510507, 4
1348216.530968, 4
1348216.551426, 4
1348216.571887, 4
1348216.592352, 4
1348216.612811, 4
1348216.633270, 4
1348216.653733, 4
1348216.674191, 4
1348216.694824, 4
1348216.715287, 4
1348216.735763, 4
1348216.756235, 4
1348216.776696, 4
1348216.797155, 4
1348216.817614, 4
1348216.838073, 4
1348216.858531, 4
1348216.878992, 4
1348216.899450, 4
1348216.919909, 4
1348216.940370, 4
1348216.960828, 4
1348216.981287, 4
1348217.001746, 4
1348217.022212, 4
1348217.042671, 4
1348217.088015, 4
1348217.108481, 4
1348217.128941, 4
1348217.149399, 4
1348217.169860, 4
1348217.190321, 4
1348217.210780, 4
1348217.231240, 4
1348217.251699, 4
1348217.272160, 4
1348217.292833, 4
1348217.313293, 4
1348217.333751, 4
1348217.354211, 4
1348217.374669, 4
1348217.395128, 4
1348217.415587, 4
1348217.436004, 4
1348217.456466, 4
1348217.476926, 4
1348217.497384, 4
1348217.517845, 4
1348217.538306, 4
1348217.558764, 4
1348217.579222, 4
1348217.599681, 4
1348217.620140, 4
1348217.640599, 4
1348217.661060, 4
1348217.681517, 4
1348217.701985, 4
1348217.722446, 4
1348217.742903, 4
1348217.763364, 4
1348217.783824, 4
1348217.804283, 4
1348217.824901, 4
1348217.845359, 4
1348217.865817, 4
1348217.886275, 4
1348217.906733, 4
1348217.927192, 4
1348217.947651, 4
1348217.968111, 4
1348217.988572, 4
1348218.009031, 4
1348218.029489, 4
1348218.049948, 4
1348218.070406, 4
1348218.090864, 4
1348218.111324, 4
1348218.131783, 4
1348218.152246, 4
1348218.172707, 4
1348218.193167, 4
1348218.213633, 4
1348218.234098, 4
1348218.254559, 4
1348218.275017, 4
1348218.295478, 4
1348218.315937, 4
1348218.336397, 4
1348218.357011, 4
1348218.377470, 4
1348218.397930, 4
1348218.418390, 4
1348218.438848, 4
1348218.459307, 4
1348218.479767, 4
1348218.500227, 4
1348218.520685, 4
1348218.541144, 4
1348218.561602, 4
1348218.582061, 4
1348218.602519, 4
1348218.622984, 4
1348218.643442, 4
1348218.663902, 4
1348218.684366, 4
1348218.704832, 4
1348218.725316, 4
1348218.745787, 4
1348218.766258, 4
1348218.786718, 4
1348218.807178, 4
1348218.827875, 4
1348218.848339, 4
1348218.868798, 4
1348218.889257, 4
1348218.909720, 4
1348218.930179, 4
1348218.950638, 4
1348218.971097, 4
1348218.991555, 4
1348219.012006, 4
1348219.032466, 4
1348219.052927, 4
1348219.073386, 4
1348219.093844, 4
1348219.114302, 4
1348219.134761, 4
1348219.155219, 4
1348219.175681, 4
1348219.196141, 4
1348219.216603, 4
1348219.237065, 4
1348219.257524, 4
1348219.277986, 4
1348219.298447, 4
1348219.318907, 4
1348219.339366, 4
1348219.359977, 4
1348219.380439, 4
1348219.400897, 4
1348219.421355, 4
1348219.441817, 4
1348219.462276, 4
1348219.482735, 4
1348219.503194, 4
1348219.523652, 4
1348219.544125, 4
1348219.564586, 4
1348219.585045, 4
1348219.605504, 4
1348219.625962, 4
1348219.646420, 4
1348219.666879, 4
1348219.687337, 4
1348219.707797, 4
1348219.728262, 4
1348219.748721, 4
1348219.769185, 4
1348219.789645, 4
1348219.810136, 4
1348219.830873, 4
1348219.851340, 4
1348219.871801, 4
1348219.892268, 4
1348219.912727, 4
1348219.933191, 4
1348219.953649, 4
1348219.974108, 4
1348219.994569, 4
1348220.015028, 4
1348220.035488, 4
1348220.055948, 4
1348220.076410, 4
1348220.096869, 4
1348220.117327, 4
1348220.137787, 4
1348220.158245, 4
1348220.178713, 4
1348220.199172, 4
1348220.219633, 4
1348220.240101, 4
1348220.260562, 4
1348220.281022, 4
1348220.301722, 4
1348220.322181, 4
1348220.342640, 4
1348220.363098, 4
1348220.383557, 4
1348220.404004, 4
1348220.424465, 4
1348220.444928, 4
1348220.465387, 4
1348220.485846, 4
1348220.506308, 4
1348220.526769, 4
1348220.547228, 4
1348220.567688, 4
1348220.588147, 4
1348220.608606, 4
1348220.629067, 4
1348220.649527, 4
1348220.669986, 4
1348220.690447, 4
1348220.710910, 4
1348220.731390, 4
1348220.751860, 4
1348220.772325, 4
1348220.792786, 4
1348220.813254, 4
1348220.833895, 4
1348220.854364, 4
1348220.874829, 4
1348220.895291, 4
1348220.915753, 4
1348220.936218, 4
1348220.956681, 4
1348220.977149, 4
1348220.997640, 4
1348221.018106, 4
1348221.038569, 4
1348221.059031, 4
1348221.079492, 4
1348221.099952, 4
1348221.120414, 4
1348221.140874, 4
1348221.161336, 4
1348221.181805, 4
1348221.202265, 4
1348221.222726, 4
1348221.243186, 4
1348221.263646, 4
1348221.284105, 4
1348221.304786, 4
1348221.325291, 4
1348221.345789, 4
1348221.366287, 4
1348221.386782, 4
1348221.407286, 4
1348221.427783, 4
1348221.448291, 4
1348221.468788, 4
1348221.489292, 4
1348221.509795, 4
1348221.530308, 4
1348221.550783, 4
1348221.571245, 4
1348221.591946, 4
1348221.612408, 4
1348221.632868, 4
1348221.653329, 4
1348221.673789, 4
1348221.694248, 4
1348221.714708, 4
1348221.735168, 4
1348221.755628, 4
1348221.776089, 4
1348221.796549, 4
1348221.817009, 4
1348221.837475, 4
1348221.857965, 4
1348221.878440, 4
1348221.898907, 4
1348221.919370, 4
1348221.939836, 4
1348221.960298, 4
1348221.980759, 4
1348222.001224, 4
1348222.021687, 4
1348222.042148, 4
1348222.093637, 4
1348222.114108, 4
1348222.134565, 4
1348222.155019, 4
1348222.175473, 4
1348222.195933, 4
1348222.216407, 4
1348222.237063, 4
1348222.257518, 4
1348222.277971, 4
1348222.298424, 4
1348222.318877, 4
1348222.339330, 4
1348222.359782, 4
1348222.380240, 4
1348222.400718, 4
1348222.421176, 4
1348222.441632, 4
1348222.462086, 4
1348222.482541, 4
1348222.502994, 4
1348222.523448, 4
1348222.543901, 4
1348222.564359, 4
1348222.584822, 4
1348222.605279, 4
1348222.625733, 4
1348222.646187, 4
1348222.666639, 4
1348222.687092, 4
1348222.707546, 4
1348222.728005, 4
1348222.748466, 4
1348222.769138, 4
1348222.789599, 4
1348222.810059, 4
1348222.830519, 4
1348222.850988, 4
1348222.871489, 4
1348222.891959, 4
1348222.912427, 4
1348222.932936, 4
1348222.953443, 4
1348222.973912, 4
1348222.994375, 4
1348223.014842, 4
1348223.035331, 4
1348223.055813, 4
1348223.076282, 4
1348223.096744, 4
1348223.117209, 4
1348223.137669, 4
1348223.158141, 4
1348223.178826, 4
1348223.199323, 4
1348223.219791, 4
1348223.240255, 4
1348223.260720, 4
1348223.281181, 4
1348223.301644, 4
1348223.322108, 4
1348223.342569, 4
1348223.363033, 4
1348223.383493, 4
1348223.403954, 4
1348223.424422, 4
1348223.444918, 4
1348223.465390, 4
1348223.485854, 4
1348223.506316, 4
1348223.526778, 4
1348223.547237, 4
1348223.567706, 4
1348223.588167, 4
1348223.608628, 4
1348223.629089, 4
1348223.649677, 4
1348223.670140, 4
1348223.690612, 4
1348223.711076, 4
1348223.731578, 4
1348223.752006, 4
1348223.772468, 4
1348223.792931, 4
1348223.813391, 4
1348223.833855, 4
1348223.854315, 4
1348223.874783, 4
1348223.895276, 4
1348223.915746, 4
1348223.936256, 4
1348223.956724, 4
1348223.977186, 4
1348223.997653, 4
1348224.018115, 4
1348224.038588, 4
1348224.059051, 4
1348224.079513, 4
1348224.099973, 4
1348224.120566, 4
1348224.141027, 4
1348224.161490, 4
1348224.181988, 4
1348224.202457, 4
1348224.222956, 4
1348224.243438, 4
1348224.263902, 4
1348224.284368, 4
1348224.304828, 4
1348224.325292, 4
1348224.345781, 4
1348224.366254, 4
1348224.386723, 4
1348224.407213, 4
1348224.427709, 4
1348224.448185, 4
1348224.468649, 4
1348224.489110, 4
1348224.509571, 4
1348224.530241, 4
1348224.550700, 4
1348224.571160, 4
1348224.591620, 4
1348224.612085, 4
1348224.632546, 4
1348224.653019, 4
1348224.673514, 4
1348224.693981, 4
1348224.714444, 4
1348224.734905, 4
1348224.755365, 4
1348224.775825, 4
1348224.796285, 4
1348224.816745, 4
1348224.837205, 4
1348224.857669, 4
1348224.878131, 4
1348224.898596, 4
1348224.919095, 4
1348224.939590, 4
1348224.960064, 4
1348224.980527, 4
1348225.001092, 4
1348225.021553, 4
1348225.042014, 4
1348225.062477, 4
1348225.082937, 4
1348225.103397, 4
1348225.123857, 4
1348225.144320, 4
1348225.164806, 4
1348225.185271, 4
1348225.205732, 4
1348225.226192, 4
1348225.246651, 4
1348225.267114, 4
1348225.287576, 4
1348225.308006, 4
1348225.328467, 4
1348225.348935, 4
1348225.369418, 4
1348225.389884, 4
1348225.410382, 4
1348225.430847, 4
1348225.451308, 4
1348225.471983, 4
1348225.492446, 4
1348225.512908, 4
1348225.533367, 4
1348225.553826, 4
1348225.574286, 4
1348225.594745, 4
1348225.615205, 4
1348225.635667, 4
1348225.656159, 4
1348225.676635, 4
1348225.697100, 4
1348225.717562, 4
1348225.738023, 4
1348225.758491, 4
1348225.778955, 4
1348225.799416, 4
1348225.819876, 4
1348225.840340, 4
1348225.860801, 4
1348225.881266, 4
1348225.901761, 4
1348225.922230, 4
1348225.942850, 4
1348225.963342, 4
1348225.983813, 4
1348226.004281, 4
1348226.024742, 4
1348226.045202, 4
1348226.065662, 4
1348226.086122, 4
1348226.106582, 4
1348226.127044, 4
1348226.147538, 4
1348226.168006, 4
1348226.188475, 4
1348226.208937, 4
1348226.229398, 4
1348226.249859, 4
1348226.270318, 4
1348226.290780, 4
1348226.311240, 4
1348226.331704, 4
1348226.352165, 4
1348226.372628, 4
1348226.393126, 4
1348226.413685, 4
1348226.434151, 4
1348226.454613, 4
1348226.475074, 4
1348226.495534, 4
1348226.515994, 4
1348226.536458, 4
1348226.556918, 4
1348226.577378, 4
1348226.597850, 4
1348226.618317, 4
1348226.638808, 4
1348226.659274, 4
1348226.679735, 4
1348226.700206, 4
1348226.720666, 4
1348226.741126, 4
1348226.761588, 4
1348226.782048, 4
1348226.802510, 4
1348226.822970, 4
1348226.843430, 4
1348226.863893, 4
1348226.884579, 4
1348226.905044, 4
1348226.925508, 4
1348226.946002, 4
1348226.966551, 4
1348226.987027, 4
1348227.007499, 4
1348227.027997, 4
1348227.048475, 4
1348227.068945, 4
1348227.089395, 4
1348227.109893, 4
1348227.130383, 4
1348227.150852, 4
1348227.171319, 4
1348227.191780, 4
1348227.212244, 4
1348227.232707, 4
1348227.253167, 4
1348227.273628, 4
1348227.294254, 4
1348227.314713, 4
1348227.335178, 4
1348227.355670, 4
1348227.376165, 4
1348227.396632, 4
1348227.417097, 4
1348227.437558, 4
1348227.458017, 4
1348227.478477, 4
1348227.498937, 4
1348227.519397, 4
1348227.539857, 4
1348227.560318, 4
1348227.580776, 4
1348227.601236, 4
1348227.621696, 4
1348227.642164, 4
1348227.662624, 4
1348227.683083, 4
1348227.703552, 4
1348227.724006, 4
1348227.744465, 4
1348227.765204, 4
1348227.785664, 4
1348227.806123, 4
1348227.826588, 4
1348227.847048, 4
1348227.867510, 4
1348227.887970, 4
1348227.908430, 4
1348227.928890, 4
1348227.949349, 4
1348227.969815, 4
1348227.990304, 4
1348228.010773, 4
1348228.031241, 4
1348228.051714, 4
1348228.072181, 4
1348228.092641, 4
1348228.113111, 4
1348228.133570, 4
1348228.154030, 4
1348228.174497, 4
1348228.194957, 4
1348228.215415, 4
1348228.236004, 4
1348228.256464, 4
1348228.276923, 4
1348228.297384, 4
1348228.317843, 4
1348228.338305, 4
1348228.358766, 4
1348228.379230, 4
1348228.399715, 4
1348228.420190, 4
1348228.440657, 4
1348228.461118, 4
1348228.481580, 4
1348228.502040, 4
1348228.522508, 4
1348228.542969, 4
1348228.563429, 4
1348228.583890, 4
1348228.604356, 4
1348228.624817, 4
1348228.645282, 4
1348228.665742, 4
1348228.686202, 4
1348228.706830, 4
1348228.727291, 4
1348228.747762, 4
1348228.768225, 4
1348228.788685, 4
1348228.809145, 4
1348228.829605, 4
1348228.850068, 4
1348228.870555, 4
1348228.891068, 4
1348228.911565, 4
1348228.932068, 4
1348228.952564, 4
1348228.973060, 4
1348228.993610, 4
1348229.014294, 4
1348229.034794, 4
1348229.055290, 4
1348229.075787, 4
1348229.096291, 4
1348229.116787, 4
1348229.137291, 4
1348229.157791, 4
1348229.178288, 4
1348229.198793, 4
1348229.219290, 4
1348229.239789, 4
1348229.260292, 4
1348229.280808, 4
1348229.301284, 4
1348229.321753, 4
1348229.342463, 4
1348229.362927, 4
1348229.383386, 4
1348229.403842, 4
1348229.424300, 4
1348229.444758, 4
1348229.465216, 4
1348229.485672, 4
1348229.506128, 4
1348229.526586, 4
1348229.547055, 4
1348229.567531, 4
1348229.588006, 4
1348229.608471, 4
1348229.628935, 4
1348229.649397, 4
1348229.669861, 4
1348229.690326, 4
1348229.710791, 4
1348229.731254, 4
1348229.751719, 4
1348229.772189, 4
1348229.792657, 4
1348229.813302, 4
1348229.833780, 4
1348229.854250, 4
1348229.874719, 4
1348229.895186, 4
1348229.915654, 4
1348229.936140, 4
1348229.956625, 4
1348229.977099, 4
1348229.997567, 4
1348230.018038, 4
1348230.038637, 4
1348230.059123, 4
1348230.079618, 4
1348230.100091, 4
1348230.120558, 4
1348230.141021, 4
1348230.161676, 4
1348230.182139, 4
1348230.202603, 4
1348230.223068, 4
1348230.243533, 4
1348230.263996, 4
1348230.284470, 4
1348230.304947, 4
1348230.325442, 4
1348230.345912, 4
1348230.366376, 4
1348230.386837, 4
1348230.407305, 4
1348230.427795, 4
1348230.448277, 4
1348230.468743, 4
1348230.489206, 4
1348230.509678, 4
1348230.530146, 4
1348230.550622, 4
1348230.571346, 4
1348230.591823, 4
1348230.612292, 4
1348230.632757, 4
1348230.653221, 4
1348230.673683, 4
1348230.694147, 4
1348230.714610, 4
1348230.735074, 4
1348230.755538, 4
1348230.776010, 4
1348230.796502, 4
1348230.817003, 4
1348230.837479, 4
1348230.857950, 4
1348230.878418, 4
1348230.898965, 4
1348230.919433, 4
1348230.939918, 4
1348230.960394, 4
1348230.980994, 4
1348231.001459, 4
1348231.021925, 4
1348231.042415, 4
1348231.062915, 4
1348231.083409, 4
1348231.103880, 4
1348231.124352, 4
1348231.144818, 4
1348231.165281, 4
1348231.185743, 4
1348231.206208, 4
1348231.226673, 4
1348231.247136, 4
1348231.267607, 4
1348231.288098, 4
1348231.308598, 4
1348231.329077, 4
1348231.349543, 4
1348231.370008, 4
1348231.390659, 4
1348231.411153, 4
1348231.431626, 4
1348231.452093, 4
1348231.472556, 4
1348231.493017, 4
1348231.513484, 4
1348231.533972, 4
1348231.554463, 4
1348231.574930, 4
1348231.595394, 4
1348231.615857, 4
1348231.636321, 4
1348231.656782, 4
1348231.677246, 4
1348231.697708, 4
1348231.718169, 4
1348231.738634, 4
1348231.759102, 4
1348231.779595, 4
1348231.800364, 4
1348231.820829, 4
1348231.841294, 4
1348231.861757, 4
1348231.882219, 4
1348231.902679, 4
1348231.923144, 4
1348231.943636, 4
1348231.964103, 4
1348231.984567, 4
1348232.005035, 4
1348232.025528, 4
1348232.046019, 4
1348232.066495, 4
1348232.086998, 4
1348232.107470, 4
1348232.127933, 4
1348232.148400, 4
1348232.168862, 4
1348232.189324, 4
1348232.209972, 4
1348232.230434, 4
1348232.250901, 4
1348232.271399, 4
1348232.291883, 4
1348232.312363, 4
1348232.332826, 4
1348232.353290, 4
1348232.373753, 4
1348232.394218, 4
1348232.414685, 4
1348232.435176, 4
1348232.455673, 4
1348232.476146, 4
1348232.496614, 4
1348232.517094, 4
1348232.537575, 4
1348232.558043, 4
1348232.578507, 4
1348232.598971, 4
1348232.619602, 4
1348232.640071, 4
1348232.660535, 4
1348232.680996, 4
1348232.701456, 4
1348232.721919, 4
1348232.742386, 4
1348232.762878, 4
1348232.783358, 4
1348232.803826, 4
1348232.824291, 4
1348232.844757, 4
1348232.865219, 4
1348232.885681, 4
1348232.906146, 4
1348232.926610, 4
1348232.947109, 4
1348232.967584, 4
1348232.988013, 4
1348233.008505, 4
1348233.029273, 4
1348233.049737, 4
1348233.070199, 4
1348233.090666, 4
1348233.111157, 4
1348233.131630, 4
1348233.152100, 4
1348233.172564, 4
1348233.193028, 4
1348233.213492, 4
1348233.233954, 4
1348233.254433, 4
1348233.274901, 4
1348233.295364, 4
1348233.315827, 4
1348233.336292, 4
1348233.356754, 4
1348233.377221, 4
1348233.397684, 4
1348233.418147, 4
1348233.438894, 4
1348233.459354, 4
1348233.479819, 4
1348233.500313, 4
1348233.520779, 4
1348233.541241, 4
1348233.561721, 4
1348233.582184, 4
1348233.602645, 4
1348233.623106, 4
1348233.643569, 4
1348233.664006, 4
1348233.684468, 4
1348233.704930, 4
1348233.725403, 4
1348233.745899, 4
1348233.766367, 4
1348233.786833, 4
1348233.807295, 4
1348233.827756, 4
1348233.848220, 4
1348233.868682, 4
1348233.889145, 4
1348233.909751, 4
1348233.930219, 4
1348233.950694, 4
1348233.971165, 4
1348233.991661, 4
1348234.012131, 4
1348234.032596, 4
1348234.053057, 4
1348234.073518, 4
1348234.093979, 4
1348234.114444, 4
1348234.134953, 4
1348234.155429, 4
1348234.175896, 4
1348234.196379, 4
1348234.216845, 4
1348234.237335, 4
1348234.257804, 4
1348234.278268, 4
1348234.298728, 4
1348234.319356, 4
1348234.339817, 4
1348234.360286, 4
1348234.380748, 4
1348234.401217, 4
1348234.421705, 4
1348234.442176, 4
1348234.462643, 4
1348234.483134, 4
1348234.503604, 4
1348234.524073, 4
1348234.544536, 4
1348234.564998, 4
1348234.585461, 4
1348234.605925, 4
1348234.626389, 4
1348234.646853, 4
1348234.667318, 4
1348234.687783, 4
1348234.708285, 4
1348234.728984, 4
1348234.749447, 4
1348234.769909, 4
1348234.790371, 4
1348234.810832, 4
1348234.831292, 4
1348234.851753, 4
1348234.872215, 4
1348234.892675, 4
1348234.913135, 4
1348234.933595, 4
1348234.954055, 4
1348234.974516, 4
1348234.994976, 4
1348235.015436, 4
1348235.035897, 4
1348235.056360, 4
1348235.076820, 4
1348235.097284, 4
1348235.117782, 4
1348235.138254, 4
1348235.158722, 4
1348235.179207, 4
1348235.199867, 4
1348235.220352, 4
1348235.240823, 4
1348235.261288, 4
1348235.281750, 4
1348235.302211, 4
1348235.322673, 4
1348235.343133, 4
1348235.363596, 4
1348235.384063, 4
1348235.404525, 4
1348235.424990, 4
1348235.445455, 4
1348235.465930, 4
1348235.486400, 4
1348235.506862, 4
1348235.527324, 4
1348235.547786, 4
1348235.568250, 4
1348235.588712, 4
1348235.609447, 4
1348235.629908, 4
1348235.650370, 4
1348235.670833, 4
1348235.691297, 4
1348235.711768, 4
1348235.732234, 4
1348235.752697, 4
1348235.773157, 4
1348235.793618, 4
1348235.814078, 4
1348235.834542, 4
1348235.855004, 4
1348235.875466, 4
1348235.895929, 4
1348235.916394, 4
1348235.936867, 4
1348235.957345, 4
1348235.977809, 4
1348235.998270, 4
1348236.018738, 4
1348236.039199, 4
1348236.059660, 4
1348236.080281, 4
1348236.100743, 4
1348236.121206, 4
1348236.141669, 4
1348236.162137, 4
1348236.182690, 4
1348236.203190, 4
1348236.223658, 4
1348236.244123, 4
1348236.264586, 4
1348236.285047, 4
1348236.305507, 4
1348236.325968, 4
1348236.346430, 4
1348236.366896, 4
1348236.387358, 4
1348236.407825, 4
1348236.428322, 4
1348236.448817, 4
1348236.469288, 4
1348236.489934, 4
1348236.510398, 4
1348236.530860, 4
1348236.551323, 4
1348236.571783, 4
1348236.592247, 4
1348236.612709, 4
1348236.633171, 4
1348236.653634, 4
1348236.674099, 4
1348236.694592, 4
1348236.715061, 4
1348236.735525, 4
1348236.755985, 4
1348236.776449, 4
1348236.796911, 4
1348236.817372, 4
1348236.837839, 4
1348236.858301, 4
1348236.878763, 4
1348236.899226, 4
1348236.919690, 4
1348236.940185, 4
1348236.960823, 4
1348236.981284, 4
1348237.001743, 4
1348237.022205, 4
1348237.042668, 4
1348237.063130, 4
1348237.083594, 4
1348237.104063, 4
1348237.124526, 4
1348237.144987, 4
1348237.165451, 4
1348237.185941, 4
1348237.206471, 4
1348237.226970, 4
1348237.247473, 4
1348237.267944, 4
1348237.288413, 4
1348237.308876, 4
1348237.329336, 4
1348237.349799, 4
1348237.370481, 4
1348237.390940, 4
1348237.411404, 4
1348237.431902, 4
1348237.452381, 4
1348237.472846, 4
1348237.493307, 4
1348237.513771, 4
1348237.534230, 4
1348237.554689, 4
1348237.575149, 4
1348237.595611, 4
1348237.616075, 4
1348237.636534, 4
1348237.656999, 4
1348237.677500, 4
1348237.697969, 4
1348237.718435, 4
1348237.738896, 4
1348237.759355, 4
1348237.779816, 4
1348237.800279, 4
1348237.820744, 4
1348237.841388, 4
1348237.861847, 4
1348237.882308, 4
1348237.902772, 4
1348237.923273, 4
1348237.943761, 4
1348237.964228, 4
1348237.984692, 4
1348238.005152, 4
1348238.025613, 4
1348238.046072, 4
1348238.066533, 4
1348238.086994, 4
1348238.107453, 4
1348238.127912, 4
1348238.148377, 4
1348238.168871, 4
1348238.189345, 4
1348238.209823, 4
1348238.230285, 4
1348238.250746, 4
1348238.271207, 4
1348238.291665, 4
1348238.312293, 4
1348238.332755, 4
1348238.353216, 4
1348238.373676, 4
1348238.394144, 4
1348238.414632, 4
1348238.435103, 4
1348238.455569, 4
1348238.476006, 4
1348238.496467, 4
1348238.516929, 4
1348238.537388, 4
1348238.557848, 4
1348238.578308, 4
1348238.598769, 4
1348238.619231, 4
1348238.639696, 4
1348238.660198, 4
1348238.680660, 4
1348238.701122, 4
1348238.721592, 4
1348238.742055, 4
1348238.762547, 4
1348238.783197, 4
1348238.803660, 4
1348238.824120, 4
1348238.844584, 4
1348238.865043, 4
1348238.885511, 4
1348238.905997, 4
1348238.926467, 4
1348238.946954, 4
1348238.967428, 4
1348238.987891, 4
1348239.008359, 4
1348239.028818, 4
1348239.049278, 4
1348239.069750, 4
1348239.090210, 4
1348239.110676, 4
1348239.131144, 4
1348239.151631, 4
1348239.172102, 4
1348239.192570, 4
1348239.213035, 4
1348239.233509, 4
1348239.254237, 4
1348239.274731, 4
1348239.295230, 4
1348239.315728, 4
1348239.336227, 4
1348239.356714, 4
1348239.377210, 4
1348239.397708, 4
1348239.418207, 4
1348239.438705, 4
1348239.459203, 4
1348239.479714, 4
1348239.500201, 4
1348239.520666, 4
1348239.541129, 4
1348239.561590, 4
1348239.582051, 4
1348239.602696, 4
1348239.623210, 4
1348239.643683, 4
1348239.664149, 4
1348239.684616, 4
1348239.705078, 4
1348239.725543, 4
1348239.746007, 4
1348239.766471, 4
1348239.786932, 4
1348239.807392, 4
1348239.827854, 4
1348239.848320, 4
1348239.868821, 4
1348239.889301, 4
1348239.909768, 4
1348239.930264, 4
1348239.950741, 4
1348239.971207, 4
1348239.991671, 4
1348240.012330, 4
1348240.032790, 4
1348240.053252, 4
1348240.073717, 4
1348240.094182, 4
1348240.114666, 4
1348240.135141, 4
1348240.155604, 4
1348240.176073, 4
1348240.196534, 4
1348240.216996, 4
1348240.237457, 4
1348240.257927, 4
1348240.278445, 4
1348240.298927, 4
1348240.319398, 4
1348240.339862, 4
1348240.360379, 4
1348240.380856, 4
1348240.401322, 4
1348240.421963, 4
1348240.442456, 4
1348240.462924, 4
1348240.483392, 4
1348240.503858, 4
1348240.524325, 4
1348240.544787, 4
1348240.565252, 4
1348240.585719, 4
1348240.606213, 4
1348240.626687, 4
1348240.647160, 4
1348240.667633, 4
1348240.688105, 4
1348240.708578, 4
1348240.729046, 4
1348240.749516, 4
1348240.769988, 4
1348240.790457, 4
1348240.810926, 4
1348240.831651, 4
1348240.852142, 4
1348240.872620, 4
1348240.893091, 4
1348240.913565, 4
1348240.934069, 4
1348240.954550, 4
1348240.975022, 4
1348240.995494, 4
1348241.015970, 4
1348241.036462, 4
1348241.056940, 4
1348241.077416, 4
1348241.097897, 4
1348241.118372, 4
1348241.138842, 4
1348241.159311, 4
1348241.179782, 4
1348241.200256, 4
1348241.220726, 4
1348241.241459, 4
1348241.261929, 4
1348241.282405, 4
1348241.302880, 4
1348241.323353, 4
1348241.343836, 4
1348241.364311, 4
1348241.384787, 4
1348241.405260, 4
1348241.425729, 4
1348241.446201, 4
1348241.466669, 4
1348241.487143, 4
1348241.507615, 4
1348241.528092, 4
1348241.548564, 4
1348241.569037, 4
1348241.589521, 4
1348241.609997, 4
1348241.630468, 4
1348241.651236, 4
1348241.671703, 4
1348241.692181, 4
1348241.712654, 4
1348241.733122, 4
1348241.753591, 4
1348241.774059, 4
1348241.794527, 4
1348241.814998, 4
1348241.835482, 4
1348241.855959, 4
1348241.876435, 4
1348241.896902, 4
1348241.917375, 4
1348241.937872, 4
1348241.958346, 4
1348241.978817, 4
1348241.999288, 4
1348242.019757, 4
1348242.040230, 4
1348242.060978, 4
1348242.081458, 4
1348242.101935, 4
1348242.122413, 4
1348242.142883, 4
1348242.163356, 4
1348242.183825, 4
1348242.204297, 4
1348242.224769, 4
1348242.245241, 4
1348242.265711, 4
1348242.286182, 4
1348242.306657, 4
1348242.327153, 4
1348242.347628, 4
1348242.368100, 4
1348242.388578, 4
1348242.409049, 4
1348242.429525, 4
1348242.450032, 4
1348242.470626, 4
1348242.491102, 4
1348242.511575, 4
1348242.532045, 4
1348242.552519, 4
1348242.573024, 4
1348242.593505, 4
1348242.613979, 4
1348242.634452, 4
1348242.654923, 4
1348242.675397, 4
1348242.695870, 4
1348242.716343, 4
1348242.736813, 4
1348242.757286, 4
1348242.777758, 4
1348242.798232, 4
1348242.818721, 4
1348242.839195, 4
1348242.859668, 4
1348242.880290, 4
1348242.900764, 4
1348242.921234, 4
1348242.941729, 4
1348242.962209, 4
1348242.982684, 4
1348243.003155, 4
1348243.023625, 4
1348243.044100, 4
1348243.064594, 4
1348243.085071, 4
1348243.105541, 4
1348243.126018, 4
1348243.146486, 4
1348243.166962, 4
1348243.187433, 4
1348243.207902, 4
1348243.228378, 4
1348243.248848, 4
1348243.269320, 4
1348243.289906, 4
1348243.310399, 4
1348243.330880, 4
1348243.351355, 4
1348243.371858, 4
1348243.392340, 4
1348243.412815, 4
1348243.433331, 4
1348243.453811, 4
1348243.474283, 4
1348243.494755, 4
1348243.515234, 4
1348243.535710, 4
1348243.556224, 4
1348243.576702, 4
1348243.597179, 4
1348243.617648, 4
1348243.638350, 4
1348243.658818, 4
1348243.679287, 4
1348243.699759, 4
1348243.720230, 4
1348243.740705, 4
1348243.761175, 4
1348243.781646, 4
1348243.802142, 4
1348243.822615, 4
1348243.843089, 4
1348243.863559, 4
1348243.884029, 4
1348243.904503, 4
1348243.924980, 4
1348243.945488, 4
1348243.965964, 4
1348243.986439, 4
1348244.006913, 4
1348244.027389, 4
1348244.048039, 4
1348244.068519, 4
1348244.088992, 4
1348244.109469, 4
1348244.129938, 4
1348244.150410, 4
1348244.170879, 4
1348244.191350, 4
1348244.211822, 4
1348244.232306, 4
1348244.252779, 4
1348244.273257, 4
1348244.293753, 4
1348244.314227, 4
1348244.334701, 4
1348244.355177, 4
1348244.375678, 4
1348244.396454, 4
1348244.416931, 4
1348244.437426, 4
1348244.457902, 4
1348244.478377, 4
1348244.498852, 4
1348244.519323, 4
1348244.539817, 4
1348244.560299, 4
1348244.580771, 4
1348244.601245, 4
1348244.621713, 4
1348244.642190, 4
1348244.662664, 4
1348244.683137, 4
1348244.703609, 4
1348244.724082, 4
1348244.744557, 4
1348244.765035, 4
1348244.785543, 4
1348244.806122, 4
1348244.826593, 4
1348244.847068, 4
1348244.867539, 4
1348244.888007, 4
1348244.908480, 4
1348244.928952, 4
1348244.949446, 4
1348244.969924, 4
1348244.990397, 4
1348245.010877, 4
1348245.031383, 4
1348245.051860, 4
1348245.072340, 4
1348245.092818, 4
1348245.113289, 4
1348245.133762, 4
1348245.154233, 4
1348245.174708, 4
1348245.195178, 4
1348245.215771, 4
1348245.236242, 4
1348245.256713, 4
1348245.277200, 4
1348245.297675, 4
1348245.318151, 4
1348245.338622, 4
1348245.359091, 4
1348245.379567, 4
1348245.400081, 4
1348245.420555, 4
1348245.441033, 4
1348245.461502, 4
1348245.481982, 4
1348245.502468, 4
1348245.522972, 4
1348245.543446, 4
1348245.563922, 4
1348245.584398, 4
1348245.604871, 4
1348245.625438, 4
1348245.645908, 4
1348245.666378, 4
1348245.686851, 4
1348245.707321, 4
1348245.727790, 4
1348245.748265, 4
1348245.768752, 4
1348245.789230, 4
1348245.809701, 4
1348245.830168, 4
1348245.850637, 4
1348245.871106, 4
1348245.891574, 4
1348245.912014, 4
1348245.932496, 4
1348245.952972, 4
1348245.973449, 4
1348245.993925, 4
1348246.014407, 4
1348246.035094, 4
1348246.055571, 4
1348246.076042, 4
1348246.096510, 4
1348246.116979, 4
1348246.137449, 4
1348246.157917, 4
1348246.178385, 4
1348246.198854, 4
1348246.219323, 4
1348246.239799, 4
1348246.260290, 4
1348246.280769, 4
1348246.301243, 4
1348246.321715, 4
1348246.342186, 4
1348246.362655, 4
1348246.383126, 4
1348246.403601, 4
1348246.424120, 4
1348246.444766, 4
1348246.465243, 4
1348246.485721, 4
1348246.506217, 4
1348246.526701, 4
1348246.547172, 4
1348246.567646, 4
1348246.588118, 4
1348246.608587, 4
1348246.629056, 4
1348246.649524, 4
1348246.669993, 4
1348246.690461, 4
1348246.710930, 4
1348246.731411, 4
1348246.751899, 4
1348246.772383, 4
1348246.792859, 4
1348246.813332, 4
1348246.833801, 4
1348246.854407, 4
1348246.874879, 4
1348246.895347, 4
1348246.915824, 4
1348246.936321, 4
1348246.956794, 4
1348246.977272, 4
1348246.997770, 4
1348247.018244, 4
1348247.038720, 4
1348247.059189, 4
1348247.079665, 4
1348247.100137, 4
1348247.120606, 4
1348247.141076, 4
1348247.161544, 4
1348247.182011, 4
1348247.202481, 4
1348247.222956, 4
1348247.243434, 4
1348247.264074, 4
1348247.284547, 4
1348247.305014, 4
1348247.325482, 4
1348247.345951, 4
1348247.366422, 4
1348247.386890, 4
1348247.407362, 4
1348247.427833, 4
1348247.448306, 4
1348247.468778, 4
1348247.489258, 4
1348247.509733, 4
1348247.530233, 4
1348247.550710, 4
1348247.571179, 4
1348247.591648, 4
1348247.612120, 4
1348247.632590, 4
1348247.653057, 4
1348247.673673, 4
1348247.694139, 4
1348247.714612, 4
1348247.735093, 4
1348247.755570, 4
1348247.776044, 4
1348247.796515, 4
1348247.816985, 4
1348247.837454, 4
1348247.857921, 4
1348247.878390, 4
1348247.898858, 4
1348247.919332, 4
1348247.939822, 4
1348247.960313, 4
1348247.980794, 4
1348248.001272, 4
1348248.021749, 4
1348248.042221, 4
1348248.062692, 4
1348248.083346, 4
1348248.103814, 4
1348248.124291, 4
1348248.144761, 4
1348248.165232, 4
1348248.185707, 4
1348248.206182, 4
1348248.226666, 4
1348248.247140, 4
1348248.267613, 4
1348248.288088, 4
1348248.308560, 4
1348248.329030, 4
1348248.349503, 4
1348248.369973, 4
1348248.390447, 4
1348248.410923, 4
1348248.431437, 4
1348248.451966, 4
1348248.472484, 4
1348248.493020, 4
1348248.513501, 4
1348248.533974, 4
1348248.554447, 4
1348248.574915, 4
1348248.595383, 4
1348248.615856, 4
1348248.636328, 4
1348248.656799, 4
1348248.677271, 4
1348248.697742, 4
1348248.718240, 4
1348248.738715, 4
1348248.759187, 4
1348248.779661, 4
1348248.800134, 4
1348248.820623, 4
1348248.841092, 4
1348248.861563, 4
1348248.882036, 4
1348248.902635, 4
1348248.923116, 4
1348248.943626, 4
1348248.964123, 4
1348248.984598, 4
1348249.005075, 4
1348249.025556, 4
1348249.046032, 4
1348249.066504, 4
1348249.086976, 4
1348249.107444, 4
1348249.127916, 4
1348249.148389, 4
1348249.168858, 4
1348249.189340, 4
1348249.209813, 4
1348249.230289, 4
1348249.250761, 4
1348249.271233, 4
1348249.291702, 4
1348249.312292, 4
1348249.332768, 4
1348249.353240, 4
1348249.373710, 4
1348249.394181, 4
1348249.414651, 4
1348249.435121, 4
1348249.455616, 4
1348249.476092, 4
1348249.496570, 4
1348249.517042, 4
1348249.537512, 4
1348249.557986, 4
1348249.578456, 4
1348249.598929, 4
1348249.619399, 4
1348249.639868, 4
1348249.660343, 4
1348249.680817, 4
1348249.701316, 4
1348249.721955, 4
1348249.742426, 4
1348249.762897, 4
1348249.783366, 4
1348249.803833, 4
1348249.824305, 4
1348249.844773, 4
1348249.865241, 4
1348249.885712, 4
1348249.906181, 4
1348249.926652, 4
1348249.947143, 4
1348249.967626, 4
1348249.988100, 4
1348250.008573, 4
1348250.029041, 4
1348250.049510, 4
1348250.069980, 4
1348250.090448, 4
1348250.110916, 4
1348250.131639, 4
1348250.152109, 4
1348250.172583, 4
1348250.193069, 4
1348250.213550, 4
1348250.234025, 4
1348250.254494, 4
1348250.274962, 4
1348250.295430, 4
1348250.315899, 4
1348250.336371, 4
1348250.356841, 4
1348250.377309, 4
1348250.397777, 4
1348250.418253, 4
1348250.438731, 4
1348250.459206, 4
1348250.479680, 4
1348250.500150, 4
1348250.520622, 4
1348250.541328, 4
1348250.561797, 4
1348250.582267, 4
1348250.602738, 4
1348250.623206, 4
1348250.643678, 4
1348250.664155, 4
1348250.684628, 4
1348250.705097, 4
1348250.725565, 4
1348250.746033, 4
1348250.766501, 4
1348250.786968, 4
1348250.807439, 4
1348250.827910, 4
1348250.848382, 4
1348250.868850, 4
1348250.889327, 4
1348250.909809, 4
1348250.930299, 4
1348250.951016, 4
1348250.971488, 4
1348250.991956, 4
1348251.012428, 4
1348251.032896, 4
1348251.053364, 4
1348251.073831, 4
1348251.094299, 4
1348251.114768, 4
1348251.135238, 4
1348251.155711, 4
1348251.176190, 4
1348251.196659, 4
1348251.217127, 4
1348251.237598, 4
1348251.258067, 4
1348251.278534, 4
1348251.299005, 4
1348251.319471, 4
1348251.339939, 4
1348251.360688, 4
1348251.381159, 4
1348251.401656, 4
1348251.422131, 4
1348251.442602, 4
1348251.463072, 4
1348251.483540, 4
1348251.504008, 4
1348251.524477, 4
1348251.544945, 4
1348251.565413, 4
1348251.585882, 4
1348251.606348, 4
1348251.626818, 4
1348251.647306, 4
1348251.667782, 4
1348251.688251, 4
1348251.708731, 4
1348251.729199, 4
1348251.749666, 4
1348251.770344, 4
1348251.790812, 4
1348251.811280, 4
1348251.831749, 4
1348251.852222, 4
1348251.872694, 4
1348251.893194, 4
1348251.913672, 4
1348251.934176, 4
1348251.954655, 4
1348251.975127, 4
1348251.995596, 4
1348252.016069, 4
1348252.036538, 4
1348252.057008, 4
1348252.077480, 4
1348252.097948, 4
1348252.118423, 4
1348252.138917, 4
1348252.159391, 4
1348252.180008, 4
1348252.200500, 4
1348252.220970, 4
1348252.241439, 4
1348252.261906, 4
1348252.282375, 4
1348252.302842, 4
1348252.323309, 4
1348252.343778, 4
1348252.364252, 4
1348252.384744, 4
1348252.405221, 4
1348252.425694, 4
1348252.446185, 4
1348252.466673, 4
1348252.487147, 4
1348252.507619, 4
1348252.528094, 4
1348252.548564, 4
1348252.569041, 4
1348252.589683, 4
1348252.610155, 4
1348252.630639, 4
1348252.651108, 4
1348252.671581, 4
1348252.692055, 4
1348252.712522, 4
1348252.732993, 4
1348252.753467, 4
1348252.773935, 4
1348252.794405, 4
1348252.814875, 4
1348252.835343, 4
1348252.855817, 4
1348252.876327, 4
1348252.896807, 4
1348252.917282, 4
1348252.937790, 4
1348252.958266, 4
1348252.978736, 4
1348252.999370, 4
1348253.019846, 4
1348253.040345, 4
1348253.060818, 4
1348253.081294, 4
1348253.101770, 4
1348253.122270, 4
1348253.142743, 4
1348253.163215, 4
1348253.183687, 4
1348253.204157, 4
1348253.224625, 4
1348253.245099, 4
1348253.265566, 4
1348253.286041, 4
1348253.306511, 4
1348253.326980, 4
1348253.347457, 4
1348253.367961, 4
1348253.388444, 4
1348253.409048, 4
1348253.429522, 4
1348253.450034, 4
1348253.470511, 4
1348253.490982, 4
1348253.511458, 4
1348253.531925, 4
1348253.552396, 4
1348253.572867, 4
1348253.593345, 4
1348253.613849, 4
1348253.634323, 4
1348253.654794, 4
1348253.675267, 4
1348253.695739, 4
1348253.716218, 4
1348253.736688, 4
1348253.757159, 4
1348253.777628, 4
1348253.798095, 4
1348253.818700, 4
1348253.839173, 4
1348253.859656, 4
1348253.880135, 4
1348253.900609, 4
1348253.921084, 4
1348253.941570, 4
1348253.962048, 4
1348253.982520, 4
1348254.002993, 4
1348254.023462, 4
1348254.043934, 4
1348254.064406, 4
1348254.084877, 4
1348254.105386, 4
1348254.125864, 4
1348254.146334, 4
1348254.166819, 4
1348254.187285, 4
1348254.207754, 4
1348254.228448, 4
1348254.248916, 4
1348254.269387, 4
1348254.289853, 4
1348254.310323, 4
1348254.330797, 4
1348254.351296, 4
1348254.371774, 4
1348254.392244, 4
1348254.412715, 4
1348254.433185, 4
1348254.453664, 4
1348254.474139, 4
1348254.494609, 4
1348254.515084, 4
1348254.535555, 4
1348254.556005, 4
1348254.576496, 4
1348254.596973, 4
1348254.617452, 4
1348254.638204, 4
1348254.658673, 4
1348254.679141, 4
1348254.699610, 4
1348254.720089, 4
1348254.740559, 4
1348254.761027, 4
1348254.781498, 4
1348254.801968, 4
1348254.822442, 4
1348254.842929, 4
1348254.863402, 4
1348254.883876, 4
1348254.904357, 4
1348254.924831, 4
1348254.945333, 4
1348254.965808, 4
1348254.986282, 4
1348255.006753, 4
1348255.027225, 4
1348255.047842, 4
1348255.068320, 4
1348255.088806, 4
1348255.109286, 4
1348255.129758, 4
1348255.150227, 4
1348255.170695, 4
1348255.191164, 4
1348255.211633, 4
1348255.232103, 4
1348255.252572, 4
1348255.273041, 4
1348255.293510, 4
1348255.313982, 4
1348255.334457, 4
1348255.354927, 4
1348255.375396, 4
1348255.395865, 4
1348255.416335, 4
1348255.436803, 4
1348255.457499, 4
1348255.477969, 4
1348255.498437, 4
1348255.518904, 4
1348255.539377, 4
1348255.559851, 4
1348255.580335, 4
1348255.600812, 4
1348255.621286, 4
1348255.641758, 4
1348255.662227, 4
1348255.682696, 4
1348255.703166, 4
1348255.723635, 4
1348255.744109, 4
1348255.764579, 4
1348255.785048, 4
1348255.805523, 4
1348255.825999, 4
1348255.846473, 4
1348255.867118, 4
1348255.887587, 4
1348255.908055, 4
1348255.928530, 4
1348255.949012, 4
1348255.969492, 4
1348255.989966, 4
1348256.010435, 4
1348256.030907, 4
1348256.051380, 4
1348256.071865, 4
1348256.092345, 4
1348256.112816, 4
1348256.133284, 4
1348256.153756, 4
1348256.174223, 4
1348256.194692, 4
1348256.215162, 4
1348256.235635, 4
1348256.256113, 4
1348256.276729, 4
1348256.297205, 4
1348256.317702, 4
1348256.338174, 4
1348256.358651, 4
1348256.379122, 4
1348256.399595, 4
1348256.420076, 4
1348256.440583, 4
1348256.461059, 4
1348256.481532, 4
1348256.502001, 4
1348256.522475, 4
1348256.542946, 4
1348256.563457, 4
1348256.583938, 4
1348256.604410, 4
1348256.625130, 4
1348256.645602, 4
1348256.666076, 4
1348256.686549, 4
1348256.707018, 4
1348256.727488, 4
1348256.747961, 4
1348256.768430, 4
1348256.788902, 4
1348256.809409, 4
1348256.829887, 4
1348256.850363, 4
1348256.870846, 4
1348256.891320, 4
1348256.911808, 4
1348256.932320, 4
1348256.952804, 4
1348256.973273, 4
1348256.993729, 4
1348257.014183, 4
1348257.034794, 4
1348257.055278, 4
1348257.075740, 4
1348257.096198, 4
1348257.116656, 4
1348257.137137, 4
1348257.157601, 4
1348257.178059, 4
1348257.198514, 4
1348257.218969, 4
1348257.239424, 4
1348257.259880, 4
1348257.280353, 4
1348257.300848, 4
1348257.321324, 4
1348257.341788, 4
1348257.362250, 4
1348257.382722, 4
1348257.403182, 4
1348257.423643, 4
1348257.444114, 4
1348257.464576, 4
1348257.485037, 4
1348257.505631, 4
1348257.526096, 4
1348257.546584, 4
1348257.567051, 4
1348257.587515, 4
1348257.607979, 4
1348257.628441, 4
1348257.648902, 4
1348257.669366, 4
1348257.689855, 4
1348257.710323, 4
1348257.730791, 4
1348257.751254, 4
1348257.771720, 4
1348257.792213, 4
1348257.812682, 4
1348257.833147, 4
1348257.853612, 4
1348257.874075, 4
1348257.894538, 4
1348257.915290, 4
1348257.935761, 4
1348257.956236, 4
1348257.976700, 4
1348257.997164, 4
1348258.017630, 4
1348258.038114, 4
1348258.058580, 4
1348258.079043, 4
1348258.099510, 4
1348258.119989, 4
1348258.140465, 4
1348258.160928, 4
1348258.181390, 4
1348258.201853, 4
1348258.222315, 4
1348258.242778, 4
1348258.263244, 4
1348258.283743, 4
1348258.304218, 4
1348258.324935, 4
1348258.345395, 4
1348258.365857, 4
1348258.386321, 4
1348258.406806, 4
1348258.427275, 4
1348258.447763, 4
1348258.468230, 4
1348258.488694, 4
1348258.509157, 4
1348258.529659, 4
1348258.550155, 4
1348258.570621, 4
1348258.591083, 4
1348258.611547, 4
1348258.632006, 4
1348258.652467, 4
1348258.672931, 4
1348258.693399, 4
1348258.713893, 4
1348258.734610, 4
1348258.755081, 4
1348258.775563, 4
1348258.796006, 4
1348258.816473, 4
1348258.836940, 4
1348258.857422, 4
1348258.877888, 4
1348258.898350, 4
1348258.918816, 4
1348258.939298, 4
1348258.959765, 4
1348258.980230, 4
1348259.000693, 4
1348259.021172, 4
1348259.041661, 4
1348259.062128, 4
1348259.082598, 4
1348259.103064, 4
1348259.123551, 4
1348259.144222, 4
1348259.164686, 4
1348259.185150, 4
1348259.205613, 4
1348259.226075, 4
1348259.246540, 4
1348259.267021, 4
1348259.287494, 4
1348259.307959, 4
1348259.328424, 4
1348259.348887, 4
1348259.369347, 4
1348259.389808, 4
1348259.410270, 4
1348259.430734, 4
1348259.451200, 4
1348259.471686, 4
1348259.492157, 4
1348259.512649, 4
1348259.533117, 4
1348259.553818, 4
1348259.574286, 4
1348259.594749, 4
1348259.615217, 4
1348259.635681, 4
1348259.656144, 4
1348259.676606, 4
1348259.697068, 4
1348259.717533, 4
1348259.738022, 4
1348259.758505, 4
1348259.778973, 4
1348259.799437, 4
1348259.819898, 4
1348259.840372, 4
1348259.860835, 4
1348259.881297, 4
1348259.901767, 4
1348259.922233, 4
1348259.942729, 4
1348259.963471, 4
1348259.983938, 4
1348260.004419, 4
1348260.024886, 4
1348260.045351, 4
1348260.065815, 4
1348260.086275, 4
1348260.106740, 4
1348260.127222, 4
1348260.147693, 4
1348260.168187, 4
1348260.188656, 4
1348260.209119, 4
1348260.229583, 4
1348260.250071, 4
1348260.270535, 4
1348260.291000, 4
1348260.311472, 4
1348260.331936, 4
1348260.352400, 4
1348260.373112, 4
1348260.393598, 4
1348260.414069, 4
1348260.434557, 4
1348260.455035, 4
1348260.475502, 4
1348260.495985, 4
1348260.516457, 4
1348260.536921, 4
1348260.557383, 4
1348260.577845, 4
1348260.598306, 4
1348260.618767, 4
1348260.639230, 4
1348260.659694, 4
1348260.680157, 4
1348260.700620, 4
1348260.721084, 4
1348260.741579, 4
1348260.762070, 4
1348260.782764, 4
1348260.803229, 4
1348260.823694, 4
1348260.844159, 4
1348260.864623, 4
1348260.885087, 4
1348260.905550, 4
1348260.926014, 4
1348260.946493, 4
1348260.966959, 4
1348260.987445, 4
1348261.007914, 4
1348261.028380, 4
1348261.048844, 4
1348261.069309, 4
1348261.089773, 4
1348261.110238, 4
1348261.130732, 4
1348261.151198, 4
1348261.171663, 4
1348261.192379, 4
1348261.212843, 4
1348261.233322, 4
1348261.253785, 4
1348261.274246, 4
1348261.294706, 4
1348261.315170, 4
1348261.335629, 4
1348261.356092, 4
1348261.376554, 4
1348261.397016, 4
1348261.417479, 4
1348261.437941, 4
1348261.458404, 4
1348261.478897, 4
1348261.499366, 4
1348261.519848, 4
1348261.540360, 4
1348261.560829, 4
1348261.581291, 4
1348261.602026, 4
1348261.622490, 4
1348261.642950, 4
1348261.663410, 4
1348261.683870, 4
1348261.704331, 4
1348261.724794, 4
1348261.745255, 4
1348261.765722, 4
1348261.786218, 4
1348261.806684, 4
1348261.827151, 4
1348261.847615, 4
1348261.868079, 4
1348261.888541, 4
1348261.909002, 4
1348261.929466, 4
1348261.949929, 4
1348261.970390, 4
1348261.990850, 4
1348262.011311, 4
1348262.031775, 4
1348262.052237, 4
1348262.072908, 4
1348262.093369, 4
1348262.113829, 4
1348262.134292, 4
1348262.154752, 4
1348262.175215, 4
1348262.195675, 4
1348262.216138, 4
1348262.236606, 4
1348262.257104, 4
1348262.277569, 4
1348262.298032, 4
1348262.318492, 4
1348262.338953, 4
1348262.359418, 4
1348262.379879, 4
1348262.400349, 4
1348262.420812, 4
1348262.441273, 4
1348262.461738, 4
1348262.482200, 4
1348262.502662, 4
1348262.523124, 4
1348262.543770, 4
1348262.564233, 4
1348262.584695, 4
1348262.605154, 4
1348262.625615, 4
1348262.646075, 4
1348262.666535, 4
1348262.686996, 4
1348262.707456, 4
1348262.727917, 4
1348262.748378, 4
1348262.768838, 4
1348262.789303, 4
1348262.809797, 4
1348262.830263, 4
1348262.850727, 4
1348262.871191, 4
1348262.891654, 4
1348262.912117, 4
1348262.932578, 4
1348262.953039, 4
1348262.973500, 4
1348262.993960, 4
1348263.014647, 4
1348263.035110, 4
1348263.055570, 4
1348263.076005, 4
1348263.096466, 4
1348263.116926, 4
1348263.137386, 4
1348263.157847, 4
1348263.178307, 4
1348263.198769, 4
1348263.219229, 4
1348263.239689, 4
1348263.260150, 4
1348263.280609, 4
1348263.301069, 4
1348263.321528, 4
1348263.341987, 4
1348263.362448, 4
1348263.382908, 4
1348263.403367, 4
1348263.423837, 4
1348263.444340, 4
1348263.464839, 4
1348263.485550, 4
1348263.506015, 4
1348263.526476, 4
1348263.546935, 4
1348263.567396, 4
1348263.587856, 4
1348263.608322, 4
1348263.628784, 4
1348263.649244, 4
1348263.669704, 4
1348263.690164, 4
1348263.710628, 4
1348263.731088, 4
1348263.751548, 4
1348263.772006, 4
1348263.792465, 4
1348263.812932, 4
1348263.833439, 4
1348263.853905, 4
1348263.874368, 4
1348263.894833, 4
1348263.915298, 4
1348263.935759, 4
1348263.956378, 4
1348263.976839, 4
1348263.997301, 4
1348264.017770, 4
1348264.038263, 4
1348264.058732, 4
1348264.079197, 4
1348264.099659, 4
1348264.120125, 0
1348264.140586, 0
1348264.161046, 0
1348264.181507, 0
1348264.201967, 0
1348264.222430, 0
1348264.242896, 0
1348264.263394, 0
1348264.283860, 0
1348264.304325, 0
1348264.324790, 0
1348264.345251, 0
1348264.366006, 0
1348264.386467, 0
1348264.406928, 0
1348264.427393, 0
1348264.447854, 0
1348264.468316, 0
1348264.488775, 0
1348264.509236, 0
1348264.529700, 0
1348264.550160, 0
1348264.570620, 0
1348264.591082, 0
1348264.611545, 0
1348264.632007, 0
1348264.652470, 0
1348264.672930, 0
1348264.693398, 0
1348264.713861, 0
1348264.734322, 0
1348264.754785, 0
1348264.775245, 0
1348264.795706, 0
1348264.816166, 4
1348264.836881, 4
1348264.857366, 4
1348264.877832, 4
1348264.898296, 4
1348264.918757, 4
1348264.939219, 4
1348264.959684, 4
1348264.980147, 4
1348265.000609, 4
1348265.021070, 4
1348265.041532, 4
1348265.061997, 4
1348265.082458, 4
1348265.102920, 4
1348265.123380, 4
1348265.143842, 4
1348265.164304, 4
1348265.184767, 4
1348265.205227, 4
1348265.225687, 4
1348265.246150, 4
1348265.266611, 4
1348265.287071, 4
1348265.307729, 4
1348265.328192, 4
1348265.348651, 4
1348265.369111, 4
1348265.389570, 4
1348265.410031, 4
1348265.430490, 4
1348265.450949, 4
1348265.471408, 4
1348265.491868, 4
1348265.512329, 4
1348265.532789, 4
1348265.553248, 4
1348265.573707, 4
1348265.594166, 4
1348265.614625, 4
1348265.635084, 4
1348265.655545, 4
1348265.676006, 4
1348265.696465, 4
1348265.716925, 4
1348265.737384, 4
1348265.757844, 4
1348265.778556, 4
1348265.799016, 4
1348265.819480, 4
1348265.839942, 4
1348265.860408, 4
1348265.880905, 4
1348265.901374, 4
1348265.921840, 4
1348265.942304, 4
1348265.962767, 4
1348265.983229, 4
1348266.003691, 4
1348266.024159, 4
1348266.044621, 4
1348266.065085, 4
1348266.085550, 4
1348266.106011, 4
1348266.126478, 4
1348266.146940, 4
1348266.167402, 4
1348266.188171, 4
1348266.208636, 4
1348266.229108, 4
1348266.249585, 4
1348266.270055, 4
1348266.290519, 4
1348266.310981, 4
1348266.331448, 4
1348266.351910, 4
1348266.372373, 4
1348266.392836, 4
1348266.413297, 4
1348266.433771, 4
1348266.454235, 4
1348266.474701, 4
1348266.495170, 4
1348266.515634, 4
1348266.536100, 4
1348266.556561, 4
1348266.577024, 4
1348266.597762, 4
1348266.618229, 4
1348266.638721, 4
1348266.659190, 4
1348266.679655, 4
1348266.700122, 4
1348266.720584, 4
1348266.741051, 4
1348266.761514, 4
1348266.781976, 4
1348266.802438, 4
1348266.822901, 4
1348266.843361, 4
1348266.863825, 4
1348266.884293, 4
1348266.904778, 4
1348266.925243, 4
1348266.945707, 4
1348266.966169, 4
1348266.986631, 4
1348267.007388, 4
1348267.027849, 4
1348267.048312, 4
1348267.068776, 4
1348267.089241, 4
1348267.109703, 4
1348267.130164, 4
1348267.150627, 4
1348267.171087, 4
1348267.191549, 4
1348267.212007, 4
1348267.232467, 4
1348267.252928, 4
1348267.273388, 4
1348267.293853, 4
1348267.314314, 4
1348267.334775, 4
1348267.355237, 4
1348267.375702, 4
1348267.396165, 4
1348267.416627, 4
1348267.437087, 4
1348267.457547, 4
1348267.478228, 4
1348267.498689, 4
1348267.519150, 4
1348267.539611, 4
1348267.560077, 4
1348267.580539, 4
1348267.600999, 4
1348267.621459, 4
1348267.641919, 4
1348267.662379, 4
1348267.682843, 4
1348267.703304, 4
1348267.723764, 4
1348267.744225, 4
1348267.764687, 4
1348267.785150, 4
1348267.805610, 4
1348267.826074, 4
1348267.846534, 4
1348267.866993, 4
1348267.887457, 4
1348267.907918, 4
1348267.928384, 4
1348267.949065, 4
1348267.969526, 4
1348267.989988, 4
1348268.010454, 4
1348268.030932, 4
1348268.051400, 4
1348268.071862, 4
1348268.092328, 4
1348268.112789, 4
1348268.133249, 4
1348268.153709, 4
1348268.174169, 4
1348268.194629, 4
1348268.215093, 4
1348268.235560, 4
1348268.256010, 4
1348268.276476, 4
1348268.296941, 4
1348268.317407, 4
1348268.337870, 4
1348268.358334, 4
1348268.378797, 4
1348268.399257, 4
1348268.419923, 4
1348268.440418, 4
1348268.460906, 4
1348268.481370, 4
1348268.501830, 4
1348268.522286, 4
1348268.542752, 4
1348268.563220, 4
1348268.583720, 4
1348268.604211, 4
1348268.624679, 4
1348268.645145, 4
1348268.665607, 4
1348268.686069, 4
1348268.706539, 4
1348268.727003, 4
1348268.747466, 4
1348268.767974, 4
1348268.788444, 4
1348268.808909, 4
1348268.829559, 4
1348268.850020, 4
1348268.870482, 4
1348268.890942, 4
1348268.911403, 4
1348268.931868, 4
1348268.952332, 4
1348268.972793, 4
1348268.993253, 4
1348269.013713, 4
1348269.034176, 4
1348269.054636, 4
1348269.075095, 4
1348269.095554, 4
1348269.116006, 4
1348269.136471, 4
1348269.156932, 4
1348269.177393, 4
1348269.197853, 4
1348269.218313, 4
1348269.238784, 4
1348269.259245, 4
1348269.279705, 4
1348269.300414, 4
1348269.320873, 4
1348269.341337, 4
1348269.361797, 4
1348269.382258, 4
1348269.402719, 4
1348269.423178, 4
1348269.443637, 4
1348269.464100, 4
1348269.484561, 4
1348269.505021, 4
1348269.525480, 4
1348269.545940, 4
1348269.566403, 4
1348269.586864, 4
1348269.607326, 4
1348269.627787, 4
1348269.648250, 4
1348269.668712, 4
1348269.689173, 4
1348269.709634, 4
1348269.730094, 4
1348269.750554, 4
1348269.771270, 4
1348269.791728, 4
1348269.812270, 4
1348269.832730, 4
1348269.853192, 4
1348269.873655, 4
1348269.894115, 4
1348269.914575, 4
1348269.935035, 4
1348269.955502, 4
1348269.975989, 4
1348269.996469, 4
1348270.016934, 4
1348270.037395, 4
1348270.057858, 4
1348270.078323, 4
1348270.098785, 4
1348270.119254, 4
1348270.139715, 4
1348270.160182, 4
1348270.180871, 4
1348270.201331, 4
1348270.221791, 4
1348270.242257, 4
1348270.262750, 4
1348270.283217, 4
1348270.303678, 4
1348270.324139, 4
1348270.344599, 4
1348270.365062, 4
1348270.385527, 4
1348270.405988, 4
1348270.426449, 4
1348270.446912, 4
1348270.467372, 4
1348270.487835, 4
1348270.508299, 4
1348270.528762, 4
1348270.549222, 4
1348270.569682, 4
1348270.590145, 4
1348270.610606, 4
1348270.631066, 4
1348270.651688, 4
1348270.672149, 4
1348270.692611, 4
1348270.713071, 4
1348270.733531, 4
1348270.753991, 4
1348270.774451, 4
1348270.794911, 4
1348270.815375, 4
1348270.835852, 4
1348270.856316, 4
1348270.876776, 4
1348270.897235, 4
1348270.917698, 4
1348270.938158, 4
1348270.958619, 4
1348270.979083, 4
1348270.999597, 4
1348271.020077, 4
1348271.040542, 4
1348271.061297, 4
1348271.081758, 4
1348271.102219, 4
1348271.122682, 4
1348271.143143, 4
1348271.163603, 4
1348271.184070, 4
1348271.204531, 4
1348271.225000, 4
1348271.245490, 4
1348271.265963, 4
1348271.286459, 4
1348271.306927, 4
1348271.327397, 4
1348271.347861, 4
1348271.368323, 4
1348271.388786, 4
1348271.409249, 4
1348271.429714, 4
1348271.450175, 4
1348271.470908, 4
1348271.491368, 4
1348271.511827, 4
1348271.532291, 4
1348271.552751, 4
1348271.573211, 4
1348271.593671, 4
1348271.614131, 4
1348271.634595, 4
1348271.655056, 4
1348271.675516, 4
1348271.695976, 4
1348271.716437, 4
1348271.736900, 4
1348271.757360, 4
1348271.777821, 4
1348271.798281, 4
1348271.818745, 4
1348271.839209, 4
1348271.859669, 4
1348271.880132, 4
1348271.900593, 4
1348271.921053, 4
1348271.941732, 4
1348271.962192, 4
1348271.982652, 4
1348272.003119, 4
1348272.023623, 4
1348272.044127, 4
1348272.064596, 4
1348272.085054, 4
1348272.105512, 4
1348272.125970, 4
1348272.146455, 4
1348272.166918, 4
1348272.187377, 4
1348272.207833, 4
1348272.228290, 4
1348272.248749, 4
1348272.269215, 4
1348272.289677, 4
1348272.310135, 4
1348272.330591, 4
1348272.351055, 4
1348272.371513, 4
1348272.391987, 4
1348272.412574, 4
1348272.433035, 4
1348272.453511, 4
1348272.473973, 4
1348272.494432, 4
1348272.514909, 4
1348272.535372, 4
1348272.555828, 4
1348272.576283, 4
1348272.596737, 4
1348272.617191, 4
1348272.637653, 4
1348272.658116, 4
1348272.678578, 4
1348272.699041, 4
1348272.719503, 4
1348272.739968, 4
1348272.760461, 4
1348272.780927, 4
1348272.801392, 4
1348272.821855, 4
1348272.842319, 4
1348272.862781, 4
1348272.883443, 4
1348272.903905, 4
1348272.924369, 4
1348272.944852, 4
1348272.965321, 4
1348272.985787, 4
1348273.006267, 4
1348273.026741, 4
1348273.047233, 4
1348273.067697, 4
1348273.088157, 4
1348273.108615, 4
1348273.129082, 4
1348273.149556, 4
1348273.170021, 4
1348273.190481, 4
1348273.210937, 4
1348273.231397, 4
1348273.251879, 4
1348273.272350, 4
1348273.293078, 4
1348273.313535, 4
1348273.333990, 4
1348273.354447, 4
1348273.374904, 4
1348273.395360, 4
1348273.415816, 4
1348273.436282, 4
1348273.456770, 4
1348273.477237, 4
1348273.497717, 4
1348273.518178, 4
1348273.538633, 4
1348273.559096, 4
1348273.579557, 4
1348273.600006, 4
1348273.620466, 4
1348273.640936, 4
1348273.661398, 4
1348273.681859, 4
1348273.702329, 4
1348273.722791, 4
1348273.743283, 4
1348273.763939, 4
1348273.784404, 4
1348273.804865, 4
1348273.825325, 4
1348273.845787, 4
1348273.866249, 4
1348273.886712, 4
1348273.907174, 4
1348273.927638, 4
1348273.948131, 4
1348273.968599, 4
1348273.989075, 4
1348274.009541, 4
1348274.030004, 4
1348274.050474, 4
1348274.070974, 4
1348274.091446, 4
1348274.111918, 4
1348274.132410, 4
1348274.152879, 4
1348274.173582, 4
1348274.194046, 4
1348274.214511, 4
1348274.234984, 4
1348274.255449, 4
1348274.275914, 4
1348274.296375, 4
1348274.316838, 4
1348274.337299, 4
1348274.357760, 4
1348274.378225, 4
1348274.398712, 4
1348274.419178, 4
1348274.439654, 4
1348274.460147, 4
1348274.480634, 4
1348274.501113, 4
1348274.521587, 4
1348274.542049, 4
1348274.562510, 4
1348274.583206, 4
1348274.603668, 4
1348274.624132, 4
1348274.644594, 4
1348274.665057, 4
1348274.685520, 4
1348274.705983, 4
1348274.726460, 4
1348274.746925, 4
1348274.767388, 4
1348274.787848, 4
1348274.808312, 4
1348274.828774, 4
1348274.849236, 4
1348274.869700, 4
1348274.890162, 4
1348274.910628, 4
1348274.931100, 4
1348274.951595, 4
1348274.972082, 4
1348274.992879, 4
1348275.013356, 4
1348275.033844, 4
1348275.054315, 4
1348275.074750, 4
1348275.095246, 4
1348275.115725, 4
1348275.136221, 4
1348275.156696, 4
1348275.177162, 4
1348275.197628, 4
1348275.218131, 4
1348275.238619, 4
1348275.259089, 4
1348275.279558, 4
1348275.300006, 4
1348275.320473, 4
1348275.340958, 4
1348275.361429, 4
1348275.381894, 4
1348275.402487, 4
1348275.422953, 4
1348275.443436, 4
1348275.463920, 4
1348275.484390, 4
1348275.504873, 4
1348275.525339, 4
1348275.545800, 4
1348275.566262, 4
1348275.586722, 4
1348275.607184, 4
1348275.627648, 4
1348275.648110, 4
1348275.668573, 4
1348275.689047, 4
1348275.709527, 4
1348275.729996, 4
1348275.750462, 4
1348275.770923, 4
1348275.791384, 4
1348275.812129, 4
1348275.832591, 4
1348275.853054, 4
1348275.873517, 4
1348275.893979, 4
1348275.914445, 4
1348275.934917, 4
1348275.955401, 4
1348275.975871, 4
1348275.996335, 4
1348276.016797, 4
1348276.037261, 4
1348276.057725, 4
1348276.078188, 4
1348276.098661, 4
1348276.119129, 4
1348276.139615, 4
1348276.160094, 4
1348276.180587, 4
1348276.201081, 4
1348276.221785, 4
1348276.242250, 4
1348276.262736, 4
1348276.283209, 4
1348276.303679, 4
1348276.324143, 4
1348276.344606, 4
1348276.365070, 4
1348276.385534, 4
1348276.406027, 4
1348276.426530, 4
1348276.447022, 4
1348276.467496, 4
1348276.487966, 4
1348276.508442, 4
1348276.528908, 4
1348276.549370, 4
1348276.569833, 4
1348276.590297, 4
1348276.610761, 4
1348276.631446, 4
1348276.651914, 4
1348276.672404, 4
1348276.692878, 4
1348276.713343, 4
1348276.733805, 4
1348276.754266, 4
1348276.774730, 4
1348276.795192, 4
1348276.815654, 4
1348276.836119, 4
1348276.856582, 4
1348276.877046, 4
1348276.897511, 4
1348276.917995, 4
1348276.938475, 4
1348276.958960, 4
1348276.979434, 4
1348276.999901, 4
1348277.020372, 4
1348277.041089, 4
1348277.061551, 4
1348277.082013, 4
1348277.102476, 4
1348277.122943, 4
1348277.143451, 4
1348277.163941, 4
1348277.184437, 4
1348277.204906, 4
1348277.225370, 4
1348277.245833, 4
1348277.266295, 4
1348277.286757, 4
1348277.307219, 4
1348277.327684, 4
1348277.348147, 4
1348277.368609, 4
1348277.389079, 4
1348277.409561, 4
1348277.430046, 4
1348277.450752, 4
1348277.471217, 4
1348277.491678, 4
1348277.512141, 4
1348277.532604, 4
1348277.553068, 4
1348277.573530, 4
1348277.593992, 4
1348277.614452, 4
1348277.634920, 4
1348277.655393, 4
1348277.675868, 4
1348277.696340, 4
1348277.716803, 4
1348277.737272, 4
1348277.757737, 4
1348277.778199, 4
1348277.798672, 4
1348277.819136, 4
1348277.839597, 4
1348277.860071, 4
1348277.880537, 4
1348277.901010, 4
1348277.921612, 4
1348277.942091, 4
1348277.962560, 4
1348277.983023, 4
1348278.003485, 4
1348278.023948, 4
1348278.044412, 4
1348278.064877, 4
1348278.085340, 4
1348278.105801, 4
1348278.126268, 4
1348278.146772, 4
1348278.167269, 4
1348278.187768, 4
1348278.208244, 4
1348278.228715, 4
1348278.249183, 4
1348278.269647, 4
1348278.290113, 4
1348278.310576, 4
1348278.331232, 4
1348278.351695, 4
1348278.372161, 4
1348278.392654, 4
1348278.413130, 4
1348278.433608, 4
1348278.454099, 4
1348278.474570, 4
1348278.495039, 4
1348278.515503, 4
1348278.535966, 4
1348278.556433, 4
1348278.576895, 4
1348278.597356, 4
1348278.617825, 4
1348278.638328, 4
1348278.658794, 4
1348278.679265, 4
1348278.699728, 4
1348278.720200, 4
1348278.740886, 4
1348278.761347, 4
1348278.781809, 4
1348278.802271, 4
1348278.822732, 4
1348278.843193, 4
1348278.863655, 4
1348278.884118, 4
1348278.904583, 4
1348278.925045, 4
1348278.945508, 4
1348278.965971, 4
1348278.986435, 4
1348279.006905, 4
1348279.027408, 4
1348279.047876, 4
1348279.068347, 4
1348279.088820, 4
1348279.109284, 4
1348279.129755, 4
1348279.150256, 4
1348279.170733, 4
1348279.191239, 4
1348279.211774, 4
1348279.232251, 4
1348279.252716, 4
1348279.273182, 4
1348279.293646, 4
1348279.314109, 4
1348279.334576, 4
1348279.355041, 4
1348279.375510, 4
1348279.395972, 4
1348279.416438, 4
1348279.436903, 4
1348279.457369, 4
1348279.477830, 4
1348279.498296, 4
1348279.518759, 4
1348279.539222, 4
1348279.559685, 4
1348279.580149, 4
1348279.600611, 4
1348279.621365, 4
1348279.641850, 4
1348279.662317, 4
1348279.682780, 4
1348279.703241, 4
1348279.723703, 4
1348279.744166, 4
1348279.764630, 4
1348279.785095, 4
1348279.805559, 4
1348279.826022, 4
1348279.846485, 4
1348279.866947, 4
1348279.887413, 4
1348279.907918, 4
1348279.928389, 4
1348279.948875, 4
1348279.969340, 4
1348279.989797, 4
1348280.010250, 4
1348280.030993, 4
1348280.051450, 4
1348280.071917, 4
1348280.092379, 4
1348280.112862, 4
1348280.133337, 4
1348280.153809, 4
1348280.174267, 4
1348280.194722, 4
1348280.215180, 4
1348280.235665, 4
1348280.256142, 4
1348280.276603, 4
1348280.297059, 4
1348280.317518, 4
1348280.337979, 4
1348280.358482, 4
1348280.378990, 4
1348280.399461, 4
1348280.419937, 4
1348280.440621, 4
1348280.461141, 4
1348280.481603, 4
1348280.502068, 4
1348280.522530, 4
1348280.542991, 4
1348280.563453, 4
1348280.583917, 4
1348280.604400, 4
1348280.624886, 4
1348280.645353, 4
1348280.665821, 4
1348280.686282, 4
1348280.706742, 4
1348280.727204, 4
1348280.747664, 4
1348280.768125, 4
1348280.788596, 4
1348280.809056, 4
1348280.829528, 4
1348280.850009, 4
1348280.870506, 4
1348280.890981, 4
1348280.911550, 4
1348280.932006, 4
1348280.952470, 4
1348280.972932, 4
1348280.993396, 4
1348281.013859, 4
1348281.034324, 4
1348281.054789, 4
1348281.075250, 4
1348281.095713, 4
1348281.116188, 4
1348281.136688, 4
1348281.157160, 4
1348281.177626, 4
1348281.198094, 4
1348281.218565, 4
1348281.239073, 4
1348281.259565, 4
1348281.280062, 4
1348281.300540, 4
1348281.321168, 4
1348281.341634, 4
1348281.362102, 4
1348281.382601, 4
1348281.403071, 4
1348281.423535, 4
1348281.444000, 4
1348281.464469, 4
1348281.484932, 4
1348281.505395, 4
1348281.525857, 4
1348281.546321, 4
1348281.566787, 4
1348281.587248, 4
1348281.607713, 4
1348281.628183, 4
1348281.648645, 4
1348281.669112, 4
1348281.689600, 4
1348281.710074, 4
1348281.730811, 4
1348281.751276, 4
1348281.771744, 4
1348281.792230, 4
1348281.812704, 4
1348281.833171, 4
1348281.853636, 4
1348281.874100, 4
1348281.894563, 4
1348281.915025, 4
1348281.935486, 4
1348281.955946, 4
1348281.976410, 4
1348281.996872, 4
1348282.017342, 4
1348282.037804, 4
1348282.058266, 4
1348282.078736, 4
1348282.099199, 4
1348282.119667, 4
1348282.140159, 4
1348282.160629, 4
1348282.181097, 4
1348282.201687, 4
1348282.222158, 4
1348282.242608, 4
1348282.263102, 4
1348282.283570, 4
1348282.304007, 4
1348282.324491, 4
1348282.344957, 4
1348282.365418, 4
1348282.385879, 4
1348282.406342, 4
1348282.426805, 4
1348282.447288, 4
1348282.467778, 4
1348282.488252, 4
1348282.508714, 4
1348282.529174, 4
1348282.549645, 4
1348282.570123, 4
1348282.590589, 4
1348282.611262, 4
1348282.631722, 4
1348282.652192, 4
1348282.672651, 4
1348282.693110, 4
1348282.713568, 4
1348282.734028, 4
1348282.754487, 4
1348282.774947, 4
1348282.795408, 4
1348282.815896, 4
1348282.836366, 4
1348282.856827, 4
1348282.877287, 4
1348282.897746, 4
1348282.918207, 4
1348282.938693, 4
1348282.959163, 4
1348282.979628, 4
1348283.000090, 4
1348283.020553, 4
1348283.041021, 4
1348283.061513, 4
1348283.082126, 4
1348283.102587, 4
1348283.123046, 4
1348283.143506, 4
1348283.163966, 4
1348283.184428, 4
1348283.204886, 4
1348283.225348, 4
1348283.245807, 4
1348283.266273, 4
1348283.286805, 4
1348283.307282, 4
1348283.327748, 4
1348283.348215, 4
1348283.368682, 4
1348283.389145, 4
1348283.409609, 4
1348283.430082, 4
1348283.450565, 4
1348283.471029, 4
1348283.491769, 4
1348283.512233, 4
1348283.532697, 4
1348283.553161, 4
1348283.573624, 4
1348283.594089, 4
1348283.614553, 4
1348283.635014, 4
1348283.655474, 4
1348283.675937, 4
1348283.696402, 4
1348283.716869, 4
1348283.737330, 4
1348283.757791, 4
1348283.778252, 4
1348283.798713, 4
1348283.819173, 4
1348283.839635, 4
1348283.860100, 4
1348283.880563, 4
1348283.901028, 4
1348283.921491, 4
1348283.941953, 4
1348283.962601, 4
1348283.983061, 4
1348284.003521, 4
1348284.023981, 4
1348284.044445, 4
1348284.064906, 4
1348284.085368, 4
1348284.105829, 4
1348284.126294, 4
1348284.146788, 4
1348284.167255, 4
1348284.187717, 4
1348284.208184, 4
1348284.228645, 4
1348284.249108, 4
1348284.269569, 4
1348284.290041, 4
1348284.310558, 4
1348284.331061, 4
1348284.351549, 4
1348284.372194, 4
1348284.392658, 4
1348284.413120, 4
1348284.433585, 4
1348284.454045, 4
1348284.474508, 4
1348284.494967, 4
1348284.515427, 4
1348284.535887, 4
1348284.556356, 4
1348284.576817, 4
1348284.597277, 4
1348284.617737, 4
1348284.638197, 4
1348284.658660, 4
1348284.679123, 4
1348284.699584, 4
1348284.720004, 4
1348284.740466, 4
1348284.760932, 4
1348284.781407, 4
1348284.801887, 4
1348284.822377, 4
1348284.843019, 4
1348284.863480, 4
1348284.883940, 4
1348284.904399, 4
1348284.924858, 4
1348284.945317, 4
1348284.965777, 4
1348284.986236, 4
1348285.006695, 4
1348285.027153, 4
1348285.047614, 4
1348285.068076, 4
1348285.088539, 4
1348285.108998, 4
1348285.129456, 4
1348285.149915, 4
1348285.170374, 4
1348285.190838, 4
1348285.211298, 4
1348285.231757, 4
1348285.252217, 4
1348285.272678, 4
1348285.293136, 4
1348285.313853, 4
1348285.334346, 4
1348285.354839, 4
1348285.375308, 4
1348285.395772, 4
1348285.416235, 4
1348285.436696, 4
1348285.457155, 4
1348285.477617, 4
1348285.498077, 4
1348285.518537, 4
1348285.538997, 4
1348285.559456, 4
1348285.579915, 4
1348285.600385, 4
1348285.620843, 4
1348285.641306, 4
1348285.661766, 4
1348285.682225, 4
1348285.702685, 4
1348285.723148, 4
1348285.743607, 4
1348285.764072, 4
1348285.784695, 4
1348285.805154, 4
1348285.825619, 4
1348285.846079, 4
1348285.866540, 4
1348285.887001, 4
1348285.907460, 4
1348285.927919, 4
1348285.948378, 4
1348285.968837, 4
1348285.989296, 4
1348286.009755, 4
1348286.030213, 4
1348286.050672, 4
1348286.071131, 4
1348286.091590, 4
1348286.112005, 4
1348286.132471, 4
1348286.152929, 4
1348286.173388, 4
1348286.193851, 4
1348286.214310, 4
1348286.234769, 4
1348286.255518, 4
1348286.275976, 4
1348286.296437, 4
1348286.316896, 4
1348286.337357, 4
1348286.357872, 4
1348286.378360, 4
1348286.398847, 4
1348286.419314, 4
1348286.439785, 4
1348286.460283, 4
1348286.480752, 4
1348286.501216, 4
1348286.521678, 4
1348286.542151, 4
1348286.562612, 4
1348286.583078, 4
1348286.603568, 4
1348286.624006, 4
1348286.644472, 4
1348286.665142, 4
1348286.685614, 4
1348286.706113, 4
1348286.726586, 4
1348286.747054, 4
1348286.767517, 4
1348286.787978, 4
1348286.808442, 4
1348286.828903, 4
1348286.849364, 4
1348286.869825, 4
1348286.890286, 4
1348286.910752, 4
1348286.931248, 4
1348286.951733, 4
1348286.972207, 4
1348286.992701, 4
1348287.013187, 4
1348287.033684, 4
1348287.054156, 4
1348287.074779, 4
1348287.095244, 4
1348287.115707, 4
1348287.136178, 4
1348287.156676, 4
1348287.177143, 4
1348287.197607, 4
1348287.218071, 4
1348287.238551, 4
1348287.259019, 4
1348287.279479, 4
1348287.299940, 4
1348287.320404, 4
1348287.340865, 4
1348287.361328, 4
1348287.381839, 4
1348287.402327, 4
1348287.422831, 4
1348287.443306, 4
1348287.463770, 4
1348287.484390, 4
1348287.504851, 4
1348287.525310, 4
1348287.545769, 4
1348287.566228, 4
1348287.586687, 4
1348287.607145, 4
1348287.627605, 4
1348287.648070, 4
1348287.668529, 4
1348287.688992, 4
1348287.709452, 4
1348287.729912, 4
1348287.750374, 4
1348287.770836, 4
1348287.791298, 4
1348287.811758, 4
1348287.832233, 4
1348287.852694, 4
1348287.873153, 4
1348287.893615, 4
1348287.914074, 4
1348287.934535, 4
1348287.955223, 4
1348287.975683, 4
1348287.996143, 4
1348288.016604, 4
1348288.037065, 4
1348288.057523, 4
1348288.077982, 4
1348288.098442, 4
1348288.118901, 4
1348288.139361, 4
1348288.159821, 4
1348288.180282, 4
1348288.200744, 4
1348288.221206, 4
1348288.241666, 4
1348288.262125, 4
1348288.282585, 4
1348288.303054, 4
1348288.323513, 4
1348288.343972, 4
1348288.364432, 4
1348288.384894, 4
1348288.405405, 4
1348288.426067, 4
1348288.446531, 4
1348288.467065, 4
1348288.487541, 4
1348288.508006, 4
1348288.528472, 4
1348288.548934, 4
1348288.569396, 4
1348288.589856, 4
1348288.610318, 4
1348288.630782, 4
1348288.651245, 4
1348288.671708, 4
1348288.692193, 4
1348288.712683, 4
1348288.733148, 4
1348288.753610, 4
1348288.774074, 4
1348288.794536, 4
1348288.814997, 4
1348288.835656, 4
1348288.856121, 4
1348288.876584, 4
1348288.897047, 4
1348288.917513, 4
1348288.937987, 4
1348288.958480, 4
1348288.978947, 4
1348288.999410, 4
1348289.019876, 4
1348289.040374, 4
1348289.060843, 4
1348289.081306, 4
1348289.101769, 4
1348289.122239, 4
1348289.142721, 4
1348289.163192, 4
1348289.183681, 4
1348289.204164, 4
1348289.224633, 4
1348289.245304, 4
1348289.265766, 4
1348289.286229, 4
1348289.306692, 4
1348289.327153, 4
1348289.347614, 4
1348289.368081, 4
1348289.388544, 4
1348289.409014, 4
1348289.429521, 4
1348289.449999, 4
1348289.470485, 4
1348289.490953, 4
1348289.511418, 4
1348289.531885, 4
1348289.552356, 4
1348289.572822, 4
1348289.593287, 4
1348289.613751, 4
1348289.634214, 4
1348289.654950, 4
1348289.675424, 4
1348289.695908, 4
1348289.716380, 4
1348289.736844, 4
1348289.757308, 4
1348289.777769, 4
1348289.798233, 4
1348289.818695, 4
1348289.839158, 4
1348289.859622, 4
1348289.880086, 4
1348289.900553, 4
1348289.921039, 4
1348289.941513, 4
1348289.961979, 4
1348289.982443, 4
1348290.002911, 4
1348290.023376, 4
1348290.043842, 4
1348290.064560, 4
1348290.085026, 4
1348290.105487, 4
1348290.125954, 4
1348290.146453, 4
1348290.166933, 4
1348290.187423, 4
1348290.207888, 4
1348290.228356, 4
1348290.248817, 4
1348290.269275, 4
1348290.289739, 4
1348290.310208, 4
1348290.330672, 4
1348290.351136, 4
1348290.371605, 4
1348290.392104, 4
1348290.412583, 4
1348290.433075, 4
1348290.453565, 4
1348290.474188, 4
1348290.494657, 4
1348290.515122, 4
1348290.535586, 4
1348290.556006, 4
1348290.576471, 4
1348290.596933, 4
1348290.617395, 4
1348290.637862, 4
1348290.658364, 4
1348290.678849, 4
1348290.699321, 4
1348290.719787, 4
1348290.740254, 4
1348290.760720, 4
1348290.781183, 4
1348290.801643, 4
1348290.822113, 4
1348290.842576, 4
1348290.863039, 4
1348290.883749, 4
1348290.904248, 4
1348290.924734, 4
1348290.945212, 4
1348290.965679, 4
1348290.986145, 4
1348291.006613, 4
1348291.027109, 4
1348291.047580, 4
1348291.068006, 4
1348291.088470, 4
1348291.108934, 4
1348291.129400, 4
1348291.149900, 4
1348291.170390, 4
1348291.190859, 4
1348291.211324, 4
1348291.231787, 4
1348291.252251, 4
1348291.272714, 4
1348291.293367, 4
1348291.313828, 4
1348291.334291, 4
1348291.354752, 4
1348291.375217, 4
1348291.395701, 4
1348291.416184, 4
1348291.436653, 4
1348291.457124, 4
1348291.477632, 4
1348291.498132, 4
1348291.518627, 4
1348291.539125, 4
1348291.559622, 4
1348291.580135, 4
1348291.600615, 4
1348291.621087, 4
1348291.641804, 4
1348291.662272, 4
1348291.682734, 4
1348291.703195, 4
1348291.723659, 4
1348291.744121, 4
1348291.764580, 4
1348291.785041, 4
1348291.805501, 4
1348291.825964, 4
1348291.846425, 4
1348291.866890, 4
1348291.887370, 4
1348291.907838, 4
1348291.928311, 4
1348291.948803, 4
1348291.969271, 4
1348291.989737, 4
1348292.010203, 4
1348292.030685, 4
1348292.051405, 4
1348292.071868, 4
1348292.092331, 4
1348292.115306, 4
1348292.135785, 4
1348292.156250, 4
1348292.176711, 4
1348292.197364, 4
1348292.217825, 4
1348292.238287, 4
1348292.258752, 4
1348292.279240, 4
1348292.299706, 4
1348292.320176, 4
1348292.340639, 4
1348292.361105, 4
1348292.381585, 4
1348292.402053, 4
1348292.422520, 4
1348292.443002, 4
1348292.463473, 4
1348292.483939, 4
1348292.504404, 4
1348292.524865, 4
1348292.545327, 4
1348292.565790, 4
1348292.586250, 4
1348292.606981, 4
1348292.627469, 4
1348292.647934, 4
1348292.668402, 4
1348292.688864, 4
1348292.709326, 4
1348292.729790, 4
1348292.750251, 4
1348292.770716, 4
1348292.791178, 4
1348292.811637, 4
1348292.832100, 4
1348292.852565, 4
1348292.873044, 4
1348292.893513, 4
1348292.913982, 4
1348292.934464, 4
1348292.954936, 4
1348292.975402, 4
1348292.995863, 4
1348293.016604, 4
1348293.037065, 4
1348293.057527, 4
1348293.077990, 4
1348293.098454, 4
1348293.118954, 4
1348293.139424, 4
1348293.159889, 4
1348293.180362, 4
1348293.200824, 4
1348293.221284, 4
1348293.241744, 4
1348293.262204, 4
1348293.282667, 4
1348293.303129, 4
1348293.323589, 4
1348293.344014, 4
1348293.364511, 4
1348293.384979, 4
1348293.405441, 4
1348293.425903, 4
1348293.446368, 4
1348293.466846, 4
1348293.487430, 4
1348293.507892, 4
1348293.528361, 4
1348293.548822, 4
1348293.569282, 4
1348293.589750, 4
1348293.610246, 4
1348293.630715, 4
1348293.651180, 4
1348293.671640, 4
1348293.692132, 4
1348293.712611, 4
1348293.733077, 4
1348293.753540, 4
1348293.774004, 4
1348293.794468, 4
1348293.814930, 4
1348293.835397, 4
1348293.855884, 4
1348293.876371, 4
1348293.897046, 4
1348293.917514, 4
1348293.937991, 4
1348293.958478, 4
1348293.978947, 4
1348293.999411, 4
1348294.019874, 4
1348294.040343, 4
1348294.060807, 4
1348294.081272, 4
1348294.101752, 4
1348294.122228, 4
1348294.142712, 4
1348294.163198, 4
1348294.183673, 4
1348294.204136, 4
1348294.224600, 4
1348294.245063, 4
1348294.265525, 4
1348294.285987, 4
1348294.306656, 4
1348294.327123, 4
1348294.347604, 4
1348294.368085, 4
1348294.388570, 4
1348294.409036, 4
1348294.429501, 4
1348294.449962, 4
1348294.470425, 4
1348294.490886, 4
1348294.511346, 4
1348294.531809, 4
1348294.552276, 4
1348294.572741, 4
1348294.593219, 4
1348294.613688, 4
1348294.634154, 4
1348294.654617, 4
1348294.675078, 4
1348294.695539, 4
1348294.716000, 4
1348294.736469, 4
1348294.756929, 4
1348294.777526, 4
1348294.797986, 4
1348294.818451, 4
1348294.838930, 4
1348294.859394, 4
1348294.879855, 4
1348294.900316, 4
1348294.920780, 4
1348294.941265, 4
1348294.961731, 4
1348294.982195, 4
1348295.002656, 4
1348295.023117, 4
1348295.043577, 4
1348295.064017, 4
1348295.084516, 4
1348295.104986, 4
1348295.125451, 4
1348295.145912, 4
1348295.166379, 4
1348295.186843, 4
1348295.207304, 4
1348295.227764, 4
1348295.248393, 4
1348295.268857, 4
1348295.289317, 4
1348295.309782, 4
1348295.330274, 4
1348295.350741, 4
1348295.371209, 4
1348295.391670, 4
1348295.412133, 4
1348295.432599, 4
1348295.453061, 4
1348295.473525, 4
1348295.493985, 4
1348295.514445, 4
1348295.534905, 4
1348295.555372, 4
1348295.575890, 4
1348295.596370, 4
1348295.616835, 4
1348295.637297, 4
1348295.658019, 4
1348295.678487, 4
1348295.698947, 4
1348295.719410, 4
1348295.739871, 4
1348295.760334, 4
1348295.780798, 4
1348295.801265, 4
1348295.821748, 4
1348295.842216, 4
1348295.862677, 4
1348295.883141, 4
1348295.903604, 4
1348295.924076, 4
1348295.944572, 4
1348295.965041, 4
1348295.985507, 4
1348296.005976, 4
1348296.026476, 4
1348296.046949, 4
1348296.067687, 4
1348296.088157, 4
1348296.108619, 4
1348296.129082, 4
1348296.149545, 4
1348296.170005, 4
1348296.190469, 4
1348296.210930, 4
1348296.231390, 4
1348296.251850, 4
1348296.272314, 4
1348296.292798, 4
1348296.313299, 4
1348296.333766, 4
1348296.354230, 4
1348296.374692, 4
1348296.395153, 4
1348296.415619, 4
1348296.436084, 4
1348296.456545, 4
1348296.477259, 4
1348296.497718, 4
1348296.518182, 4
1348296.538647, 4
1348296.559146, 4
1348296.579621, 4
1348296.600108, 4
1348296.620580, 4
1348296.641043, 4
1348296.661504, 4
1348296.681965, 4
1348296.702426, 4
1348296.722890, 4
1348296.743351, 4
1348296.763813, 4
1348296.784281, 4
1348296.804767, 4
1348296.825238, 4
1348296.845701, 4
1348296.866161, 4
1348296.886906, 4
1348296.907367, 4
1348296.927833, 4
1348296.948337, 4
1348296.968804, 4
1348296.989267, 4
1348297.009729, 4
1348297.030199, 4
1348297.050704, 4
1348297.071181, 4
1348297.091644, 4
1348297.112109, 4
1348297.132575, 4
1348297.153041, 4
1348297.173503, 4
1348297.193964, 4
1348297.214424, 4
1348297.234889, 4
1348297.255348, 4
1348297.275812, 4
1348297.296562, 4
1348297.317028, 4
1348297.337498, 4
1348297.357962, 4
1348297.378423, 4
1348297.398884, 4
1348297.419344, 4
1348297.439807, 4
1348297.460273, 4
1348297.480734, 4
1348297.501195, 4
1348297.521660, 4
1348297.542141, 4
1348297.562604, 4
1348297.583068, 4
1348297.603529, 4
1348297.623992, 4
1348297.644462, 4
1348297.664922, 4
1348297.685382, 4
1348297.706120, 4
1348297.726580, 4
1348297.747039, 4
1348297.767504, 4
1348297.788012, 4
1348297.808486, 4
1348297.828949, 4
1348297.849413, 4
1348297.869916, 4
1348297.890413, 4
1348297.910914, 4
1348297.931442, 4
1348297.951932, 4
1348297.972405, 4
1348297.992884, 4
1348298.013349, 4
1348298.033830, 4
1348298.054496, 4
1348298.074962, 4
1348298.095427, 4
1348298.115890, 4
1348298.136362, 4
1348298.156854, 4
1348298.177340, 4
1348298.197806, 4
1348298.218274, 4
1348298.238740, 4
1348298.259206, 4
1348298.279694, 4
1348298.300161, 4
1348298.320627, 4
1348298.341096, 4
1348298.361559, 4
1348298.382023, 4
1348298.402510, 4
1348298.422979, 4
1348298.443449, 4
1348298.464129, 4
1348298.484600, 4
1348298.505066, 4
1348298.525543, 4
1348298.546009, 4
1348298.566477, 4
1348298.586961, 4
1348298.607429, 4
1348298.627901, 4
1348298.648388, 4
1348298.668859, 4
1348298.689354, 4
1348298.709822, 4
1348298.730286, 4
1348298.750769, 4
1348298.771257, 4
1348298.791734, 4
1348298.812468, 4
1348298.832934, 4
1348298.853399, 4
1348298.873863, 4
1348298.894327, 4
1348298.914793, 4
1348298.935286, 4
1348298.955779, 4
1348298.976254, 4
1348298.996726, 4
1348299.017217, 4
1348299.037700, 4
1348299.058170, 4
1348299.078635, 4
1348299.099101, 4
1348299.119566, 4
1348299.140007, 4
1348299.160505, 4
1348299.180977, 4
1348299.201460, 4
1348299.222047, 4
1348299.242558, 4
1348299.263043, 4
1348299.283539, 4
1348299.304011, 4
1348299.324496, 4
1348299.344999, 4
1348299.365496, 4
1348299.385993, 4
1348299.406491, 4
1348299.426989, 4
1348299.447502, 4
1348299.467990, 4
1348299.488470, 4
1348299.509214, 4
1348299.529680, 4
1348299.550141, 4
1348299.570602, 4
1348299.591062, 4
1348299.611522, 4
1348299.631985, 4
1348299.652449, 4
1348299.672948, 4
1348299.693441, 4
1348299.713914, 4
1348299.734403, 4
1348299.754882, 4
1348299.775348, 4
1348299.795825, 4
1348299.816317, 4
1348299.836788, 4
1348299.857252, 4
1348299.877713, 4
1348299.898174, 4
1348299.918826, 4
1348299.939311, 4
1348299.959784, 4
1348299.980259, 4
1348300.000729, 4
1348300.021210, 4
1348300.041696, 4
1348300.062164, 4
1348300.082630, 4
1348300.103092, 4
1348300.123552, 4
1348300.144007, 4
1348300.164474, 4
1348300.184937, 4
1348300.205411, 4
1348300.225907, 4
1348300.246378, 4
1348300.266847, 4
1348300.287311, 4
1348300.307772, 4
1348300.328516, 4
1348300.348976, 4
1348300.369440, 4
1348300.389901, 4
1348300.410362, 4
1348300.430823, 4
1348300.451287, 4
1348300.471758, 4
1348300.492222, 4
1348300.512685, 4
1348300.533150, 4
1348300.553610, 4
1348300.574073, 4
1348300.594532, 4
1348300.614992, 4
1348300.635452, 4
1348300.655911, 4
1348300.676382, 4
1348300.696883, 4
1348300.717375, 4
1348300.738144, 4
1348300.758607, 4
1348300.779073, 4
1348300.799535, 4
1348300.819996, 4
1348300.840466, 4
1348300.860929, 4
1348300.881393, 4
1348300.901856, 4
1348300.922325, 4
1348300.942828, 4
1348300.963309, 4
1348300.983780, 4
1348301.004246, 4
1348301.024720, 4
1348301.045182, 4
1348301.065645, 4
1348301.086109, 4
1348301.106570, 4
1348301.127030, 4
1348301.147759, 4
1348301.168220, 4
1348301.188684, 4
1348301.209169, 4
1348301.229635, 4
1348301.250097, 4
1348301.270557, 4
1348301.291022, 4
1348301.311514, 4
1348301.331980, 4
1348301.352444, 4
1348301.372908, 4
1348301.393368, 4
1348301.413828, 4
1348301.434295, 4
1348301.454794, 4
1348301.475261, 4
1348301.495725, 4
1348301.516193, 4
1348301.536653, 4
1348301.557375, 4
1348301.577835, 4
1348301.598295, 4
1348301.618755, 4
1348301.639215, 4
1348301.659675, 4
1348301.680140, 4
1348301.700621, 4
1348301.721132, 4
1348301.741624, 4
1348301.762093, 4
1348301.782557, 4
1348301.803018, 4
1348301.823483, 4
1348301.843945, 4
1348301.864408, 4
1348301.884868, 4
1348301.905329, 4
1348301.925797, 4
1348301.946303, 4
1348301.966988, 4
1348301.987449, 4
1348302.007910, 4
1348302.028375, 4
1348302.048836, 4
1348302.069297, 4
1348302.089757, 4
1348302.110219, 4
1348302.130683, 4
1348302.151144, 4
1348302.171610, 4
1348302.192103, 4
1348302.212570, 4
1348302.233034, 4
1348302.253496, 4
1348302.273956, 4
1348302.294416, 4
1348302.314877, 4
1348302.335337, 4
1348302.355800, 4
1348302.376270, 4
1348302.396730, 4
1348302.417195, 4
1348302.437804, 4
1348302.458283, 4
1348302.478755, 4
1348302.499223, 4
1348302.519687, 4
1348302.540149, 4
1348302.560613, 4
1348302.581074, 4
1348302.601534, 4
1348302.621994, 4
1348302.642453, 4
1348302.662920, 4
1348302.683423, 4
1348302.703897, 4
1348302.724370, 4
1348302.744870, 4
1348302.765344, 4
1348302.785810, 4
1348302.806271, 4
1348302.826732, 4
1348302.847379, 4
1348302.867843, 4
1348302.888305, 4
1348302.908769, 4
1348302.929258, 4
1348302.949749, 4
1348302.970221, 4
1348302.990685, 4
1348303.011147, 4
1348303.031610, 4
1348303.052079, 4
1348303.072543, 4
1348303.093004, 4
1348303.113464, 4
1348303.133928, 4
1348303.154391, 4
1348303.174879, 4
1348303.195352, 4
1348303.215816, 4
1348303.236282, 4
1348303.256988, 4
1348303.277451, 4
1348303.297911, 4
1348303.318371, 4
1348303.338831, 4
1348303.359291, 4
1348303.379753, 4
1348303.400219, 4
1348303.420702, 4
1348303.441176, 4
1348303.461666, 4
1348303.482154, 4
1348303.502623, 4
1348303.523091, 4
1348303.543558, 4
1348303.564009, 4
1348303.584471, 4
1348303.604934, 4
1348303.625394, 4
1348303.645859, 4
1348303.666656, 4
1348303.687127, 4
1348303.707591, 4
1348303.728006, 4
1348303.748471, 4
1348303.768968, 4
1348303.789462, 4
1348303.809959, 4
1348303.830457, 4
1348303.850953, 4
1348303.871449, 4
1348303.891971, 4
1348303.912462, 4
1348303.932943, 4
1348303.953436, 4
1348303.973904, 4
1348303.994366, 4
1348304.015035, 4
1348304.035498, 4
1348304.055961, 4
1348304.076426, 4
1348304.096888, 4
1348304.117351, 4
1348304.137816, 4
1348304.158306, 4
1348304.178788, 4
1348304.199261, 4
1348304.219727, 4
1348304.240195, 4
1348304.260659, 4
1348304.281121, 4
1348304.301583, 4
1348304.322046, 4
1348304.342508, 4
1348304.362972, 4
1348304.383438, 4
1348304.403929, 4
1348304.424702, 4
1348304.445182, 4
1348304.465671, 4
1348304.486147, 4
1348304.506611, 4
1348304.527074, 4
1348304.547536, 4
1348304.567999, 4
1348304.588464, 4
1348304.608926, 4
1348304.629392, 4
1348304.649880, 4
1348304.670347, 4
1348304.690810, 4
1348304.711280, 4
1348304.731743, 4
1348304.752205, 4
1348304.772669, 4
1348304.793201, 4
1348304.813691, 4
1348304.834282, 4
1348304.854747, 4
1348304.875211, 4
1348304.895673, 4
1348304.916138, 4
1348304.936601, 4
1348304.957063, 4
1348304.977525, 4
1348304.997986, 4
1348305.018447, 4
1348305.038907, 4
1348305.059371, 4
1348305.079835, 4
1348305.100300, 4
1348305.120764, 4
1348305.141235, 4
1348305.161717, 4
1348305.182184, 4
1348305.202650, 4
1348305.223113, 4
1348305.243575, 4
1348305.264005, 4
1348305.284467, 4
1348305.305146, 4
1348305.325607, 4
1348305.346067, 4
1348305.366530, 4
1348305.386992, 4
1348305.407454, 4
1348305.427916, 4
1348305.448379, 4
1348305.468840, 4
1348305.489302, 4
1348305.509764, 4
1348305.530225, 4
1348305.550686, 4
1348305.571146, 4
1348305.591606, 4
1348305.612073, 4
1348305.632532, 4
1348305.653008, 4
1348305.673469, 4
1348305.693930, 4
1348305.714395, 4
1348305.734859, 4
1348305.755320, 4
1348305.776005, 4
1348305.796468, 4
1348305.816931, 4
1348305.837416, 4
1348305.857886, 4
1348305.878380, 4
1348305.898850, 4
1348305.919325, 4
1348305.939822, 4
1348305.960290, 4
1348305.980753, 4
1348306.001214, 4
1348306.021676, 4
1348306.042137, 4
1348306.062603, 4
1348306.083067, 4
1348306.103535, 4
1348306.124006, 4
1348306.144476, 4
1348306.164956, 4
1348306.185661, 4
1348306.206124, 4
1348306.226586, 4
1348306.247048, 4
1348306.267512, 4
1348306.287973, 4
1348306.308436, 4
1348306.328899, 4
1348306.349364, 4
1348306.369866, 4
1348306.390355, 4
1348306.410831, 4
1348306.431301, 4
1348306.451771, 4
1348306.472300, 4
1348306.492796, 4
1348306.513265, 4
1348306.533731, 4
1348306.554191, 4
1348306.574651, 4
1348306.595405, 4
1348306.615864, 4
1348306.636325, 4
1348306.656787, 4
1348306.677246, 4
1348306.697705, 4
1348306.718167, 4
1348306.738626, 4
1348306.759085, 4
1348306.779545, 4
1348306.800013, 4
1348306.820453, 4
1348306.840945, 4
1348306.861450, 4
1348306.881929, 4
1348306.902396, 4
1348306.922862, 4
1348306.943368, 4
1348306.963839, 4
1348306.984306, 4
1348307.004779, 4
1348307.025289, 4
1348307.045774, 4
1348307.066380, 4
1348307.086846, 4
1348307.107330, 4
1348307.127802, 4
1348307.148274, 4
1348307.168777, 4
1348307.189247, 4
1348307.209712, 4
1348307.230177, 4
1348307.250640, 4
1348307.271104, 4
1348307.291567, 4
1348307.312006, 4
1348307.332473, 4
1348307.352981, 4
1348307.373455, 4
1348307.393922, 4
1348307.414389, 4
1348307.434853, 4
1348307.455317, 4
1348307.476059, 4
1348307.496522, 4
1348307.516983, 4
1348307.537445, 4
1348307.557906, 4
1348307.578371, 4
1348307.598861, 4
1348307.619328, 4
1348307.639792, 4
1348307.660257, 4
1348307.680718, 4
1348307.701178, 4
1348307.721638, 4
1348307.742099, 4
1348307.762570, 4
1348307.783031, 4
1348307.803491, 4
1348307.823963, 4
1348307.844459, 4
1348307.864943, 4
1348307.885686, 4
1348307.906152, 4
1348307.926620, 4
1348307.947112, 4
1348307.967582, 4
1348307.988004, 4
1348308.008469, 4
1348308.028930, 4
1348308.049390, 4
1348308.069857, 4
1348308.090338, 4
1348308.110804, 4
1348308.131288, 4
1348308.151755, 4
1348308.172240, 4
1348308.192706, 4
1348308.213168, 4
1348308.233631, 4
1348308.254093, 4
1348308.274554, 4
1348308.295293, 4
1348308.315762, 4
1348308.336261, 4
1348308.356730, 4
1348308.377197, 4
1348308.397680, 4
1348308.418148, 4
1348308.438614, 4
1348308.459084, 4
1348308.479572, 4
1348308.500006, 4
1348308.520472, 4
1348308.540934, 4
1348308.561400, 4
1348308.581895, 4
1348308.602361, 4
1348308.622825, 4
1348308.643294, 4
1348308.663755, 4
1348308.684219, 4
1348308.704907, 4
1348308.725368, 4
1348308.745828, 4
1348308.766289, 4
1348308.786750, 4
1348308.807215, 4
1348308.827716, 4
1348308.848199, 4
1348308.868676, 4
1348308.889165, 4
1348308.909662, 4
1348308.930161, 4
1348308.950661, 4
1348308.971158, 4
1348308.991682, 4
1348309.012161, 4
1348309.032630, 4
1348309.053342, 4
1348309.073848, 4
1348309.094325, 4
1348309.114792, 4
1348309.135262, 4
1348309.155752, 4
1348309.176222, 4
1348309.196686, 4
1348309.217152, 4
1348309.237613, 4
1348309.258075, 4
1348309.278539, 4
1348309.299004, 4
1348309.319489, 4
1348309.339967, 4
1348309.360436, 4
1348309.380899, 4
1348309.401362, 4
1348309.421823, 4
1348309.442286, 4
1348309.462979, 4
1348309.483444, 4
1348309.503906, 4
1348309.524368, 4
1348309.544835, 4
1348309.565315, 4
1348309.585787, 4
1348309.606251, 4
1348309.626714, 4
1348309.647177, 4
1348309.667639, 4
1348309.688101, 4
1348309.708565, 4
1348309.729026, 4
1348309.749492, 4
1348309.769953, 4
1348309.790417, 4
1348309.810896, 4
1348309.831362, 4
1348309.851825, 4
1348309.872291, 4
1348309.892719, 4
1348309.913212, 4
1348309.933857, 4
1348309.954331, 4
1348309.974799, 4
1348309.995265, 4
1348310.015730, 4
1348310.036202, 4
1348310.056703, 4
1348310.077174, 4
1348310.097640, 4
1348310.118103, 4
1348310.138571, 4
1348310.159069, 4
1348310.179546, 4
1348310.200005, 4
1348310.220475, 4
1348310.240938, 4
1348310.261399, 4
1348310.281863, 4
1348310.302357, 4
1348310.322830, 4
1348310.343468, 4
1348310.363932, 4
1348310.384397, 4
1348310.404885, 4
1348310.425358, 4
1348310.445829, 4
1348310.466320, 4
1348310.486793, 4
1348310.507261, 4
1348310.527728, 4
1348310.548231, 4
1348310.568702, 4
1348310.589169, 4
1348310.609633, 4
1348310.630097, 4
1348310.650559, 4
1348310.671020, 4
1348310.691484, 4
1348310.711950, 4
1348310.732414, 4
1348310.753081, 4
1348310.773545, 4
1348310.794022, 4
1348310.814489, 4
1348310.834951, 4
1348310.855413, 4
1348310.875874, 4
1348310.896342, 4
1348310.916805, 4
1348310.937297, 4
1348310.957768, 4
1348310.978235, 4
1348310.998702, 4
1348311.019168, 4
1348311.039662, 4
1348311.060137, 4
1348311.080605, 4
1348311.101075, 4
1348311.121540, 4
1348311.142007, 4
1348311.162734, 4
1348311.183207, 4
1348311.203672, 4
1348311.224135, 4
1348311.244606, 4
1348311.265088, 4
1348311.285567, 4
1348311.306038, 4
1348311.326507, 4
1348311.346969, 4
1348311.367436, 4
1348311.387917, 4
1348311.408392, 4
1348311.428859, 4
1348311.449330, 4
1348311.469794, 4
1348311.490263, 4
1348311.510757, 4
1348311.531223, 4
1348311.551690, 4
1348311.572342, 4
1348311.592807, 4
1348311.613269, 4
1348311.633730, 4
1348311.654192, 4
1348311.674653, 4
1348311.695115, 4
1348311.715576, 4
1348311.736012, 4
1348311.756505, 4
1348311.776983, 4
1348311.797446, 4
1348311.817909, 4
1348311.838369, 4
1348311.858830, 4
1348311.879291, 4
1348311.899752, 4
1348311.920222, 4
1348311.940721, 4
1348311.961205, 4
1348311.981695, 4
1348312.002187, 4
1348312.022656, 4
1348312.043201, 4
1348312.063667, 4
1348312.084133, 4
1348312.104596, 4
1348312.125062, 4
1348312.145529, 4
1348312.166032, 4
1348312.186500, 4
1348312.206962, 4
1348312.227432, 4
1348312.247925, 4
1348312.268397, 4
1348312.288863, 4
1348312.309326, 4
1348312.329795, 4
1348312.350260, 4
1348312.370731, 4
1348312.391216, 4
1348312.411685, 4
1348312.432154, 4
1348312.452819, 4
1348312.473310, 4
1348312.493797, 4
1348312.514276, 4
1348312.534744, 4
1348312.555208, 4
1348312.575670, 4
1348312.596133, 4
1348312.616598, 4
1348312.637059, 4
1348312.657521, 4
1348312.677985, 4
1348312.698448, 4
1348312.718913, 4
1348312.739394, 4
1348312.759861, 4
1348312.780343, 4
1348312.800817, 4
1348312.821280, 4
1348312.841744, 4
1348312.862428, 4
1348312.882890, 4
1348312.903353, 4
1348312.923817, 4
1348312.944308, 4
1348312.964784, 4
1348312.985284, 4
1348313.005766, 4
1348313.026245, 4
1348313.046715, 4
1348313.067182, 4
1348313.087648, 4
1348313.108114, 4
1348313.128578, 4
1348313.149052, 4
1348313.169546, 4
1348313.190020, 4
1348313.210491, 4
1348313.230976, 4
1348313.251469, 4
1348313.272064, 4
1348313.292530, 4
1348313.312996, 4
1348313.333457, 4
1348313.353923, 4
1348313.374386, 4
1348313.394850, 4
1348313.415314, 4
1348313.435777, 4
1348313.456245, 4
1348313.476736, 4
1348313.497231, 4
1348313.517700, 4
1348313.538165, 4
1348313.558632, 4
1348313.579097, 4
1348313.599562, 4
1348313.620006, 4
1348313.640470, 4
1348313.660931, 4
1348313.681396, 4
1348313.701862, 4
1348313.722365, 4
1348313.743012, 4
1348313.763484, 4
1348313.783949, 4
1348313.804416, 4
1348313.824877, 4
1348313.845341, 4
1348313.865803, 4
1348313.886265, 4
1348313.906727, 4
1348313.927191, 4
1348313.947695, 4
1348313.968202, 4
1348313.988646, 4
1348314.009136, 4
1348314.029638, 4
1348314.050115, 4
1348314.070580, 4
1348314.091044, 4
1348314.111508, 4
1348314.131972, 4
1348314.152722, 4
1348314.173186, 4
1348314.193647, 4
1348314.214108, 4
1348314.234571, 4
1348314.255032, 4
1348314.275493, 4
1348314.295953, 4
1348314.316415, 4
1348314.336876, 4
1348314.357336, 4
1348314.377797, 4
1348314.398259, 4
1348314.418719, 4
1348314.439180, 4
1348314.459640, 4
1348314.480103, 4
1348314.500569, 4
1348314.521029, 4
1348314.541490, 4
1348314.562006, 4
1348314.582493, 4
1348314.602961, 4
1348314.623680, 4
1348314.644145, 4
1348314.664609, 4
1348314.685073, 4
1348314.705572, 4
1348314.726058, 4
1348314.746524, 4
1348314.766989, 4
1348314.787452, 4
1348314.807913, 4
1348314.828376, 4
1348314.848840, 4
1348314.869302, 4
1348314.889765, 4
1348314.910231, 4
1348314.930735, 4
1348314.951232, 4
1348314.971737, 4
1348314.992210, 4
1348315.012672, 4
1348315.033479, 4
1348315.053954, 4
1348315.074421, 4
1348315.094883, 4
1348315.115343, 4
1348315.135804, 4
1348315.156276, 4
1348315.176737, 4
1348315.197198, 4
1348315.217658, 4
1348315.238118, 4
1348315.258581, 4
1348315.279042, 4
1348315.299502, 4
1348315.319965, 4
1348315.340425, 4
1348315.360887, 4
1348315.381348, 4
1348315.401807, 4
1348315.422270, 4
1348315.442738, 4
1348315.463202, 4
1348315.483663, 4
1348315.504374, 4
1348315.524834, 4
1348315.545293, 4
1348315.565755, 4
1348315.586215, 4
1348315.606674, 4
1348315.627134, 4
1348315.647593, 4
1348315.668063, 4
1348315.688523, 4
1348315.708983, 4
1348315.729442, 4
1348315.749901, 4
1348315.770363, 4
1348315.790823, 4
1348315.811282, 4
1348315.831742, 4
1348315.852205, 4
1348315.872667, 4
1348315.893127, 4
1348315.913601, 4
1348315.934064, 4
1348315.954523, 4
1348315.974986, 4
1348315.995448, 4
1348316.015912, 4
1348316.036558, 4
1348316.057037, 4
1348316.077516, 4
1348316.097983, 4
1348316.118447, 4
1348316.138909, 4
1348316.159372, 4
1348316.179833, 4
1348316.200298, 4
1348316.220760, 4
1348316.241220, 4
1348316.261680, 4
1348316.282140, 4
1348316.302609, 4
1348316.323084, 4
1348316.343545, 4
1348316.364006, 4
1348316.384468, 4
1348316.404933, 4
1348316.425395, 4
1348316.445858, 4
1348316.466321, 4
1348316.486784, 4
1348316.507382, 4
1348316.527845, 4
1348316.548306, 4
1348316.568767, 4
1348316.589228, 4
1348316.609691, 4
1348316.630152, 4
1348316.650612, 4
1348316.671072, 4
1348316.691533, 4
1348316.711996, 4
1348316.732464, 4
1348316.752926, 4
1348316.773386, 4
1348316.793846, 4
1348316.814310, 4
1348316.834769, 4
1348316.855231, 4
1348316.875693, 4
1348316.896154, 4
1348316.916618, 4
1348316.937079, 4
1348316.957540, 4
1348316.978186, 4
1348316.998646, 4
1348317.019111, 4
1348317.039574, 4
1348317.060021, 4
1348317.080529, 4
1348317.101001, 4
1348317.121472, 4
1348317.141939, 4
1348317.162405, 4
1348317.182877, 4
1348317.203342, 4
1348317.223808, 4
1348317.244278, 4
1348317.264743, 4
1348317.285205, 4
1348317.305668, 4
1348317.326135, 4
1348317.346601, 4
1348317.367065, 4
1348317.387802, 4
1348317.408272, 4
1348317.428738, 4
1348317.449217, 4
1348317.469682, 4
1348317.490144, 4
1348317.510606, 4
1348317.531067, 4
1348317.551533, 4
1348317.571995, 4
1348317.592461, 4
1348317.612923, 4
1348317.633386, 4
1348317.653852, 4
1348317.674317, 4
1348317.694780, 4
1348317.715243, 4
1348317.735713, 4
1348317.756186, 4
1348317.776648, 4
1348317.797403, 4
1348317.817864, 4
1348317.838326, 4
1348317.858790, 4
1348317.879255, 4
1348317.899717, 4
1348317.920187, 4
1348317.940648, 4
1348317.961112, 4
1348317.981574, 4
1348318.002035, 4
1348318.022496, 4
1348318.042958, 4
1348318.063422, 4
1348318.083898, 4
1348318.104410, 4
1348318.124892, 4
1348318.145361, 4
1348318.165829, 4
1348318.186292, 4
1348318.206980, 4
1348318.227442, 4
1348318.247904, 4
1348318.268373, 4
1348318.288835, 4
1348318.309298, 4
1348318.329762, 4
1348318.350224, 4
1348318.370689, 4
1348318.391152, 4
1348318.411615, 4
1348318.432080, 4
1348318.452548, 4
1348318.473033, 4
1348318.493530, 4
1348318.513999, 4
1348318.534464, 4
1348318.554928, 4
1348318.575395, 4
1348318.595858, 4
1348318.616568, 4
1348318.637029, 4
1348318.657494, 4
1348318.677959, 4
1348318.698421, 4
1348318.718883, 4
1348318.739345, 4
1348318.759807, 4
1348318.780278, 4
1348318.800739, 4
1348318.821201, 4
1348318.841662, 4
1348318.862123, 4
1348318.882584, 4
1348318.903045, 4
1348318.923506, 4
1348318.943968, 4
1348318.964432, 4
1348318.984893, 4
1348319.005355, 4
1348319.025822, 4
1348319.046283, 4
1348319.066744, 4
1348319.087381, 4
1348319.107846, 4
1348319.128316, 4
1348319.148808, 4
1348319.169276, 4
1348319.189743, 4
1348319.210210, 4
1348319.230673, 4
1348319.251135, 4
1348319.271598, 4
1348319.292066, 4
1348319.312533, 4
1348319.332996, 4
1348319.353463, 4
1348319.373928, 4
1348319.394394, 4
1348319.414861, 4
1348319.435325, 4
1348319.455789, 4
1348319.476254, 4
1348319.497001, 4
1348319.517467, 4
1348319.537929, 4
1348319.558391, 4
1348319.578853, 4
1348319.599314, 4
1348319.619779, 4
1348319.640243, 4
1348319.660704, 4
1348319.681166, 4
1348319.701628, 4
1348319.722092, 4
1348319.742554, 4
1348319.763016, 4
1348319.783478, 4
1348319.803940, 4
1348319.824405, 4
1348319.844869, 4
1348319.865332, 4
1348319.885794, 4
1348319.906256, 4
1348319.926719, 4
1348319.947185, 4
1348319.967823, 4
1348319.988287, 4
1348320.008753, 4
1348320.029234, 4
1348320.049703, 4
1348320.070167, 4
1348320.090630, 4
1348320.111093, 4
1348320.131561, 4
1348320.152069, 4
1348320.172543, 4
1348320.193009, 4
1348320.213474, 4
1348320.233936, 4
1348320.254405, 4
1348320.274868, 4
1348320.295331, 4
1348320.315851, 4
1348320.336324, 4
1348320.356795, 4
1348320.377423, 4
1348320.397885, 4
1348320.418345, 4
1348320.438806, 4
1348320.459267, 4
1348320.479726, 4
1348320.500194, 4
1348320.520657, 4
1348320.541120, 4
1348320.561580, 4
1348320.582040, 4
1348320.602501, 4
1348320.622960, 4
1348320.643421, 4
1348320.663880, 4
1348320.684350, 4
1348320.704814, 4
1348320.725278, 4
1348320.745737, 4
1348320.766198, 4
1348320.786657, 4
1348320.807121, 4
1348320.827604, 4
1348320.848267, 4
1348320.868734, 4
1348320.889195, 4
1348320.909654, 4
1348320.930114, 4
1348320.950573, 4
1348320.971033, 4
1348320.991492, 4
1348321.011951, 4
1348321.032418, 4
1348321.052878, 4
1348321.073337, 4
1348321.093797, 4
1348321.114256, 4
1348321.134716, 4
1348321.155175, 4
1348321.175664, 4
1348321.196144, 4
1348321.216616, 4
1348321.237077, 4
1348321.257538, 4
1348321.277997, 4
1348321.298457, 4
1348321.319114, 4
1348321.339572, 4
1348321.360005, 4
1348321.380464, 4
1348321.400926, 4
1348321.421385, 4
1348321.441844, 4
1348321.462306, 4
1348321.482765, 4
1348321.503223, 4
1348321.523682, 4
1348321.544141, 4
1348321.564602, 4
1348321.585062, 4
1348321.605520, 4
1348321.625979, 4
1348321.646438, 4
1348321.666898, 4
1348321.687356, 4
1348321.707814, 4
1348321.728281, 4
1348321.748740, 4
1348321.769199, 4
1348321.789948, 4
1348321.810406, 4
1348321.830864, 4
1348321.851323, 4
1348321.871781, 4
1348321.892242, 4
1348321.912704, 4
1348321.933163, 4
1348321.953623, 4
1348321.974085, 4
1348321.994543, 4
1348322.015002, 4
1348322.035460, 4
1348322.055919, 4
1348322.076381, 4
1348322.096858, 4
1348322.117325, 4
1348322.137797, 4
1348322.158257, 4
1348322.178719, 4
1348322.199218, 4
1348322.219698, 4
1348322.240166, 4
1348322.260772, 4
1348322.281232, 4
1348322.301692, 4
1348322.322152, 4
1348322.342612, 4
1348322.363072, 4
1348322.383532, 4
1348322.403991, 4
1348322.424455, 4
1348322.444914, 4
1348322.465375, 4
1348322.485836, 4
1348322.506296, 4
1348322.526755, 4
1348322.547214, 4
1348322.567673, 4
1348322.588135, 4
1348322.608604, 4
1348322.629066, 4
1348322.649571, 4
1348322.670074, 4
1348322.690550, 4
1348322.711014, 4
1348322.731594, 4
1348322.752060, 4
1348322.772522, 4
1348322.792982, 4
1348322.813445, 4
1348322.833912, 4
1348322.854377, 4
1348322.874837, 4
1348322.895296, 4
1348322.915754, 4
1348322.936214, 4
1348322.956673, 4
1348322.977135, 4
1348322.997594, 4
1348323.018053, 4
1348323.038514, 4
1348323.058972, 4
1348323.079433, 4
1348323.099892, 4
1348323.120362, 4
1348323.140824, 4
1348323.161283, 4
1348323.181742, 4
1348323.202411, 4
1348323.222920, 4
1348323.243397, 4
1348323.263864, 4
1348323.284329, 4
1348323.304791, 4
1348323.325252, 4
1348323.345711, 4
1348323.366170, 4
1348323.386630, 4
1348323.407089, 4
1348323.427548, 4
1348323.448005, 4
1348323.468470, 4
1348323.488957, 4
1348323.509429, 4
1348323.529898, 4
1348323.550363, 4
1348323.570822, 4
1348323.591282, 4
1348323.612004, 4
1348323.632463, 4
1348323.652922, 4
1348323.673382, 4
1348323.693840, 4
1348323.714300, 4
1348323.734759, 4
1348323.755219, 4
1348323.775679, 4
1348323.796139, 4
1348323.816598, 4
1348323.837058, 4
1348323.857520, 4
1348323.877979, 4
1348323.898437, 4
1348323.918898, 4
1348323.939355, 4
1348323.959817, 4
1348323.980282, 4
1348324.000740, 4
1348324.021211, 4
1348324.041670, 4
1348324.062129, 4
1348324.082590, 4
1348324.103050, 4
1348324.123515, 4
1348324.144114, 4
1348324.164574, 4
1348324.185037, 4
1348324.205496, 4
1348324.225955, 4
1348324.246421, 4
1348324.266919, 4
1348324.287388, 4
1348324.307857, 4
1348324.328321, 4
1348324.348780, 4
1348324.369240, 4
1348324.389703, 4
1348324.410164, 4
1348324.430624, 4
1348324.451083, 4
1348324.471541, 4
1348324.492004, 4
1348324.512463, 4
1348324.532921, 4
1348324.553384, 4
1348324.573843, 4
1348324.594335, 4
1348324.615062, 4
1348324.635525, 4
1348324.655983, 4
1348324.676443, 4
1348324.696902, 4
1348324.717364, 4
1348324.737823, 4
1348324.758282, 4
1348324.778741, 4
1348324.799201, 4
1348324.819664, 4
1348324.840161, 4
1348324.860629, 4
1348324.881091, 4
1348324.901552, 4
1348324.922011, 4
1348324.942472, 4
1348324.962931, 4
1348324.983390, 4
1348325.003849, 4
1348325.024323, 4
1348325.044785, 4
1348325.065244, 4
1348325.085704, 4
1348325.106165, 4
1348325.126627, 4
1348325.147383, 4
1348325.167841, 4
1348325.188301, 4
1348325.208762, 4
1348325.229220, 4
1348325.249683, 4
1348325.270209, 4
1348325.290699, 4
1348325.311175, 4
1348325.331641, 4
1348325.352103, 4
1348325.372567, 4
1348325.393026, 4
1348325.413487, 4
1348325.433951, 4
1348325.454410, 4
1348325.474869, 4
1348325.495329, 4
1348325.515788, 4
1348325.536249, 4
1348325.556710, 4
1348325.577168, 4
1348325.597627, 4
1348325.618271, 4
1348325.638734, 4
1348325.659202, 4
1348325.679665, 4
1348325.700126, 4
1348325.720586, 4
1348325.741046, 4
1348325.761506, 4
1348325.781975, 4
1348325.802464, 4
1348325.822962, 4
1348325.843458, 4
1348325.863955, 4
1348325.884451, 4
1348325.904943, 4
1348325.925412, 4
1348325.945876, 4
1348325.966340, 4
1348325.986801, 4
1348326.007261, 4
1348326.027916, 4
1348326.048378, 4
1348326.068838, 4
1348326.089298, 4
1348326.109758, 4
1348326.130221, 4
1348326.150688, 4
1348326.171149, 4
1348326.191609, 4
1348326.212076, 4
1348326.232540, 4
1348326.253003, 4
1348326.273469, 4
1348326.293963, 4
1348326.314442, 4
1348326.334909, 4
1348326.355370, 4
1348326.375832, 4
1348326.396298, 4
1348326.416760, 4
1348326.437225, 4
1348326.457686, 4
1348326.478148, 4
1348326.498777, 4
1348326.519237, 4
1348326.539701, 4
1348326.560162, 4
1348326.580623, 4
1348326.601082, 4
1348326.621542, 4
1348326.642006, 4
1348326.662467, 4
1348326.682930, 4
1348326.703391, 4
1348326.723851, 4
1348326.744315, 4
1348326.764794, 4
1348326.785258, 4
1348326.805718, 4
1348326.826178, 4
1348326.846643, 4
1348326.867104, 4
1348326.887564, 4
1348326.908006, 4
1348326.928465, 4
1348326.948927, 4
1348326.969617, 4
1348326.990077, 4
1348327.010537, 4
1348327.030997, 4
1348327.051496, 4
1348327.071957, 4
1348327.092417, 4
1348327.112877, 4
1348327.133337, 4
1348327.153800, 4
1348327.174261, 4
1348327.194720, 4
1348327.215179, 4
1348327.235639, 4
1348327.256102, 4
1348327.276563, 4
1348327.297024, 4
1348327.317490, 4
1348327.337952, 4
1348327.358413, 4
1348327.378878, 4
1348327.399339, 4
1348327.419800, 4
1348327.440466, 4
1348327.460925, 4
1348327.481389, 4
1348327.501849, 4
1348327.522309, 4
1348327.542769, 4
1348327.563229, 4
1348327.583692, 4
1348327.604154, 4
1348327.624614, 4
1348327.645074, 4
1348327.665533, 4
1348327.686004, 4
1348327.706498, 4
1348327.726997, 4
1348327.747494, 4
1348327.767996, 4
1348327.788525, 4
1348327.808998, 4
1348327.829461, 4
1348327.850190, 4
1348327.870650, 4
1348327.891113, 4
1348327.911574, 4
1348327.932007, 4
1348327.952467, 4
1348327.972927, 4
1348327.993390, 4
1348328.013855, 4
1348328.034357, 4
1348328.054829, 4
1348328.075295, 4
1348328.095761, 4
1348328.116224, 4
1348328.136684, 4
1348328.157144, 4
1348328.177605, 4
1348328.198070, 4
1348328.218532, 4
1348328.238991, 4
1348328.259452, 4
1348328.279914, 4
1348328.300378, 4
1348328.320843, 4
1348328.341313, 4
1348328.361802, 4
1348328.382464, 4
1348328.402934, 4
1348328.423399, 4
1348328.443861, 4
1348328.464327, 4
1348328.484818, 4
1348328.505303, 4
1348328.525770, 4
1348328.546233, 4
1348328.566694, 4
1348328.587155, 4
1348328.607616, 4
1348328.628085, 4
1348328.648546, 4
1348328.669006, 4
1348328.689467, 4
1348328.709931, 4
1348328.730424, 4
1348328.750896, 4
1348328.771359, 4
1348328.791823, 4
1348328.812284, 4
1348328.832750, 4
1348328.853386, 4
1348328.873846, 4
1348328.894306, 4
1348328.914767, 4
1348328.935230, 4
1348328.955690, 4
1348328.976151, 4
1348328.996615, 4
1348329.017075, 4
1348329.037539, 4
1348329.057999, 4
1348329.078459, 4
1348329.098919, 4
1348329.119380, 4
1348329.139843, 4
1348329.160305, 4
1348329.180764, 4
1348329.201225, 4
1348329.221685, 4
1348329.242147, 4
1348329.262608, 4
1348329.283068, 4
1348329.303528, 4
1348329.324273, 4
1348329.344736, 4
1348329.365225, 4
1348329.385723, 4
1348329.406222, 4
1348329.426721, 4
1348329.447206, 4
1348329.467704, 4
1348329.488202, 4
1348329.508699, 4
1348329.529198, 4
1348329.549683, 4
1348329.570149, 4
1348329.590612, 4
1348329.611082, 4
1348329.631543, 4
1348329.652006, 4
1348329.672687, 4
1348329.693147, 4
1348329.713607, 4
1348329.734068, 4
1348329.754532, 4
1348329.774994, 4
1348329.795454, 4
1348329.815913, 4
1348329.836373, 4
1348329.856835, 4
1348329.877294, 4
1348329.897755, 4
1348329.918215, 4
1348329.938674, 4
1348329.959134, 4
1348329.979597, 4
1348330.000064, 4
1348330.020535, 4
1348330.040995, 4
1348330.061456, 4
1348330.081924, 4
1348330.102385, 4
1348330.122844, 4
1348330.143536, 4
1348330.163996, 4
1348330.184465, 4
1348330.204925, 4
1348330.225385, 4
1348330.245845, 4
1348330.266304, 4
1348330.286765, 4
1348330.307225, 4
1348330.327684, 4
1348330.348145, 4
1348330.368606, 4
1348330.389076, 4
1348330.409574, 4
1348330.430047, 4
1348330.450511, 4
1348330.470976, 4
1348330.491442, 4
1348330.511904, 4
1348330.532366, 4
1348330.552828, 4
1348330.573291, 4
1348330.593754, 4
1348330.614425, 4
1348330.634886, 4
1348330.655346, 4
1348330.675806, 4
1348330.696275, 4
1348330.716736, 4
1348330.737196, 4
1348330.757656, 4
1348330.778119, 4
1348330.798582, 4
1348330.819041, 4
1348330.839502, 4
1348330.859961, 4
1348330.880422, 4
1348330.900885, 4
1348330.921345, 4
1348330.941805, 4
1348330.962267, 4
1348330.982727, 4
1348331.003189, 4
1348331.023652, 4
1348331.044114, 4
1348331.064574, 4
1348331.085296, 4
1348331.105757, 4
1348331.126218, 4
1348331.146678, 4
1348331.167137, 4
1348331.187597, 4
1348331.208067, 4
1348331.228527, 4
1348331.248986, 4
1348331.269452, 4
1348331.289913, 4
1348331.310378, 4
1348331.330880, 4
1348331.351353, 4
1348331.371827, 4
1348331.392290, 4
1348331.412771, 4
1348331.433263, 4
1348331.453733, 4
1348331.474199, 4
1348331.494939, 4
1348331.515401, 4
1348331.535867, 4
1348331.556329, 4
1348331.576792, 4
1348331.597254, 4
1348331.617716, 4
1348331.638180, 4
1348331.658643, 4
1348331.679105, 4
1348331.699567, 4
1348331.720006, 4
1348331.740471, 4
1348331.760934, 4
1348331.781396, 4
1348331.801859, 4
1348331.822321, 4
1348331.842787, 4
1348331.863250, 4
1348331.883712, 4
1348331.904183, 4
1348331.924645, 4
1348331.945109, 4
1348331.965800, 4
1348331.986262, 4
1348332.006729, 4
1348332.027221, 4
1348332.047690, 4
1348332.068155, 4
1348332.088618, 4
1348332.109080, 4
1348332.129543, 4
1348332.150008, 4
1348332.170471, 4
1348332.190933, 4
1348332.211395, 4
1348332.231857, 4
1348332.252330, 4
1348332.272791, 4
1348332.293251, 4
1348332.313713, 4
1348332.334173, 4
1348332.354636, 4
1348332.375099, 4
1348332.395559, 4
1348332.416007, 4
1348332.436664, 4
1348332.457153, 4
1348332.477620, 4
1348332.498086, 4
1348332.518549, 4
1348332.539010, 4
1348332.559471, 4
1348332.579935, 4
1348332.600397, 4
1348332.620857, 4
1348332.641317, 4
1348332.661777, 4
1348332.682240, 4
1348332.702701, 4
1348332.723161, 4
1348332.743621, 4
1348332.764084, 4
1348332.784549, 4
1348332.805010, 4
1348332.825472, 4
1348332.845935, 4
1348332.866395, 4
1348332.886860, 4
1348332.907504, 4
1348332.927965, 4
1348332.948425, 4
1348332.968885, 4
1348332.989347, 4
1348333.009808, 4
1348333.030268, 4
1348333.050728, 4
1348333.071188, 4
1348333.091650, 4
1348333.112112, 4
1348333.132572, 4
1348333.153032, 4
1348333.173492, 4
1348333.193954, 4
1348333.214414, 4
1348333.234873, 4
1348333.255340, 4
1348333.275832, 4
1348333.296321, 4
1348333.316792, 4
1348333.337256, 4
1348333.357719, 4
1348333.378375, 4
1348333.398839, 4
1348333.419300, 4
1348333.439761, 4
1348333.460229, 4
1348333.480729, 4
1348333.501217, 4
1348333.521685, 4
1348333.542149, 4
1348333.562611, 4
1348333.583073, 4
1348333.603537, 4
1348333.623998, 4
1348333.644465, 4
1348333.664928, 4
1348333.685388, 4
1348333.705851, 4
1348333.726313, 4
1348333.746773, 4
1348333.767233, 4
1348333.787694, 4
1348333.808158, 4
1348333.828621, 4
1348333.849201, 4
1348333.869662, 4
1348333.890122, 4
1348333.910583, 4
1348333.931045, 4
1348333.951506, 4
1348333.971965, 4
1348333.992426, 4
1348334.012920, 4
1348334.033385, 4
1348334.053845, 4
1348334.074305, 4
1348334.094764, 4
1348334.115224, 4
1348334.135687, 4
1348334.156147, 4
1348334.176608, 4
1348334.197070, 4
1348334.217529, 4
1348334.237992, 4
1348334.258452, 4
1348334.278912, 4
1348334.299372, 4
1348334.320006, 4
1348334.340468, 4
1348334.360929, 4
1348334.381389, 4
1348334.401849, 4
1348334.422310, 4
1348334.442772, 4
1348334.463233, 4
1348334.483696, 4
1348334.504231, 4
1348334.524707, 4
1348334.545177, 4
1348334.565639, 4
1348334.586101, 4
1348334.606564, 4
1348334.627027, 4
1348334.647490, 4
1348334.667952, 4
1348334.688413, 4
1348334.708873, 4
1348334.729335, 4
1348334.749799, 4
1348334.770260, 4
1348334.790873, 4
1348334.811333, 4
1348334.831792, 4
1348334.852256, 4
1348334.872720, 4
1348334.893180, 4
1348334.913642, 4
1348334.934104, 4
1348334.954568, 4
1348334.975029, 4
1348334.995489, 4
1348335.015950, 4
1348335.036410, 4
1348335.056872, 4
1348335.077334, 4
1348335.097794, 4
1348335.118254, 4
1348335.138716, 4
1348335.159175, 4
1348335.179638, 4
1348335.200101, 4
1348335.220561, 4
1348335.241022, 4
1348335.261702, 4
1348335.282164, 4
1348335.302625, 4
1348335.323085, 4
1348335.343545, 4
1348335.364006, 4
1348335.384468, 4
1348335.404929, 4
1348335.425389, 4
1348335.445848, 4
1348335.466308, 4
1348335.486772, 4
1348335.507236, 4
1348335.527734, 4
1348335.548235, 4
1348335.568701, 4
1348335.589170, 4
1348335.609635, 4
1348335.630096, 4
1348335.650559, 4
1348335.671021, 4
1348335.691486, 4
1348335.711947, 4
1348335.732534, 4
1348335.752995, 4
1348335.773455, 4
1348335.793917, 4
1348335.814376, 4
1348335.834836, 4
1348335.855296, 4
1348335.875757, 4
1348335.896221, 4
1348335.916682, 4
1348335.937142, 4
1348335.957602, 4
1348335.978062, 4
1348335.998525, 4
1348336.018990, 4
1348336.039470, 4
1348336.059941, 4
1348336.080429, 4
1348336.100895, 4
1348336.121356, 4
1348336.141817, 4
1348336.162277, 4
1348336.182738, 4
1348336.203376, 4
1348336.223863, 4
1348336.244336, 4
1348336.264798, 4
1348336.285260, 4
1348336.305723, 4
1348336.326186, 4
1348336.346647, 4
1348336.367108, 4
1348336.387574, 4
1348336.408006, 4
1348336.428485, 4
1348336.448977, 4
1348336.469451, 4
1348336.489918, 4
1348336.510380, 4
1348336.530849, 4
1348336.551348, 4
1348336.571819, 4
1348336.592288, 4
1348336.612980, 4
1348336.633453, 4
1348336.653916, 4
1348336.674378, 4
1348336.694839, 4
1348336.715300, 4
1348336.735764, 4
1348336.756227, 4
1348336.776691, 4
1348336.797190, 4
1348336.817660, 4
1348336.838126, 4
1348336.858589, 4
1348336.879052, 4
1348336.899515, 4
1348336.919979, 4
1348336.940474, 4
1348336.960947, 4
1348336.981410, 4
1348337.001871, 4
1348337.022603, 4
1348337.043090, 4
1348337.063564, 4
1348337.084007, 4
1348337.104469, 4
1348337.124930, 4
1348337.145399, 4
1348337.165860, 4
1348337.186321, 4
1348337.206782, 4
1348337.227241, 4
1348337.247703, 4
1348337.268169, 4
1348337.288663, 4
1348337.309129, 4
1348337.329595, 4
1348337.350062, 4
1348337.370526, 4
1348337.390987, 4
1348337.411448, 4
1348337.431909, 4
1348337.452374, 4
1348337.472835, 4
1348337.493473, 4
1348337.513938, 4
1348337.534436, 4
1348337.554904, 4
1348337.575366, 4
1348337.595827, 4
1348337.616290, 4
1348337.636749, 4
1348337.657213, 4
1348337.677673, 4
1348337.698133, 4
1348337.718593, 4
1348337.739053, 4
1348337.759516, 4
1348337.779999, 4
1348337.800472, 4
1348337.820934, 4
1348337.841398, 4
1348337.861860, 4
1348337.882325, 4
1348337.903066, 4
1348337.923530, 4
1348337.944010, 4
1348337.964477, 4
1348337.984942, 4
1348338.005406, 4
1348338.025904, 4
1348338.046373, 4
1348338.066837, 4
1348338.087303, 4
1348338.107767, 4
1348338.128228, 4
1348338.148689, 4
1348338.169149, 4
1348338.189613, 4
1348338.210073, 4
1348338.230534, 4
1348338.250999, 4
1348338.271491, 4
1348338.291957, 4
1348338.312710, 4
1348338.333173, 4
1348338.353634, 4
1348338.374094, 4
1348338.394558, 4
1348338.415018, 4
1348338.435479, 4
1348338.455939, 4
1348338.476401, 4
1348338.496895, 4
1348338.517398, 4
1348338.537870, 4
1348338.558334, 4
1348338.578794, 4
1348338.599265, 4
1348338.619728, 4
1348338.640194, 4
1348338.660656, 4
1348338.681117, 4
1348338.701581, 4
1348338.722303, 4
1348338.742768, 4
1348338.763263, 4
1348338.783731, 4
1348338.804202, 4
1348338.824663, 4
1348338.845123, 4
1348338.865584, 4
1348338.886044, 4
1348338.906506, 4
1348338.926972, 4
1348338.947470, 4
1348338.967938, 4
1348338.988405, 4
1348339.008893, 4
1348339.029364, 4
1348339.049828, 4
1348339.070290, 4
1348339.090750, 4
1348339.111211, 4
1348339.131953, 4
1348339.152415, 4
1348339.172875, 4
1348339.193336, 4
1348339.213796, 4
1348339.234295, 4
1348339.254793, 4
1348339.275290, 4
1348339.295786, 4
1348339.316300, 4
1348339.336798, 4
1348339.357279, 4
1348339.377748, 4
1348339.398213, 4
1348339.418681, 4
1348339.439144, 4
1348339.459607, 4
1348339.480078, 4
1348339.500539, 4
1348339.521000, 4
1348339.541605, 4
1348339.562070, 4
1348339.582531, 4
1348339.602996, 4
1348339.623483, 4
1348339.643955, 4
1348339.664420, 4
1348339.684885, 4
1348339.705347, 4
1348339.725809, 4
1348339.746272, 4
1348339.766733, 4
1348339.787196, 4
1348339.807657, 4
1348339.828120, 4
1348339.848584, 4
1348339.869045, 4
1348339.889508, 4
1348339.909971, 4
1348339.930434, 4
1348339.950896, 4
1348339.971359, 4
1348339.991826, 4
1348340.012467, 4
1348340.032928, 4
1348340.053390, 4
1348340.073850, 4
1348340.094311, 4
1348340.114771, 4
1348340.135232, 4
1348340.155692, 4
1348340.176154, 4
1348340.196618, 4
1348340.217078, 4
1348340.237539, 4
1348340.258002, 4
1348340.278463, 4
1348340.298925, 4
1348340.319385, 4
1348340.339846, 4
1348340.360316, 4
1348340.380778, 4
1348340.401239, 4
1348340.421700, 4
1348340.442162, 4
1348340.462623, 4
1348340.483308, 4
1348340.503768, 4
1348340.524233, 4
1348340.544697, 4
1348340.565159, 4
1348340.585620, 4
1348340.606084, 4
1348340.626546, 4
1348340.647008, 4
1348340.667468, 4
1348340.687929, 4
1348340.708394, 4
1348340.728856, 4
1348340.749331, 4
1348340.769805, 4
1348340.790267, 4
1348340.810729, 4
1348340.831238, 4
1348340.851712, 4
1348340.872185, 4
1348340.892911, 4
1348340.913377, 4
1348340.933866, 4
1348340.954364, 4
1348340.974863, 4
1348340.995331, 4
1348341.015795, 4
1348341.036264, 4
1348341.056724, 4
1348341.077184, 4
1348341.097648, 4
1348341.118108, 4
1348341.138569, 4
1348341.159029, 4
1348341.179494, 4
1348341.199972, 4
1348341.220450, 4
1348341.240917, 4
1348341.261379, 4
1348341.281840, 4
1348341.302513, 4
1348341.322978, 4
1348341.343479, 4
1348341.363955, 4
1348341.384419, 4
1348341.404883, 4
1348341.425348, 4
1348341.445827, 4
1348341.466303, 4
1348341.486769, 4
1348341.507240, 4
1348341.527703, 4
1348341.548165, 4
1348341.568626, 4
1348341.589088, 4
1348341.609551, 4
1348341.630011, 4
1348341.650476, 4
1348341.670963, 4
1348341.691464, 4
1348341.712158, 4
1348341.732655, 4
1348341.753152, 4
1348341.773650, 4
1348341.794147, 4
1348341.814644, 4
1348341.835141, 4
1348341.855638, 4
1348341.876135, 4
1348341.896626, 4
1348341.917121, 4
1348341.937628, 4
1348341.958109, 4
1348341.978576, 4
1348341.999274, 4
1348342.019738, 4
1348342.040202, 4
1348342.060664, 4
1348342.081129, 4
1348342.101589, 4
1348342.122051, 4
1348342.142514, 4
1348342.162975, 4
1348342.183436, 4
1348342.203898, 4
1348342.224360, 4
1348342.244821, 4
1348342.265287, 4
1348342.285774, 4
1348342.306237, 4
1348342.326705, 4
1348342.347170, 4
1348342.367632, 4
1348342.388100, 4
1348342.408860, 4
1348342.429321, 4
1348342.449781, 4
1348342.470242, 4
1348342.490706, 4
1348342.511169, 4
1348342.531630, 4
1348342.552090, 4
1348342.572554, 4
1348342.593015, 4
1348342.613482, 4
1348342.633945, 4
1348342.654407, 4
1348342.674868, 4
1348342.695329, 4
1348342.715790, 4
1348342.736252, 4
1348342.756715, 4
1348342.777180, 4
1348342.797640, 4
1348342.818103, 4
1348342.838571, 4
1348342.859064, 4
1348342.879683, 4
1348342.900151, 4
1348342.920613, 4
1348342.941075, 4
1348342.961538, 4
1348342.981998, 4
1348343.002459, 4
1348343.022920, 4
1348343.043382, 4
1348343.063844, 4
1348343.084304, 4
1348343.104768, 4
1348343.125231, 4
1348343.145691, 4
1348343.166153, 4
1348343.186614, 4
1348343.207076, 4
1348343.227541, 4
1348343.248004, 4
1348343.268465, 4
1348343.288926, 4
1348343.309387, 4
1348343.329847, 4
1348343.350510, 4
1348343.370970, 4
1348343.391431, 4
1348343.411890, 4
1348343.432360, 4
1348343.452821, 4
1348343.473289, 4
1348343.493792, 4
1348343.514262, 4
1348343.534727, 4
1348343.555189, 4
1348343.575652, 4
1348343.596114, 4
1348343.616575, 4
1348343.637046, 4
1348343.657507, 4
1348343.677968, 4
1348343.698477, 4
1348343.718981, 4
1348343.739457, 4
1348343.760142, 4
1348343.780604, 4
1348343.801071, 4
1348343.821533, 4
1348343.841994, 4
1348343.862456, 4
1348343.882920, 4
1348343.903403, 4
1348343.923907, 4
1348343.944409, 4
1348343.964876, 4
1348343.985338, 4
1348344.005809, 4
1348344.026301, 4
1348344.046772, 4
1348344.067241, 4
1348344.087707, 4
1348344.108181, 4
1348344.128648, 4
1348344.149150, 4
1348344.169747, 4
1348344.190214, 4
1348344.210682, 4
1348344.231144, 4
1348344.251606, 4
1348344.272075, 4
1348344.292536, 4
1348344.312999, 4
1348344.333464, 4
1348344.353927, 4
1348344.374393, 4
1348344.394894, 4
1348344.415395, 4
1348344.435864, 4
1348344.456339, 4
1348344.476801, 4
1348344.497263, 4
1348344.517724, 4
1348344.538188, 4
1348344.558648, 4
1348344.579310, 4
1348344.599770, 4
1348344.620236, 4
1348344.640719, 4
1348344.661209, 4
1348344.681675, 4
1348344.702139, 4
1348344.722601, 4
1348344.743085, 4
1348344.763570, 4
1348344.784008, 4
1348344.804471, 4
1348344.824932, 4
1348344.845396, 4
1348344.865863, 4
1348344.886345, 4
1348344.906822, 4
1348344.927292, 4
1348344.947773, 4
1348344.968239, 4
1348344.988937, 4
1348345.009400, 4
1348345.029861, 4
1348345.050327, 4
1348345.070788, 4
1348345.091248, 4
1348345.111716, 4
1348345.132221, 4
1348345.152708, 4
1348345.173182, 4
1348345.193647, 4
1348345.214109, 4
1348345.234570, 4
1348345.255035, 4
1348345.275498, 4
1348345.295958, 4
1348345.316420, 4
1348345.336882, 4
1348345.357349, 4
1348345.377832, 4
1348345.398581, 4
1348345.419051, 4
1348345.439513, 4
1348345.459976, 4
1348345.480438, 4
1348345.500898, 4
1348345.521358, 4
1348345.541818, 4
1348345.562281, 4
1348345.582741, 4
1348345.603205, 4
1348345.623685, 4
1348345.644153, 4
1348345.664617, 4
1348345.685079, 4
1348345.705540, 4
1348345.726002, 4
1348345.746468, 4
1348345.766965, 4
1348345.787435, 4
1348345.808139, 4
1348345.828601, 4
1348345.849067, 4
1348345.869562, 4
1348345.890028, 4
1348345.910496, 4
1348345.930993, 4
1348345.951485, 4
1348345.971952, 4
1348345.992421, 4
1348346.012883, 4
1348346.033343, 4
1348346.053802, 4
1348346.074263, 4
1348346.094730, 4
1348346.115226, 4
1348346.135700, 4
1348346.156168, 4
1348346.176630, 4
1348346.197094, 4
1348346.217713, 4
1348346.238173, 4
1348346.258633, 4
1348346.279092, 4
1348346.299554, 4
1348346.320006, 4
1348346.340470, 4
1348346.360963, 4
1348346.381431, 4
1348346.401895, 4
1348346.422357, 4
1348346.442819, 4
1348346.463278, 4
1348346.483740, 4
1348346.504210, 4
1348346.524671, 4
1348346.545133, 4
1348346.565594, 4
1348346.586058, 4
1348346.606558, 4
1348346.627299, 4
1348346.647766, 4
1348346.668230, 4
1348346.688692, 4
1348346.709154, 4
1348346.729616, 4
1348346.750077, 4
1348346.770542, 4
1348346.791033, 4
1348346.811502, 4
1348346.831972, 4
1348346.852470, 4
1348346.872940, 4
1348346.893403, 4
1348346.913871, 4
1348346.934366, 4
1348346.954863, 4
1348346.975335, 4
1348346.995805, 4
1348347.016282, 4
1348347.036909, 4
1348347.057378, 4
1348347.077845, 4
1348347.098333, 4
1348347.118802, 4
1348347.139265, 4
1348347.162090, 4
1348347.182833, 4
1348347.203294, 4
1348347.223754, 4
1348347.244215, 4
1348347.264677, 4
1348347.285139, 4
1348347.305601, 4
1348347.326067, 4
1348347.346556, 4
1348347.367023, 4
1348347.387487, 4
1348347.407949, 4
1348347.428410, 4
1348347.448871, 4
1348347.469341, 4
1348347.489801, 4
1348347.510263, 4
1348347.530733, 4
1348347.551193, 4
1348347.571656, 4
1348347.592137, 4
1348347.612603, 4
1348347.633065, 4
1348347.653632, 4
1348347.674093, 4
1348347.694553, 4
1348347.715012, 4
1348347.735472, 4
1348347.755931, 4
1348347.776392, 4
1348347.796853, 4
1348347.817317, 4
1348347.837815, 4
1348347.858285, 4
1348347.878750, 4
1348347.899213, 4
1348347.919676, 4
1348347.940165, 4
1348347.960631, 4
1348347.981092, 4
1348348.001553, 4
1348348.022017, 4
1348348.042516, 4
1348348.063219, 4
1348348.083716, 4
1348348.104199, 4
1348348.124666, 4
1348348.145127, 4
1348348.165587, 4
1348348.186047, 4
1348348.206506, 4
1348348.226967, 4
1348348.247428, 4
1348348.267890, 4
1348348.288359, 4
1348348.308822, 4
1348348.329299, 4
1348348.349776, 4
1348348.370239, 4
1348348.390703, 4
1348348.411166, 4
1348348.431630, 4
1348348.452091, 4
1348348.472731, 4
1348348.493215, 4
1348348.513695, 4
1348348.534165, 4
1348348.554630, 4
1348348.575124, 4
1348348.595592, 4
1348348.616007, 4
1348348.636471, 4
1348348.656931, 4
1348348.677391, 4
1348348.697851, 4
1348348.718311, 4
1348348.738774, 4
1348348.759236, 4
1348348.779696, 4
1348348.800161, 4
1348348.820658, 4
1348348.841155, 4
1348348.861623, 4
1348348.882332, 4
1348348.902794, 4
1348348.923258, 4
1348348.943752, 4
1348348.964227, 4
1348348.984692, 4
1348349.005154, 4
1348349.025614, 4
1348349.046077, 4
1348349.066560, 4
1348349.087026, 4
1348349.107487, 4
1348349.127948, 4
1348349.148409, 4
1348349.168878, 4
1348349.189339, 4
1348349.209798, 4
1348349.230260, 4
1348349.250720, 4
1348349.271180, 4
1348349.291644, 4
1348349.312120, 4
1348349.332585, 4
1348349.353218, 4
1348349.373679, 4
1348349.394138, 4
1348349.414598, 4
1348349.435058, 4
1348349.455518, 4
1348349.475978, 4
1348349.496438, 4
1348349.516898, 4
1348349.537361, 4
1348349.557842, 4
1348349.578306, 4
1348349.598766, 4
1348349.619226, 4
1348349.639686, 4
1348349.660147, 4
1348349.680607, 4
1348349.701068, 4
1348349.721528, 4
1348349.741988, 4
1348349.762449, 4
1348349.782912, 4
1348349.803403, 4
1348349.824147, 4
1348349.844614, 4
1348349.865115, 4
1348349.885584, 4
1348349.906050, 4
1348349.926517, 4
1348349.947012, 4
1348349.967483, 4
1348349.987948, 4
1348350.008412, 4
1348350.028880, 4
1348350.049377, 4
1348350.069878, 4
1348350.090363, 4
1348350.110830, 4
1348350.131296, 4
1348350.151759, 4
1348350.172225, 4
1348350.192687, 4
1348350.213149, 4
1348350.233874, 4
1348350.254337, 4
1348350.274802, 4
1348350.295295, 4
1348350.315768, 4
1348350.336271, 4
1348350.356770, 4
1348350.377268, 4
1348350.397766, 4
1348350.418264, 4
1348350.438761, 4
1348350.459291, 4
1348350.479776, 4
1348350.500244, 4
1348350.520708, 4
1348350.541169, 4
1348350.561630, 4
1348350.582382, 4
1348350.602841, 4
1348350.623300, 4
1348350.643759, 4
1348350.664221, 4
1348350.684682, 4
1348350.705140, 4
1348350.725604, 4
1348350.746063, 4
1348350.766522, 4
1348350.786983, 4
1348350.807442, 4
1348350.827902, 4
1348350.848372, 4
1348350.868868, 4
1348350.889363, 4
1348350.909833, 4
1348350.930296, 4
1348350.950755, 4
1348350.971215, 4
1348350.991675, 4
1348351.012135, 4
1348351.032594, 4
1348351.053339, 4
1348351.073798, 4
1348351.094258, 4
1348351.114716, 4
1348351.135176, 4
1348351.155635, 4
1348351.176094, 4
1348351.196553, 4
1348351.217019, 4
1348351.237481, 4
1348351.257941, 4
1348351.278400, 4
1348351.298859, 4
1348351.319318, 4
1348351.339776, 4
1348351.360235, 4
1348351.380694, 4
1348351.401156, 4
1348351.421615, 4
1348351.442074, 4
1348351.462534, 4
1348351.482992, 4
1348351.503451, 4
1348351.523911, 4
1348351.544369, 4
1348351.564828, 4
1348351.585441, 4
1348351.605899, 4
1348351.626358, 4
1348351.646816, 4
1348351.667275, 4
1348351.687733, 4
1348351.708195, 4
1348351.728655, 4
1348351.749118, 4
1348351.769578, 4
1348351.790040, 4
1348351.810499, 4
1348351.830956, 4
1348351.851415, 4
1348351.871874, 4
1348351.892337, 4
1348351.912838, 4
1348351.933318, 4
1348351.953783, 4
1348351.974247, 4
1348351.995005, 4
1348352.015466, 4
1348352.035926, 4
1348352.056389, 4
1348352.076849, 4
1348352.097308, 4
1348352.117768, 4
1348352.138226, 4
1348352.158688, 4
1348352.179147, 4
1348352.199605, 4
1348352.220069, 4
1348352.240528, 4
1348352.260987, 4
1348352.281456, 4
1348352.301916, 4
1348352.322375, 4
1348352.342841, 4
1348352.363306, 4
1348352.383766, 4
1348352.404521, 4
1348352.424985, 4
1348352.445448, 4
1348352.465907, 4
1348352.486365, 4
1348352.506825, 4
1348352.527284, 4
1348352.547743, 4
1348352.568203, 4
1348352.588662, 4
1348352.609120, 4
1348352.629579, 4
1348352.650037, 4
1348352.670496, 4
1348352.690955, 4
1348352.711414, 4
1348352.731871, 4
1348352.752336, 4
1348352.772796, 4
1348352.793255, 4
1348352.813716, 4
1348352.834175, 4
1348352.854638, 4
1348352.875279, 4
1348352.895745, 4
1348352.916212, 4
1348352.936700, 4
1348352.957170, 4
1348352.977635, 4
1348352.998096, 4
1348353.018557, 4
1348353.039019, 4
1348353.059481, 4
1348353.079946, 4
1348353.100426, 4
1348353.120919, 4
1348353.141417, 4
1348353.161926, 4
1348353.182399, 4
1348353.202870, 4
1348353.223608, 4
1348353.244097, 4
1348353.264564, 4
1348353.285027, 4
1348353.305492, 4
1348353.325954, 4
1348353.346414, 4
1348353.366875, 4
1348353.387338, 4
1348353.407800, 4
1348353.428272, 4
1348353.448738, 4
1348353.469228, 4
1348353.489730, 4
1348353.510237, 4
1348353.530709, 4
1348353.551173, 4
1348353.571635, 4
1348353.592097, 4
1348353.612558, 4
1348353.633140, 4
1348353.653602, 4
1348353.674063, 4
1348353.694528, 4
1348353.715003, 4
1348353.735486, 4
1348353.755951, 4
1348353.776419, 4
1348353.796883, 4
1348353.817345, 4
1348353.837809, 4
1348353.858270, 4
1348353.878732, 4
1348353.899194, 4
1348353.919659, 4
1348353.940141, 4
1348353.960636, 4
1348353.981137, 4
1348354.001608, 4
1348354.022076, 4
1348354.042688, 4
1348354.063151, 4
1348354.083612, 4
1348354.104083, 4
1348354.124546, 4
1348354.145012, 4
1348354.165474, 4
1348354.185941, 4
1348354.206427, 4
1348354.226912, 4
1348354.247385, 4
1348354.267850, 4
1348354.288314, 4
1348354.308781, 4
1348354.329255, 4
1348354.349721, 4
1348354.370182, 4
1348354.390647, 4
1348354.411108, 4
1348354.431574, 4
1348354.452247, 4
1348354.472740, 4
1348354.493211, 4
1348354.513676, 4
1348354.534138, 4
1348354.554606, 4
1348354.575068, 4
1348354.595530, 4
1348354.615991, 4
1348354.636458, 4
1348354.656921, 4
1348354.677387, 4
1348354.697881, 4
1348354.718395, 4
1348354.738866, 4
1348354.759331, 4
1348354.779803, 4
1348354.800279, 4
1348354.820741, 4
1348354.841203, 4
1348354.861785, 4
1348354.882249, 4
1348354.902710, 4
1348354.923175, 4
1348354.943674, 4
1348354.964152, 4
1348354.984641, 4
1348355.005139, 4
1348355.025643, 4
1348355.046142, 4
1348355.066641, 4
1348355.087132, 4
1348355.107606, 4
1348355.128079, 4
1348355.148542, 4
1348355.169009, 4
1348355.189487, 4
1348355.210203, 4
1348355.230672, 4
1348355.251137, 4
1348355.271600, 4
1348355.292071, 4
1348355.312533, 4
1348355.332995, 4
1348355.353458, 4
1348355.373919, 4
1348355.394383, 4
1348355.414848, 4
1348355.435352, 4
1348355.455851, 4
1348355.476319, 4
1348355.496786, 4
1348355.517248, 4
1348355.537708, 4
1348355.558169, 4
1348355.578629, 4
1348355.599093, 4
1348355.619732, 4
1348355.640196, 4
1348355.660661, 4
1348355.681153, 4
1348355.701633, 4
1348355.722097, 4
1348355.742561, 4
1348355.763022, 4
1348355.783483, 4
1348355.803947, 4
1348355.824409, 4
1348355.844870, 4
1348355.865331, 4
1348355.885790, 4
1348355.906260, 4
1348355.926754, 4
1348355.947247, 4
1348355.967716, 4
1348355.988196, 4
1348356.008692, 4
1348356.029312, 4
1348356.049784, 4
1348356.070250, 4
1348356.090711, 4
1348356.111172, 4
1348356.131643, 4
1348356.152112, 4
1348356.172606, 4
1348356.193103, 4
1348356.213574, 4
1348356.234043, 4
1348356.254505, 4
1348356.274966, 4
1348356.295427, 4
1348356.315890, 4
1348356.336362, 4
1348356.356825, 4
1348356.377293, 4
1348356.397761, 4
1348356.418240, 4
1348356.438888, 4
1348356.459358, 4
1348356.479824, 4
1348356.500289, 4
1348356.520753, 4
1348356.541217, 4
1348356.561679, 4
1348356.582139, 4
1348356.602599, 4
1348356.623059, 4
1348356.643530, 4
1348356.664013, 4
1348356.684514, 4
1348356.704984, 4
1348356.725449, 4
1348356.745914, 4
1348356.766376, 4
1348356.786837, 4
1348356.807299, 4
1348356.827759, 4
1348356.848414, 4
1348356.868879, 4
1348356.889347, 4
1348356.909837, 4
1348356.930303, 4
1348356.950769, 4
1348356.971230, 4
1348356.991691, 4
1348357.012159, 4
1348357.032657, 4
1348357.053132, 4
1348357.073601, 4
1348357.094063, 4
1348357.114528, 4
1348357.134991, 4
1348357.155455, 4
1348357.175919, 4
1348357.196389, 4
1348357.216853, 4
1348357.237314, 4
1348357.257996, 4
1348357.278457, 4
1348357.298917, 4
1348357.319378, 4
1348357.339839, 4
1348357.360303, 4
1348357.380765, 4
1348357.401228, 4
1348357.421690, 4
1348357.442150, 4
1348357.462610, 4
1348357.483073, 4
1348357.503534, 4
1348357.523993, 4
1348357.544470, 4
1348357.564931, 4
1348357.585393, 4
1348357.605863, 4
1348357.626324, 4
1348357.646783, 4
1348357.667244, 4
1348357.687706, 4
1348357.708166, 4
1348357.728764, 4
1348357.749223, 4
1348357.769683, 4
1348357.790147, 4
1348357.810607, 4
1348357.831066, 4
1348357.851526, 4
1348357.871986, 4
1348357.892449, 4
1348357.912908, 4
1348357.933367, 4
1348357.953826, 4
1348357.974286, 4
1348357.994748, 4
1348358.015207, 4
1348358.035672, 4
1348358.056167, 4
1348358.076652, 4
1348358.097126, 4
1348358.117589, 4
1348358.138328, 4
1348358.158790, 4
1348358.179251, 4
1348358.199715, 4
1348358.220183, 4
1348358.240644, 4
1348358.261104, 4
1348358.281564, 4
1348358.302028, 4
1348358.322489, 4
1348358.342953, 4
1348358.363414, 4
1348358.383874, 4
1348358.404346, 4
1348358.424812, 4
1348358.445273, 4
1348358.465733, 4
1348358.486201, 4
1348358.506694, 4
1348358.527198, 4
1348358.547943, 4
1348358.568423, 4
1348358.588892, 4
1348358.609359, 4
1348358.629821, 4
1348358.650284, 4
1348358.670745, 4
1348358.691206, 4
1348358.711671, 4
1348358.732155, 4
1348358.752625, 4
1348358.773090, 4
1348358.793552, 4
1348358.814012, 4
1348358.834481, 4
1348358.854943, 4
1348358.875404, 4
1348358.895866, 4
1348358.916328, 4
1348358.936791, 4
1348358.957459, 4
1348358.977919, 4
1348358.998381, 4
1348359.018841, 4
1348359.039304, 4
1348359.059768, 4
1348359.080261, 4
1348359.100731, 4
1348359.121194, 4
1348359.141660, 4
1348359.162121, 4
1348359.182582, 4
1348359.203043, 4
1348359.223503, 4
1348359.243975, 4
1348359.264436, 4
1348359.284895, 4
1348359.305356, 4
1348359.325815, 4
1348359.346278, 4
1348359.366740, 4
1348359.387217, 4
1348359.407679, 4
1348359.428278, 4
1348359.448743, 4
1348359.469204, 4
1348359.489667, 4
1348359.510129, 4
1348359.530591, 4
1348359.551055, 4
1348359.571517, 4
1348359.591979, 4
1348359.612440, 4
1348359.632901, 4
1348359.653365, 4
1348359.673826, 4
1348359.694287, 4
1348359.714747, 4
1348359.735208, 4
1348359.755671, 4
1348359.776136, 4
1348359.796603, 4
1348359.817091, 4
1348359.837567, 4
1348359.858035, 4
1348359.878499, 4
1348359.899073, 4
1348359.919535, 4
1348359.939996, 4
1348359.960467, 4
1348359.980928, 4
1348360.001389, 4
1348360.021853, 4
1348360.042354, 4
1348360.062827, 4
1348360.083295, 4
1348360.103803, 4
1348360.124288, 4
1348360.144753, 4
1348360.165216, 4
1348360.185681, 4
1348360.206143, 4
1348360.226605, 4
1348360.247076, 4
1348360.267536, 4
1348360.287996, 4
1348360.308696, 4
1348360.329155, 4
1348360.349619, 4
1348360.370079, 4
1348360.390540, 4
1348360.411000, 4
1348360.431460, 4
1348360.451920, 4
1348360.472383, 4
1348360.492844, 4
1348360.513305, 4
1348360.533765, 4
1348360.554224, 4
1348360.574684, 4
1348360.595144, 4
1348360.615603, 4
1348360.636069, 4
1348360.656532, 4
1348360.676992, 4
1348360.697452, 4
1348360.717912, 4
1348360.738372, 4
1348360.758832, 4
1348360.779502, 4
1348360.799962, 4
1348360.820421, 4
1348360.840880, 4
1348360.861340, 4
1348360.881798, 4
1348360.902258, 4
1348360.922717, 4
1348360.943177, 4
1348360.963636, 4
1348360.984096, 4
1348361.004556, 4
1348361.025016, 4
1348361.045476, 4
1348361.065935, 4
1348361.086394, 4
1348361.106855, 4
1348361.127361, 4
1348361.147830, 4
1348361.168295, 4
1348361.188759, 4
1348361.209222, 4
1348361.229682, 4
1348361.250330, 4
1348361.270789, 4
1348361.291248, 4
1348361.311709, 4
1348361.332180, 4
1348361.352659, 4
1348361.373123, 4
1348361.393584, 4
1348361.414045, 4
1348361.434505, 4
1348361.454965, 4
1348361.475425, 4
1348361.495886, 4
1348361.516354, 4
1348361.536823, 4
1348361.557283, 4
1348361.577745, 4
1348361.598207, 4
1348361.618667, 4
1348361.639127, 4
1348361.659587, 4
1348361.680009, 4
1348361.700469, 4
1348361.721126, 4
1348361.741586, 4
1348361.762046, 4
1348361.782506, 4
1348361.802965, 4
1348361.823424, 4
1348361.843883, 4
1348361.864350, 4
1348361.884811, 4
1348361.905270, 4
1348361.925730, 4
1348361.946189, 4
1348361.966648, 4
1348361.987111, 4
1348362.007572, 4
1348362.028006, 4
1348362.048464, 4
1348362.068934, 4
1348362.089393, 4
1348362.109853, 4
1348362.130318, 4
1348362.150810, 4
1348362.171284, 4
1348362.191905, 4
1348362.212370, 4
1348362.232831, 4
1348362.253291, 4
1348362.273752, 4
1348362.294212, 4
1348362.314671, 4
1348362.335131, 4
1348362.355591, 4
1348362.376007, 4
1348362.396467, 4
1348362.416927, 4
1348362.437387, 4
1348362.457847, 4
1348362.478308, 4
1348362.498769, 4
1348362.519230, 4
1348362.539693, 4
1348362.560153, 4
1348362.580613, 4
1348362.601075, 4
1348362.621535, 4
1348362.641994, 4
1348362.662638, 4
1348362.683100, 4
1348362.703559, 4
1348362.724007, 4
1348362.744467, 4
1348362.764927, 4
1348362.785386, 4
1348362.805847, 4
1348362.826306, 4
1348362.846768, 4
1348362.867227, 4
1348362.887689, 4
1348362.908151, 4
1348362.928610, 4
1348362.949070, 4
1348362.969529, 4
1348362.989989, 4
1348363.010450, 4
1348363.030910, 4
1348363.051370, 4
1348363.071831, 4
1348363.092294, 4
1348363.112754, 4
1348363.133401, 4
1348363.153865, 4
1348363.174358, 4
1348363.194831, 4
1348363.215297, 4
1348363.235760, 4
1348363.256223, 4
1348363.276683, 4
1348363.297144, 4
1348363.317604, 4
1348363.338064, 4
1348363.358524, 4
1348363.378984, 4
1348363.399445, 4
1348363.419907, 4
1348363.440368, 4
1348363.460828, 4
1348363.481294, 4
1348363.501782, 4
1348363.522269, 4
1348363.542978, 4
1348363.563440, 4
1348363.583901, 4
1348363.604366, 4
1348363.624827, 4
1348363.645287, 4
1348363.665747, 4
1348363.686207, 4
1348363.706667, 4
1348363.727127, 4
1348363.747586, 4
1348363.768007, 4
1348363.788467, 4
1348363.808927, 4
1348363.829387, 4
1348363.849846, 4
1348363.870306, 4
1348363.890768, 4
1348363.911228, 4
1348363.931688, 4
1348363.952150, 4
1348363.972610, 4
1348363.993070, 4
1348364.013713, 4
1348364.034214, 4
1348364.054683, 4
1348364.075144, 4
1348364.095605, 4
1348364.116070, 4
1348364.136530, 4
1348364.156990, 4
1348364.177453, 4
1348364.197943, 4
1348364.218418, 4
1348364.238882, 4
1348364.259343, 4
1348364.279804, 4
1348364.300281, 4
1348364.320741, 4
1348364.341202, 4
1348364.361666, 4
1348364.382129, 4
1348364.402591, 4
1348364.423250, 4
1348364.443710, 4
1348364.464176, 4
1348364.484637, 4
1348364.505098, 4
1348364.525558, 4
1348364.546018, 4
1348364.566479, 4
1348364.586939, 4
1348364.607398, 4
1348364.627870, 4
1348364.648332, 4
1348364.668793, 4
1348364.689252, 4
1348364.709712, 4
1348364.730170, 4
1348364.750630, 4
1348364.771093, 4
1348364.791552, 4
1348364.812006, 4
1348364.832467, 4
1348364.852928, 4
1348364.873387, 4
1348364.894059, 4
1348364.914519, 4
1348364.934978, 4
1348364.955438, 4
1348364.975897, 4
1348364.996360, 4
1348365.016820, 4
1348365.037280, 4
1348365.057739, 4
1348365.078199, 4
1348365.098659, 4
1348365.119118, 4
1348365.139578, 4
1348365.160007, 4
1348365.180466, 4
1348365.200930, 4
1348365.221419, 4
1348365.241898, 4
1348365.262362, 4
1348365.282823, 4
1348365.303290, 4
1348365.323750, 4
1348365.344212, 4
1348365.364896, 4
1348365.385356, 4
1348365.405816, 4
1348365.426276, 4
1348365.446736, 4
1348365.467195, 4
1348365.487655, 4
1348365.508116, 4
1348365.528576, 4
1348365.549036, 4
1348365.569496, 4
1348365.589956, 4
1348365.610416, 4
1348365.630876, 4
1348365.651393, 4
1348365.671853, 4
1348365.692314, 4
1348365.712775, 4
1348365.733235, 4
1348365.753694, 4
1348365.774155, 4
1348365.794616, 4
1348365.815075, 4
1348365.835713, 4
1348365.856180, 4
1348365.876640, 4
1348365.897100, 4
1348365.917560, 4
1348365.938020, 4
1348365.958479, 4
1348365.978938, 4
1348365.999397, 4
1348366.019856, 4
1348366.040317, 4
1348366.060776, 4
1348366.081236, 4
1348366.101695, 4
1348366.122154, 4
1348366.142613, 4
1348366.163072, 4
1348366.183540, 4
1348366.204014, 4
1348366.224499, 4
1348366.244995, 4
1348366.265468, 4
1348366.285932, 4
1348366.306556, 4
1348366.327017, 4
1348366.347478, 4
1348366.367938, 4
1348366.388405, 4
1348366.408866, 4
1348366.429327, 4
1348366.449793, 4
1348366.470285, 4
1348366.490775, 4
1348366.511241, 4
1348366.531705, 4
1348366.552166, 4
1348366.572627, 4
1348366.593088, 4
1348366.613555, 4
1348366.634017, 4
1348366.654480, 4
1348366.674940, 4
1348366.695407, 4
1348366.715881, 4
1348366.736395, 4
1348366.756866, 4
1348366.777484, 4
1348366.797944, 4
1348366.818405, 4
1348366.838865, 4
1348366.859325, 4
1348366.879785, 4
1348366.900247, 4
1348366.920710, 4
1348366.941195, 4
1348366.961678, 4
1348366.982162, 4
1348367.002634, 4
1348367.023096, 4
1348367.043558, 4
1348367.064007, 4
1348367.084467, 4
1348367.104937, 4
1348367.125410, 4
1348367.145870, 4
1348367.166332, 4
1348367.186806, 4
1348367.207287, 4
1348367.227787, 4
1348367.248450, 4
1348367.268942, 4
1348367.289409, 4
1348367.309878, 4
1348367.330341, 4
1348367.350807, 4
1348367.371268, 4
1348367.391728, 4
1348367.412197, 4
1348367.432662, 4
1348367.453142, 4
1348367.473638, 4
1348367.494109, 4
1348367.514576, 4
1348367.535041, 4
1348367.555502, 4
1348367.575963, 4
1348367.596426, 4
1348367.616889, 4
1348367.637354, 4
1348367.658049, 4
1348367.678516, 4
1348367.699003, 4
1348367.719483, 4
1348367.739947, 4
1348367.760411, 4
1348367.780873, 4
1348367.801334, 4
1348367.821799, 4
1348367.842259, 4
1348367.862720, 4
1348367.883180, 4
1348367.903639, 4
1348367.924107, 4
1348367.944610, 4
1348367.965104, 4
1348367.985571, 4
1348368.006044, 4
1348368.026527, 4
1348368.046997, 4
1348368.067625, 4
1348368.088087, 4
1348368.108548, 4
1348368.129009, 4
1348368.149469, 4
1348368.169934, 4
1348368.190432, 4
1348368.210933, 4
1348368.231407, 4
1348368.251871, 4
1348368.272339, 4
1348368.292828, 4
1348368.313302, 4
1348368.333767, 4
1348368.354238, 4
1348368.374699, 4
1348368.395162, 4
1348368.415629, 4
1348368.436128, 4
1348368.456613, 4
1348368.477208, 4
1348368.497675, 4
1348368.518167, 4
1348368.538640, 4
1348368.559104, 4
1348368.579566, 4
1348368.600006, 4
1348368.620467, 4
1348368.640928, 4
1348368.661396, 4
1348368.681883, 4
1348368.702393, 4
1348368.722864, 4
1348368.743328, 4
1348368.763791, 4
1348368.784253, 4
1348368.804714, 4
1348368.825183, 4
1348368.845644, 4
1348368.866104, 4
1348368.886785, 4
1348368.907249, 4
1348368.927723, 4
1348368.948225, 4
1348368.968694, 4
1348368.989156, 4
1348369.009621, 4
1348369.030115, 4
1348369.050583, 4
1348369.071047, 4
1348369.091508, 4
1348369.111968, 4
1348369.132429, 4
1348369.152893, 4
1348369.173398, 4
1348369.193900, 4
1348369.214372, 4
1348369.234837, 4
1348369.255298, 4
1348369.275758, 4
1348369.296371, 4
1348369.316860, 4
1348369.337334, 4
1348369.357799, 4
1348369.378260, 4
1348369.398726, 4
1348369.419207, 4
1348369.439694, 4
1348369.460163, 4
1348369.480624, 4
1348369.501085, 4
1348369.521547, 4
1348369.542007, 4
1348369.562467, 4
1348369.582928, 4
1348369.603388, 4
1348369.623848, 4
1348369.644315, 4
1348369.664791, 4
1348369.685262, 4
1348369.705934, 4
1348369.726396, 4
1348369.746857, 4
1348369.767317, 4
1348369.787779, 4
1348369.808242, 4
1348369.828702, 4
1348369.849167, 4
1348369.869628, 4
1348369.890092, 4
1348369.910570, 4
1348369.931057, 4
1348369.951543, 4
1348369.972008, 4
1348369.992475, 4
1348370.012937, 4
1348370.033398, 4
1348370.053862, 4
1348370.074323, 4
1348370.094782, 4
1348370.115498, 4
1348370.135963, 4
1348370.156447, 4
1348370.176947, 4
1348370.197414, 4
1348370.217876, 4
1348370.238336, 4
1348370.258797, 4
1348370.279260, 4
1348370.299721, 4
1348370.320195, 4
1348370.340686, 4
1348370.361161, 4
1348370.381633, 4
1348370.402137, 4
1348370.422637, 4
1348370.443109, 4
1348370.463862, 4
1348370.484328, 4
1348370.504790, 4
1348370.525250, 4
1348370.545711, 4
1348370.566170, 4
1348370.586633, 4
1348370.607093, 4
1348370.627557, 4
1348370.648014, 4
1348370.668491, 4
1348370.688960, 4
1348370.709425, 4
1348370.729887, 4
1348370.750352, 4
1348370.770814, 4
1348370.791278, 4
1348370.811743, 4
1348370.832204, 4
1348370.852664, 4
1348370.873130, 4
1348370.893615, 4
1348370.914099, 4
1348370.934657, 4
1348370.955155, 4
1348370.975624, 4
1348370.996092, 4
1348371.016553, 4
1348371.037013, 4
1348371.057473, 4
1348371.077934, 4
1348371.098398, 4
1348371.118864, 4
1348371.139340, 4
1348371.159818, 4
1348371.180287, 4
1348371.200752, 4
1348371.221217, 4
1348371.241678, 4
1348371.262139, 4
1348371.282608, 4
1348371.303072, 4
1348371.323532, 4
1348371.344216, 4
1348371.364707, 4
1348371.385215, 4
1348371.405711, 4
1348371.426214, 4
1348371.446710, 4
1348371.467207, 4
1348371.487703, 4
1348371.508212, 4
1348371.528709, 4
1348371.549210, 4
1348371.569710, 4
1348371.590181, 4
1348371.610651, 4
1348371.631394, 4
1348371.651857, 4
1348371.672320, 4
1348371.692786, 4
1348371.713263, 4
1348371.733728, 4
1348371.754192, 4
1348371.774657, 4
1348371.795118, 4
1348371.815579, 4
1348371.836005, 4
1348371.856468, 4
1348371.876931, 4
1348371.897392, 4
1348371.917853, 4
1348371.938316, 4
1348371.958776, 4
1348371.979239, 4
1348371.999699, 4
1348372.020162, 4
1348372.040625, 4
1348372.061087, 4
1348372.081547, 4
1348372.102170, 4
1348372.122631, 4
1348372.143091, 4
1348372.163551, 4
1348372.198910, 4
1348372.219380, 4
1348372.239842, 4
1348372.260302, 4
1348372.281055, 4
1348372.301518, 4
1348372.321979, 4
1348372.342439, 4
1348372.362903, 4
1348372.383397, 4
1348372.403876, 4
1348372.424362, 4
1348372.444828, 4
1348372.465290, 4
1348372.485751, 4
1348372.506216, 4
1348372.526678, 4
1348372.547138, 4
1348372.567601, 4
1348372.588066, 4
1348372.608525, 4
1348372.629041, 4
1348372.649512, 4
1348372.669978, 4
1348372.690589, 4
1348372.711051, 4
1348372.731512, 4
1348372.751973, 4
1348372.772443, 4
1348372.792906, 4
1348372.813368, 4
1348372.833833, 4
1348372.854332, 4
1348372.874814, 4
1348372.895279, 4
1348372.915747, 4
1348372.936255, 4
1348372.956750, 4
1348372.977221, 4
1348372.997684, 4
1348373.018145, 4
1348373.038611, 4
1348373.059074, 4
1348373.079543, 4
1348373.100191, 4
1348373.120671, 4
1348373.141141, 4
1348373.161605, 4
1348373.182069, 4
1348373.202529, 4
1348373.222991, 4
1348373.243453, 4
1348373.263914, 4
1348373.284378, 4
1348373.304840, 4
1348373.325304, 4
1348373.345781, 4
1348373.366271, 4
1348373.386746, 4
1348373.407233, 4
1348373.427701, 4
1348373.448168, 4
1348373.468632, 4
1348373.489101, 4
1348373.509756, 4
1348373.530251, 4
1348373.550720, 4
1348373.571188, 4
1348373.591665, 4
1348373.612146, 4
1348373.632614, 4
1348373.653075, 4
1348373.673536, 4
1348373.694001, 4
1348373.714467, 4
1348373.734975, 4
1348373.755443, 4
1348373.775905, 4
1348373.796410, 4
1348373.816888, 4
1348373.837352, 4
1348373.858044, 4
1348373.878508, 4
1348373.898969, 4
1348373.919428, 4
1348373.939889, 4
1348373.960355, 4
1348373.980816, 4
1348374.001278, 4
1348374.021738, 4
1348374.042200, 4
1348374.062660, 4
1348374.083119, 4
1348374.103580, 4
1348374.124005, 4
1348374.144465, 4
1348374.164925, 4
1348374.185390, 4
1348374.205853, 4
1348374.226314, 4
1348374.246773, 4
1348374.267233, 4
1348374.287694, 4
1348374.308155, 4
1348374.328775, 4
1348374.349236, 4
1348374.369699, 4
1348374.390163, 4
1348374.410625, 4
1348374.431117, 4
1348374.451608, 4
1348374.472089, 4
1348374.492557, 4
1348374.513019, 4
1348374.533482, 4
1348374.553946, 4
1348374.574407, 4
1348374.594867, 4
1348374.615330, 4
1348374.635792, 4
1348374.656255, 4
1348374.676766, 4
1348374.697241, 4
1348374.717708, 4
1348374.738333, 4
1348374.758794, 4
1348374.779256, 4
1348374.799722, 4
1348374.820217, 4
1348374.840689, 4
1348374.861152, 4
1348374.881612, 4
1348374.902073, 4
1348374.922537, 4
1348374.943019, 4
1348374.963485, 4
1348374.983949, 4
1348375.004411, 4
1348375.024875, 4
1348375.045341, 4
1348375.065826, 4
1348375.086296, 4
1348375.106760, 4
1348375.127221, 4
1348375.147891, 4
1348375.168364, 4
1348375.188825, 4
1348375.209285, 4
1348375.229746, 4
1348375.250206, 4
1348375.270668, 4
1348375.291131, 4
1348375.311619, 4
1348375.332086, 4
1348375.352552, 4
1348375.373017, 4
1348375.393477, 4
1348375.413937, 4
1348375.434403, 4
1348375.454896, 4
1348375.475365, 4
1348375.495831, 4
1348375.516294, 4
1348375.536759, 4
1348375.557473, 4
1348375.577942, 4
1348375.598404, 4
1348375.618866, 4
1348375.639326, 4
1348375.659786, 4
1348375.680251, 4
1348375.700712, 4
1348375.721173, 4
1348375.741634, 4
1348375.762093, 4
1348375.782561, 4
1348375.803051, 4
1348375.823518, 4
1348375.843987, 4
1348375.864450, 4
1348375.884918, 4
1348375.905382, 4
1348375.925847, 4
1348375.946345, 4
1348375.967016, 4
1348375.987483, 4
1348376.007951, 4
1348376.028433, 4
1348376.048915, 4
1348376.069381, 4
1348376.089847, 4
1348376.110308, 4
1348376.130770, 4
1348376.151230, 4
1348376.171692, 4
1348376.192156, 4
1348376.212618, 4
1348376.233079, 4
1348376.253542, 4
1348376.274007, 4
1348376.294489, 4
1348376.314959, 4
1348376.335425, 4
1348376.355889, 4
1348376.376556, 4
1348376.397021, 4
1348376.417482, 4
1348376.437943, 4
1348376.458409, 4
1348376.478897, 4
1348376.499365, 4
1348376.519837, 4
1348376.540340, 4
1348376.560814, 4
1348376.581281, 4
1348376.601743, 4
1348376.622206, 4
1348376.642666, 4
1348376.663133, 4
1348376.683594, 4
1348376.704007, 4
1348376.724474, 4
1348376.744934, 4
1348376.765398, 4
1348376.786153, 4
1348376.806622, 4
1348376.827090, 4
1348376.847552, 4
1348376.868006, 4
1348376.888469, 4
1348376.908935, 4
1348376.929408, 4
1348376.949897, 4
1348376.970362, 4
1348376.990826, 4
1348377.011290, 4
1348377.031781, 4
1348377.052255, 4
1348377.072731, 4
1348377.093195, 4
1348377.113656, 4
1348377.134120, 4
1348377.154582, 4
1348377.175045, 4
1348377.206226, 4
1348377.226687, 4
1348377.247155, 4
1348377.267648, 4
1348377.288150, 4
1348377.308739, 4
1348377.329202, 4
1348377.349672, 4
1348377.370134, 4
1348377.390595, 4
1348377.411055, 4
1348377.431516, 4
1348377.451979, 4
1348377.472442, 4
1348377.492909, 4
1348377.513415, 4
1348377.533914, 4
1348377.554384, 4
1348377.574846, 4
1348377.595311, 4
1348377.615772, 4
1348377.636235, 4
1348377.656700, 4
1348377.677163, 4
1348377.697623, 4
1348377.718328, 4
1348377.738792, 4
1348377.759272, 4
1348377.779752, 4
1348377.800225, 4
1348377.820689, 4
1348377.841150, 4
1348377.861614, 4
1348377.882077, 4
1348377.902537, 4
1348377.923001, 4
1348377.943499, 4
1348377.963970, 4
1348377.984437, 4
1348378.004916, 4
1348378.025388, 4
1348378.045869, 4
1348378.066336, 4
1348378.086797, 4
1348378.107258, 4
1348378.127940, 4
1348378.148402, 4
1348378.168866, 4
1348378.189326, 4
1348378.209787, 4
1348378.230252, 4
1348378.250725, 4
1348378.271199, 4
1348378.291662, 4
1348378.312124, 4
1348378.332585, 4
1348378.353045, 4
1348378.373508, 4
1348378.393968, 4
1348378.414437, 4
1348378.434898, 4
1348378.455358, 4
1348378.475832, 4
1348378.496320, 4
1348378.516836, 4
1348378.537557, 4
1348378.558033, 4
1348378.578499, 4
1348378.598966, 4
1348378.619430, 4
1348378.639893, 4
1348378.660360, 4
1348378.680822, 4
1348378.701288, 4
1348378.721755, 4
1348378.742247, 4
1348378.762749, 4
1348378.783222, 4
1348378.803691, 4
1348378.824159, 4
1348378.844623, 4
1348378.865091, 4
1348378.885561, 4
1348378.906031, 4
1348378.926499, 4
1348378.947134, 4
1348378.967611, 4
1348378.988091, 4
1348379.008570, 4
1348379.029035, 4
1348379.049499, 4
1348379.069961, 4
1348379.090424, 4
1348379.110889, 4
1348379.131352, 4
1348379.151814, 4
1348379.172281, 4
1348379.192742, 4
1348379.213211, 4
1348379.233697, 4
1348379.254179, 4
1348379.274648, 4
1348379.295113, 4
1348379.315579, 4
1348379.336007, 4
1348379.356711, 4
1348379.377173, 4
1348379.397635, 4
1348379.418099, 4
1348379.438561, 4
1348379.459028, 4
1348379.479530, 4
1348379.500009, 4
1348379.520478, 4
1348379.540951, 4
1348379.561428, 4
1348379.581896, 4
1348379.602360, 4
1348379.622824, 4
1348379.643296, 4
1348379.663756, 4
1348379.684217, 4
1348379.704683, 4
1348379.725171, 4
1348379.745671, 4
1348379.766274, 4
1348379.786736, 4
1348379.807198, 4
1348379.827660, 4
1348379.848124, 4
1348379.868585, 4
1348379.889045, 4
1348379.909510, 4
1348379.929993, 4
1348379.950479, 4
1348379.970981, 4
1348379.991481, 4
1348380.011954, 4
1348380.032440, 4
1348380.052912, 4
1348380.073375, 4
1348380.093836, 4
1348380.114298, 4
1348380.134759, 4
1348380.155223, 4
1348380.175827, 4
1348380.196293, 4
1348380.216776, 4
1348380.237253, 4
1348380.257719, 4
1348380.278181, 4
1348380.298642, 4
1348380.319102, 4
1348380.339561, 4
1348380.360006, 4
1348380.380467, 4
1348380.400928, 4
1348380.421389, 4
1348380.441855, 4
1348380.462342, 4
1348380.482834, 4
1348380.503304, 4
1348380.523777, 4
1348380.544241, 4
1348380.564713, 4
1348380.585419, 4
1348380.605887, 4
1348380.626351, 4
1348380.646813, 4
1348380.667276, 4
1348380.687742, 4
1348380.708231, 4
1348380.728703, 4
1348380.749166, 4
1348380.769631, 4
1348380.790093, 4
1348380.810554, 4
1348380.831014, 4
1348380.851474, 4
1348380.871938, 4
1348380.892399, 4
1348380.912866, 4
1348380.933345, 4
1348380.953832, 4
1348380.974301, 4
1348380.994968, 4
1348381.015429, 4
1348381.035889, 4
1348381.056356, 4
1348381.076818, 4
1348381.097278, 4
1348381.117738, 4
1348381.138198, 4
1348381.158658, 4
1348381.179123, 4
1348381.199608, 4
1348381.220103, 4
1348381.240574, 4
1348381.261037, 4
1348381.281503, 4
1348381.301970, 4
1348381.322432, 4
1348381.342907, 4
1348381.363402, 4
1348381.383871, 4
1348381.404598, 4
1348381.425065, 4
1348381.445560, 4
1348381.466029, 4
1348381.486492, 4
1348381.506956, 4
1348381.527418, 4
1348381.547881, 4
1348381.568349, 4
1348381.588812, 4
1348381.609275, 4
1348381.629738, 4
1348381.650198, 4
1348381.670663, 4
1348381.691149, 4
1348381.711619, 4
1348381.732085, 4
1348381.752550, 4
1348381.773012, 4
1348381.793473, 4
1348381.814215, 4
1348381.834676, 4
1348381.855138, 4
1348381.875600, 4
1348381.896067, 4
1348381.916533, 4
1348381.937029, 4
1348381.957498, 4
1348381.977963, 4
1348381.998426, 4
1348382.018893, 4
1348382.039356, 4
1348382.059817, 4
1348382.080282, 4
1348382.100747, 4
1348382.121210, 4
1348382.141672, 4
1348382.162139, 4
1348382.207511, 4
1348382.227984, 4
1348382.248447, 4
1348382.268910, 4
1348382.289374, 4
1348382.309836, 4
1348382.330300, 4
1348382.350914, 4
1348382.371381, 4
1348382.391847, 4
1348382.412313, 4
1348382.432804, 4
1348382.453315, 4
1348382.473808, 4
1348382.494275, 4
1348382.514739, 4
1348382.535205, 4
1348382.555667, 4
1348382.576130, 4
1348382.596598, 4
1348382.617093, 4
1348382.637565, 4
1348382.658032, 4
1348382.678524, 4
1348382.698995, 4
1348382.719458, 4
1348382.739938, 4
1348382.760531, 4
1348382.780992, 4
1348382.801454, 4
1348382.821914, 4
1348382.842376, 4
1348382.862840, 4
1348382.883302, 4
1348382.903767, 4
1348382.924273, 4
1348382.944759, 4
1348382.965231, 4
1348382.985693, 4
1348383.006158, 4
1348383.026620, 4
1348383.047085, 4
1348383.067550, 4
1348383.088007, 4
1348383.108473, 4
1348383.128934, 4
1348383.149398, 4
1348383.170162, 4
1348383.190631, 4
1348383.211097, 4
1348383.231560, 4
1348383.252007, 4
1348383.272471, 4
1348383.292933, 4
1348383.313394, 4
1348383.333855, 4
1348383.354317, 4
1348383.374780, 4
1348383.395246, 4
1348383.415737, 4
1348383.436208, 4
1348383.456677, 4
1348383.477142, 4
1348383.497609, 4
1348383.518102, 4
1348383.538598, 4
1348383.559069, 4
1348383.579729, 4
1348383.600197, 4
1348383.620666, 4
1348383.641170, 4
1348383.661662, 4
1348383.682132, 4
1348383.702596, 4
1348383.723061, 4
1348383.743523, 4
1348383.763986, 4
1348383.784452, 4
1348383.804913, 4
1348383.825374, 4
1348383.845836, 4
1348383.866301, 4
1348383.886769, 4
1348383.907266, 4
1348383.927739, 4
1348383.948251, 4
1348383.968726, 4
1348383.989344, 4
1348384.009811, 4
1348384.030292, 4
1348384.050756, 4
1348384.071219, 4
1348384.091681, 4
1348384.112146, 4
1348384.132611, 4
1348384.153106, 4
1348384.173573, 4
1348384.194038, 4
1348384.214503, 4
1348384.234964, 4
1348384.255426, 4
1348384.275891, 4
1348384.296358, 4
1348384.316824, 4
1348384.337291, 4
1348384.357752, 4
1348384.378219, 4
1348384.398963, 4
1348384.419434, 4
1348384.439898, 4
1348384.460367, 4
1348384.480829, 4
1348384.501346, 4
1348384.521810, 4
1348384.542272, 4
1348384.562734, 4
1348384.583194, 4
1348384.603657, 4
1348384.624164, 4
1348384.644664, 4
1348384.665170, 4
1348384.685645, 4
1348384.706110, 4
1348384.726579, 4
1348384.747309, 4
1348384.767771, 4
1348384.788235, 4
1348384.808697, 4
1348384.829162, 4
1348384.849630, 4
1348384.870106, 4
1348384.890608, 4
1348384.911083, 4
1348384.931562, 4
1348384.952009, 4
1348384.972480, 4
1348384.992943, 4
1348385.013407, 4
1348385.033875, 4
1348385.054340, 4
1348385.074803, 4
1348385.095279, 4
1348385.115750, 4
1348385.136230, 4
1348385.156885, 4
1348385.177349, 4
1348385.197812, 4
1348385.218274, 4
1348385.238737, 4
1348385.259199, 4
1348385.279661, 4
1348385.300125, 4
1348385.320586, 4
1348385.341055, 4
1348385.361543, 4
1348385.382019, 4
1348385.402488, 4
1348385.422954, 4
1348385.443419, 4
1348385.463884, 4
1348385.484354, 4
1348385.504818, 4
1348385.525279, 4
1348385.545740, 4
1348385.566448, 4
1348385.586914, 4
1348385.607384, 4
1348385.627859, 4
1348385.648327, 4
1348385.668799, 4
1348385.689286, 4
1348385.709752, 4
1348385.730216, 4
1348385.750679, 4
1348385.771144, 4
1348385.791609, 4
1348385.812091, 4
1348385.832561, 4
1348385.853070, 4
1348385.873573, 4
1348385.894044, 4
1348385.914520, 4
1348385.935000, 4
1348385.955476, 4
1348385.976006, 4
1348385.996468, 4
1348386.016934, 4
1348386.037397, 4
1348386.057859, 4
1348386.078327, 4
1348386.098814, 4
1348386.119299, 4
1348386.139764, 4
1348386.160232, 4
1348386.180695, 4
1348386.201158, 4
1348386.221623, 4
1348386.242086, 4
1348386.262551, 4
1348386.283014, 4
1348386.303477, 4
1348386.323947, 4
1348386.344428, 4
1348386.364910, 4
1348386.385583, 4
1348386.406046, 4
1348386.426512, 4
1348386.446977, 4
1348386.467440, 4
1348386.487901, 4
1348386.508367, 4
1348386.528832, 4
1348386.549294, 4
1348386.569762, 4
1348386.590263, 4
1348386.610752, 4
1348386.631222, 4
1348386.651691, 4
1348386.672167, 4
1348386.692634, 4
1348386.713138, 4
1348386.733611, 4
1348386.754080, 4
1348386.774544, 4
1348386.795141, 4
1348386.815610, 4
1348386.836098, 4
1348386.856584, 4
1348386.877052, 4
1348386.897515, 4
1348386.917982, 4
1348386.938465, 4
1348386.958943, 4
1348386.979412, 4
1348386.999875, 4
1348387.020345, 4
1348387.040808, 4
1348387.061279, 4
1348387.081764, 4
1348387.102249, 4
1348387.122716, 4
1348387.143182, 4
1348387.163647, 4
1348387.211969, 4
1348387.232436, 4
1348387.252898, 4
1348387.273364, 4
1348387.293828, 4
1348387.314294, 4
1348387.334792, 4
1348387.355371, 4
1348387.375838, 4
1348387.396302, 4
1348387.416783, 4
1348387.437247, 4
1348387.457708, 4
1348387.478172, 4
1348387.498633, 4
1348387.519095, 4
1348387.539555, 4
1348387.560008, 4
1348387.580489, 4
1348387.600954, 4
1348387.621419, 4
1348387.641884, 4
1348387.662346, 4
1348387.682811, 4
1348387.703275, 4
1348387.723740, 4
1348387.744234, 4
1348387.764941, 4
1348387.785412, 4
1348387.805880, 4
1348387.826379, 4
1348387.846853, 4
1348387.867320, 4
1348387.887786, 4
1348387.908252, 4
1348387.928717, 4
1348387.949207, 4
1348387.969673, 4
1348387.990139, 4
1348388.010605, 4
1348388.031089, 4
1348388.051565, 4
1348388.072008, 4
1348388.092478, 4
1348388.112944, 4
1348388.133411, 4
1348388.153872, 4
1348388.174487, 4
1348388.194950, 4
1348388.215411, 4
1348388.235873, 4
1348388.256343, 4
1348388.276804, 4
1348388.297273, 4
1348388.317770, 4
1348388.338239, 4
1348388.358703, 4
1348388.379170, 4
1348388.399633, 4
1348388.420100, 4
1348388.440563, 4
1348388.461027, 4
1348388.481489, 4
1348388.501955, 4
1348388.522455, 4
1348388.542931, 4
1348388.563422, 4
1348388.584008, 4
1348388.604471, 4
1348388.624937, 4
1348388.645400, 4
1348388.665860, 4
1348388.686323, 4
1348388.706789, 4
1348388.727269, 4
1348388.747738, 4
1348388.768227, 4
1348388.788725, 4
1348388.809227, 4
1348388.829726, 4
1348388.850219, 4
1348388.870718, 4
1348388.891185, 4
1348388.911652, 4
1348388.932441, 4
1348388.952934, 4
1348388.973401, 4
1348388.993864, 4
1348389.014325, 4
1348389.034793, 4
1348389.055285, 4
1348389.075753, 4
1348389.096218, 4
1348389.116678, 4
1348389.137141, 4
1348389.157604, 4
1348389.178065, 4
1348389.198524, 4
1348389.218989, 4
1348389.239452, 4
1348389.259913, 4
1348389.280388, 4
1348389.300881, 4
1348389.321348, 4
1348389.342004, 4
1348389.362465, 4
1348389.382926, 4
1348389.403386, 4
1348389.423845, 4
1348389.444309, 4
1348389.464770, 4
1348389.485229, 4
1348389.505689, 4
1348389.526153, 4
1348389.546633, 4
1348389.567096, 4
1348389.587558, 4
1348389.608007, 4
1348389.628478, 4
1348389.648940, 4
1348389.669400, 4
1348389.689863, 4
1348389.710322, 4
1348389.730782, 4
1348389.751244, 4
1348389.771711, 4
1348389.792221, 4
1348389.812791, 4
1348389.833258, 4
1348389.853720, 4
1348389.874185, 4
1348389.894646, 4
1348389.915111, 4
1348389.935605, 4
1348389.956105, 4
1348389.976575, 4
1348389.997038, 4
1348390.017503, 4
1348390.037999, 4
1348390.058466, 4
1348390.078931, 4
1348390.099396, 4
1348390.119857, 4
1348390.140318, 4
1348390.160780, 4
1348390.181244, 4
1348390.201707, 4
1348390.222372, 4
1348390.242833, 4
1348390.263295, 4
1348390.283779, 4
1348390.304247, 4
1348390.324714, 4
1348390.345178, 4
1348390.365642, 4
1348390.386106, 4
1348390.406568, 4
1348390.427030, 4
1348390.447490, 4
1348390.467951, 4
1348390.488415, 4
1348390.508881, 4
1348390.529373, 4
1348390.549841, 4
1348390.570315, 4
1348390.590781, 4
1348390.611243, 4
1348390.631713, 4
1348390.652182, 4
1348390.672642, 4
1348390.693335, 4
1348390.713796, 4
1348390.734256, 4
1348390.754720, 4
1348390.775214, 4
1348390.795684, 4
1348390.816182, 4
1348390.836681, 4
1348390.857153, 4
1348390.877624, 4
1348390.898093, 4
1348390.918560, 4
1348390.939061, 4
1348390.959529, 4
1348390.979998, 4
1348391.000475, 4
1348391.020940, 4
1348391.041404, 4
1348391.061865, 4
1348391.082326, 4
1348391.102922, 4
1348391.123382, 4
1348391.143843, 4
1348391.164305, 4
1348391.184765, 4
1348391.205227, 4
1348391.225687, 4
1348391.246147, 4
1348391.266608, 4
1348391.287069, 4
1348391.307529, 4
1348391.327990, 4
1348391.348462, 4
1348391.368922, 4
1348391.389381, 4
1348391.409841, 4
1348391.430300, 4
1348391.450762, 4
1348391.471222, 4
1348391.491682, 4
1348391.512145, 4
1348391.532605, 4
1348391.553064, 4
1348391.573740, 4
1348391.594200, 4
1348391.614660, 4
1348391.635124, 4
1348391.655585, 4
1348391.676006, 4
1348391.696466, 4
1348391.716926, 4
1348391.737388, 4
1348391.757848, 4
1348391.778308, 4
1348391.798768, 4
1348391.819230, 4
1348391.839724, 4
1348391.860229, 4
1348391.880701, 4
1348391.901163, 4
1348391.921626, 4
1348391.942087, 4
1348391.962547, 4
1348391.983008, 4
1348392.003469, 4
1348392.023934, 4
1348392.044558, 4
1348392.065023, 4
1348392.085503, 4
1348392.105967, 4
1348392.126427, 4
1348392.146887, 4
1348392.167349, 4
1348392.216465, 4
1348392.236929, 4
1348392.257389, 4
1348392.277850, 4
1348392.298310, 4
1348392.318769, 4
1348392.339230, 4
1348392.359942, 4
1348392.380404, 4
1348392.400866, 4
1348392.421324, 4
1348392.441785, 4
1348392.462245, 4
1348392.482705, 4
1348392.503174, 4
1348392.523634, 4
1348392.544094, 4
1348392.564553, 4
1348392.585012, 4
1348392.605472, 4
1348392.625931, 4
1348392.646391, 4
1348392.666849, 4
1348392.687310, 4
1348392.707776, 4
1348392.728238, 4
1348392.748696, 4
1348392.769157, 4
1348392.789617, 4
1348392.810076, 4
1348392.830738, 4
1348392.851200, 4
1348392.871688, 4
1348392.892154, 4
1348392.912617, 4
1348392.933078, 4
1348392.953537, 4
1348392.973998, 4
1348392.994457, 4
1348393.014917, 4
1348393.035377, 4
1348393.055837, 4
1348393.076297, 4
1348393.096758, 4
1348393.117218, 4
1348393.137677, 4
1348393.158137, 4
1348393.178598, 4
1348393.199058, 4
1348393.219517, 4
1348393.239979, 4
1348393.260440, 4
1348393.280905, 4
1348393.301520, 4
1348393.321981, 4
1348393.342442, 4
1348393.362903, 4
1348393.383362, 4
1348393.403823, 4
1348393.424284, 4
1348393.444743, 4
1348393.465203, 4
1348393.485663, 4
1348393.506122, 4
1348393.526581, 4
1348393.547040, 4
1348393.567499, 4
1348393.587957, 4
1348393.608417, 4
1348393.628877, 4
1348393.649339, 4
1348393.669799, 4
1348393.690258, 4
1348393.710719, 4
1348393.731178, 4
1348393.751638, 4
1348393.772292, 4
1348393.792753, 4
1348393.813214, 4
1348393.833674, 4
1348393.854136, 4
1348393.874601, 4
1348393.895095, 4
1348393.915566, 4
1348393.936007, 4
1348393.956469, 4
1348393.976932, 4
1348393.997393, 4
1348394.017856, 4
1348394.038317, 4
1348394.058780, 4
1348394.079242, 4
1348394.099703, 4
1348394.120168, 4
1348394.140629, 4
1348394.161090, 4
1348394.181551, 4
1348394.202013, 4
1348394.222474, 4
1348394.243055, 4
1348394.263519, 4
1348394.283980, 4
1348394.304443, 4
1348394.324903, 4
1348394.345365, 4
1348394.365826, 4
1348394.386290, 4
1348394.406750, 4
1348394.427210, 4
1348394.447670, 4
1348394.468135, 4
1348394.488595, 4
1348394.509057, 4
1348394.529518, 4
1348394.549978, 4
1348394.570441, 4
1348394.590903, 4
1348394.611363, 4
1348394.631823, 4
1348394.652286, 4
1348394.672748, 4
1348394.693208, 4
1348394.713842, 4
1348394.734303, 4
1348394.754764, 4
1348394.775226, 4
1348394.795686, 4
1348394.816146, 4
1348394.836606, 4
1348394.857065, 4
1348394.877529, 4
1348394.897991, 4
1348394.918494, 4
1348394.938965, 4
1348394.959430, 4
1348394.979893, 4
1348395.000363, 4
1348395.020824, 4
1348395.041285, 4
1348395.061748, 4
1348395.082211, 4
1348395.102672, 4
1348395.123134, 4
1348395.143594, 4
1348395.164061, 4
1348395.184641, 4
1348395.205101, 4
1348395.225561, 4
1348395.246022, 4
1348395.266482, 4
1348395.286944, 4
1348395.307407, 4
1348395.327868, 4
1348395.348329, 4
1348395.368790, 4
1348395.389250, 4
1348395.409715, 4
1348395.430177, 4
1348395.450638, 4
1348395.471097, 4
1348395.491558, 4
1348395.512006, 4
1348395.532473, 4
1348395.552933, 4
1348395.573393, 4
1348395.593854, 4
1348395.614316, 4
1348395.634777, 4
1348395.655432, 4
1348395.675892, 4
1348395.696359, 4
1348395.716822, 4
1348395.737282, 4
1348395.757741, 4
1348395.778201, 4
1348395.798661, 4
1348395.819124, 4
1348395.839584, 4
1348395.860006, 4
1348395.880466, 4
1348395.900925, 4
1348395.921392, 4
1348395.941881, 4
1348395.962360, 4
1348395.982827, 4
1348396.003293, 4
1348396.023763, 4
1348396.044272, 4
1348396.065000, 4
1348396.085462, 4
1348396.105923, 4
1348396.126387, 4
1348396.146849, 4
1348396.167311, 4
1348396.187771, 4
1348396.208236, 4
1348396.228724, 4
1348396.249188, 4
1348396.269651, 4
1348396.290112, 4
1348396.310575, 4
1348396.331042, 4
1348396.351506, 4
1348396.371968, 4
1348396.392430, 4
1348396.412897, 4
1348396.433385, 4
1348396.453871, 4
1348396.474571, 4
1348396.495034, 4
1348396.515496, 4
1348396.535957, 4
1348396.556422, 4
1348396.576883, 4
1348396.597344, 4
1348396.617803, 4
1348396.638263, 4
1348396.658726, 4
1348396.679187, 4
1348396.699646, 4
1348396.720107, 4
1348396.740566, 4
1348396.761048, 4
1348396.781510, 4
1348396.801969, 4
1348396.822431, 4
1348396.842890, 4
1348396.863353, 4
1348396.883815, 4
1348396.904279, 4
1348396.924739, 4
1348396.945349, 4
1348396.965840, 4
1348396.986306, 4
1348397.006768, 4
1348397.027228, 4
1348397.047689, 4
1348397.068149, 4
1348397.088610, 4
1348397.109070, 4
1348397.129531, 4
1348397.149991, 4
1348397.170451, 4
1348397.216197, 4
1348397.236658, 4
1348397.257118, 4
1348397.277578, 4
1348397.298038, 4
1348397.318498, 4
1348397.338961, 4
1348397.359642, 4
1348397.380103, 4
1348397.400563, 4
1348397.421022, 4
1348397.441481, 4
1348397.461941, 4
1348397.482400, 4
1348397.502859, 4
1348397.523318, 4
1348397.543778, 4
1348397.564239, 4
1348397.584698, 4
1348397.605158, 4
1348397.625617, 4
1348397.646077, 4
1348397.666537, 4
1348397.686997, 4
1348397.707458, 4
1348397.727919, 4
1348397.748379, 4
1348397.768839, 4
1348397.789304, 4
1348397.809764, 4
1348397.830409, 4
1348397.850869, 4
1348397.871330, 4
1348397.891793, 4
1348397.912256, 4
1348397.932716, 4
1348397.953181, 4
1348397.973681, 4
1348397.994149, 4
1348398.014611, 4
1348398.035073, 4
1348398.055534, 4
1348398.075996, 4
1348398.096466, 4
1348398.116928, 4
1348398.137388, 4
1348398.157848, 4
1348398.178309, 4
1348398.198768, 4
1348398.219228, 4
1348398.239690, 4
1348398.260150, 4
1348398.280609, 4
1348398.301210, 4
1348398.321671, 4
1348398.342130, 4
1348398.362593, 4
1348398.383056, 4
1348398.403517, 4
1348398.423983, 4
1348398.444445, 4
1348398.464905, 4
1348398.485365, 4
1348398.505833, 4
1348398.526299, 4
1348398.546759, 4
1348398.567219, 4
1348398.587679, 4
1348398.608140, 4
1348398.628604, 4
1348398.649066, 4
1348398.669526, 4
1348398.689986, 4
1348398.710448, 4
1348398.730910, 4
1348398.751370, 4
1348398.771831, 4
1348398.792293, 4
1348398.812752, 4
1348398.833361, 4
1348398.853825, 4
1348398.874316, 4
1348398.894789, 4
1348398.915253, 4
1348398.935719, 4
1348398.956189, 4
1348398.976650, 4
1348398.997116, 4
1348399.017611, 4
1348399.038081, 4
1348399.058544, 4
1348399.079005, 4
1348399.099465, 4
1348399.119927, 4
1348399.140392, 4
1348399.160853, 4
1348399.181316, 4
1348399.201776, 4
1348399.222237, 4
1348399.242701, 4
1348399.263163, 4
1348399.283624, 4
1348399.304292, 4
1348399.324753, 4
1348399.345215, 4
1348399.365676, 4
1348399.386139, 4
1348399.406600, 4
1348399.427060, 4
1348399.447520, 4
1348399.467983, 4
1348399.488446, 4
1348399.508907, 4
1348399.529367, 4
1348399.549828, 4
1348399.570291, 4
1348399.590751, 4
1348399.611211, 4
1348399.631670, 4
1348399.652133, 4
1348399.672597, 4
1348399.693057, 4
1348399.713520, 4
1348399.733980, 4
1348399.754439, 4
1348399.775119, 4
1348399.795579, 4
1348399.816007, 4
1348399.836467, 4
1348399.856927, 4
1348399.877388, 4
1348399.897848, 4
1348399.918309, 4
1348399.938768, 4
1348399.959227, 4
1348399.979689, 4
1348400.000149, 4
1348400.020648, 4
1348400.041150, 4
1348400.061655, 4
1348400.082132, 4
1348400.102604, 4
1348400.123073, 4
1348400.143535, 4
1348400.163997, 4
1348400.184698, 4
1348400.205159, 4
1348400.225618, 4
1348400.246082, 4
1348400.266543, 4
1348400.287005, 4
1348400.307465, 4
1348400.327925, 4
1348400.348390, 4
1348400.368855, 4
1348400.389317, 4
1348400.409782, 4
1348400.430246, 4
1348400.450708, 4
1348400.471174, 4
1348400.491635, 4
1348400.512097, 4
1348400.532611, 4
1348400.553086, 4
1348400.573551, 4
1348400.594276, 4
1348400.614738, 4
1348400.635200, 4
1348400.655661, 4
1348400.676123, 4
1348400.696588, 4
1348400.717048, 4
1348400.737509, 4
1348400.757970, 4
1348400.778428, 4
1348400.798889, 4
1348400.819352, 4
1348400.839813, 4
1348400.860280, 4
1348400.880741, 4
1348400.901203, 4
1348400.921667, 4
1348400.942129, 4
1348400.962591, 4
1348400.983050, 4
1348401.003510, 4
1348401.023975, 4
1348401.044442, 4
1348401.065134, 4
1348401.085624, 4
1348401.106097, 4
1348401.126562, 4
1348401.147027, 4
1348401.167486, 4
1348401.187947, 4
1348401.208407, 4
1348401.228866, 4
1348401.249329, 4
1348401.269788, 4
1348401.290246, 4
1348401.310707, 4
1348401.331165, 4
1348401.351627, 4
1348401.372087, 4
1348401.392547, 4
1348401.413009, 4
1348401.433470, 4
1348401.453953, 4
1348401.474682, 4
1348401.495142, 4
1348401.515600, 4
1348401.536064, 4
1348401.556525, 4
1348401.576992, 4
1348401.597464, 4
1348401.617930, 4
1348401.638391, 4
1348401.658850, 4
1348401.679310, 4
1348401.699770, 4
1348401.720235, 4
1348401.740714, 4
1348401.761187, 4
1348401.781647, 4
1348401.802105, 4
1348401.822567, 4
1348401.843026, 4
1348401.863484, 4
1348401.883943, 4
1348401.904402, 4
1348401.924861, 4
1348401.945461, 4
1348401.965921, 4
1348401.986380, 4
1348402.006839, 4
1348402.027297, 4
1348402.047756, 4
1348402.068220, 4
1348402.088717, 4
1348402.109195, 4
1348402.129661, 4
1348402.150128, 4
1348402.170588, 4
1348402.193337, 4
1348402.213814, 4
1348402.234273, 4
1348402.254732, 4
1348402.275191, 4
1348402.295650, 4
1348402.316111, 4
1348402.336571, 4
1348402.357033, 4
1348402.377492, 4
1348402.397952, 4
1348402.418414, 4
1348402.438876, 4
1348402.459337, 4
1348402.479797, 4
1348402.500267, 4
1348402.520727, 4
1348402.541188, 4
1348402.561658, 4
1348402.582117, 4
1348402.602576, 4
1348402.623036, 4
1348402.643495, 4
1348402.663954, 4
1348402.684645, 4
1348402.705104, 4
1348402.725563, 4
1348402.746031, 4
1348402.766491, 4
1348402.786950, 4
1348402.807408, 4
1348402.827870, 4
1348402.848331, 4
1348402.868790, 4
1348402.889248, 4
1348402.909710, 4
1348402.930170, 4
1348402.950632, 4
1348402.971092, 4
1348402.991551, 4
1348403.012004, 4
1348403.032466, 4
1348403.052928, 4
1348403.073387, 4
1348403.093852, 4
1348403.114340, 4
1348403.134840, 4
1348403.155533, 4
1348403.176008, 4
1348403.196477, 4
1348403.216938, 4
1348403.237401, 4
1348403.257865, 4
1348403.278326, 4
1348403.298789, 4
1348403.319251, 4
1348403.339712, 4
1348403.360181, 4
1348403.380643, 4
1348403.401105, 4
1348403.421567, 4
1348403.442030, 4
1348403.462491, 4
1348403.482955, 4
1348403.503418, 4
1348403.523885, 4
1348403.544353, 4
1348403.565094, 4
1348403.585554, 4
1348403.606014, 4
1348403.626478, 4
1348403.646938, 4
1348403.667399, 4
1348403.687859, 4
1348403.708325, 4
1348403.728811, 4
1348403.749276, 4
1348403.769739, 4
1348403.790199, 4
1348403.810660, 4
1348403.831124, 4
1348403.851596, 4
1348403.872065, 4
1348403.892526, 4
1348403.912995, 4
1348403.933458, 4
1348403.953918, 4
1348403.974380, 4
1348403.994840, 4
1348404.015305, 4
1348404.035931, 4
1348404.056402, 4
1348404.076868, 4
1348404.097330, 4
1348404.117799, 4
1348404.138270, 4
1348404.158730, 4
1348404.179190, 4
1348404.199651, 4
1348404.220112, 4
1348404.240572, 4
1348404.261033, 4
1348404.281493, 4
1348404.301952, 4
1348404.322419, 4
1348404.342921, 4
1348404.363393, 4
1348404.383866, 4
1348404.404329, 4
1348404.424794, 4
1348404.445524, 4
1348404.465991, 4
1348404.486457, 4
1348404.506919, 4
1348404.527380, 4
1348404.547843, 4
1348404.568305, 4
1348404.588765, 4
1348404.609224, 4
1348404.629684, 4
1348404.650144, 4
1348404.670607, 4
1348404.691067, 4
1348404.711526, 4
1348404.731988, 4
1348404.752449, 4
1348404.772916, 4
1348404.793379, 4
1348404.813842, 4
1348404.834302, 4
1348404.854763, 4
1348404.875223, 4
1348404.895681, 4
1348404.916279, 4
1348404.936738, 4
1348404.957199, 4
1348404.977662, 4
1348404.998121, 4
1348405.018580, 4
1348405.039040, 4
1348405.059501, 4
1348405.079959, 4
1348405.100419, 4
1348405.120884, 4
1348405.141373, 4
1348405.161870, 4
1348405.182367, 4
1348405.202864, 4
1348405.223339, 4
1348405.243804, 4
1348405.264278, 4
1348405.284743, 4
1348405.305204, 4
1348405.325872, 4
1348405.346335, 4
1348405.366795, 4
1348405.387259, 4
1348405.407719, 4
1348405.428187, 4
1348405.448649, 4
1348405.469109, 4
1348405.489572, 4
1348405.510032, 4
1348405.530494, 4
1348405.550954, 4
1348405.571414, 4
1348405.591877, 4
1348405.612346, 4
1348405.632806, 4
1348405.653267, 4
1348405.673729, 4
1348405.694192, 4
1348405.714652, 4
1348405.735114, 4
1348405.755574, 4
1348405.776008, 4
1348405.796658, 4
1348405.817119, 4
1348405.837578, 4
1348405.858038, 4
1348405.878498, 4
1348405.898957, 4
1348405.919417, 4
1348405.939876, 4
1348405.960343, 4
1348405.980802, 4
1348406.001262, 4
1348406.021722, 4
1348406.042181, 4
1348406.062641, 4
1348406.083100, 4
1348406.103575, 4
1348406.124006, 4
1348406.144470, 4
1348406.164932, 4
1348406.185393, 4
1348406.205856, 4
1348406.226319, 4
1348406.246779, 4
1348406.267445, 4
1348406.287905, 4
1348406.308367, 4
1348406.328831, 4
1348406.349291, 4
1348406.369751, 4
1348406.390210, 4
1348406.410672, 4
1348406.431135, 4
1348406.451597, 4
1348406.472066, 4
1348406.492528, 4
1348406.512990, 4
1348406.533453, 4
1348406.553916, 4
1348406.574377, 4
1348406.594836, 4
1348406.615298, 4
1348406.635761, 4
1348406.656223, 4
1348406.676684, 4
1348406.697143, 4
1348406.717603, 4
1348406.738271, 4
1348406.758732, 4
1348406.779198, 4
1348406.799660, 4
1348406.820123, 4
1348406.840586, 4
1348406.861047, 4
1348406.881507, 4
1348406.901970, 4
1348406.922460, 4
1348406.942956, 4
1348406.963454, 4
1348406.983950, 4
1348407.004452, 4
1348407.024963, 4
1348407.045435, 4
1348407.065898, 4
1348407.086362, 4
1348407.106823, 4
1348407.127284, 4
1348407.147866, 4
1348407.168329, 4
1348407.188796, 4
1348407.219852, 4
1348407.240345, 4
1348407.260899, 4
1348407.281370, 4
1348407.301835, 4
1348407.322300, 4
1348407.342761, 4
1348407.363221, 4
1348407.383684, 4
1348407.404146, 4
1348407.424608, 4
1348407.445071, 4
1348407.465531, 4
1348407.485991, 4
1348407.506452, 4
1348407.526911, 4
1348407.547374, 4
1348407.567834, 4
1348407.588300, 4
1348407.608765, 4
1348407.629225, 4
1348407.649685, 4
1348407.670148, 4
1348407.690611, 4
1348407.711072, 4
1348407.731654, 4
1348407.752113, 4
1348407.772572, 4
1348407.793035, 4
1348407.813494, 4
1348407.833954, 4
1348407.854413, 4
1348407.874872, 4
1348407.895332, 4
1348407.915790, 4
1348407.936250, 4
1348407.956708, 4
1348407.977167, 4
1348407.997626, 4
1348408.018085, 4
1348408.038545, 4
1348408.059004, 4
1348408.079472, 4
1348408.099931, 4
1348408.120389, 4
1348408.140849, 4
1348408.161308, 4
1348408.181767, 4
1348408.202463, 4
1348408.222954, 4
1348408.243419, 4
1348408.263883, 4
1348408.284350, 4
1348408.304809, 4
1348408.325271, 4
1348408.345731, 4
1348408.366193, 4
1348408.386653, 4
1348408.407113, 4
1348408.427581, 4
1348408.448006, 4
1348408.468465, 4
1348408.488923, 4
1348408.509382, 4
1348408.529847, 4
1348408.550309, 4
1348408.570769, 4
1348408.591229, 4
1348408.611691, 4
1348408.632155, 4
1348408.652616, 4
1348408.673256, 4
1348408.693715, 4
1348408.714176, 4
1348408.734639, 4
1348408.755098, 4
1348408.775557, 4
1348408.796005, 4
1348408.816464, 4
1348408.836924, 4
1348408.857383, 4
1348408.877842, 4
1348408.898304, 4
1348408.918763, 4
1348408.939221, 4
1348408.959681, 4
1348408.980140, 4
1348409.000599, 4
1348409.021059, 4
1348409.041523, 4
1348409.061986, 4
1348409.082448, 4
1348409.102907, 4
1348409.123367, 4
1348409.144004, 4
1348409.164467, 4
1348409.184926, 4
1348409.205386, 4
1348409.225850, 4
1348409.246341, 4
1348409.266810, 4
1348409.287273, 4
1348409.307734, 4
1348409.328199, 4
1348409.348660, 4
1348409.369122, 4
1348409.389581, 4
1348409.410049, 4
1348409.430511, 4
1348409.450972, 4
1348409.471433, 4
1348409.491895, 4
1348409.512360, 4
1348409.532820, 4
1348409.553281, 4
1348409.573744, 4
1348409.594203, 4
1348409.614834, 4
1348409.635294, 4
1348409.655753, 4
1348409.676215, 4
1348409.696675, 4
1348409.717134, 4
1348409.737597, 4
1348409.758055, 4
1348409.778513, 4
1348409.798973, 4
1348409.819432, 4
1348409.839891, 4
1348409.860356, 4
1348409.880814, 4
1348409.901277, 4
1348409.921736, 4
1348409.942194, 4
1348409.962658, 4
1348409.983117, 4
1348410.003574, 4
1348410.024004, 4
1348410.044464, 4
1348410.064922, 4
1348410.085647, 4
1348410.106105, 4
1348410.126564, 4
1348410.147023, 4
1348410.167482, 4
1348410.187941, 4
1348410.208401, 4
1348410.228859, 4
1348410.249324, 4
1348410.269815, 4
1348410.290282, 4
1348410.310746, 4
1348410.331209, 4
1348410.351668, 4
1348410.372129, 4
1348410.392597, 4
1348410.413059, 4
1348410.433520, 4
1348410.453980, 4
1348410.474438, 4
1348410.494899, 4
1348410.515365, 4
1348410.535825, 4
1348410.556475, 4
1348410.576935, 4
1348410.597396, 4
1348410.617859, 4
1348410.638324, 4
1348410.658785, 4
1348410.679245, 4
1348410.699705, 4
1348410.720166, 4
1348410.740627, 4
1348410.761089, 4
1348410.781565, 4
1348410.802028, 4
1348410.822490, 4
1348410.842948, 4
1348410.863407, 4
1348410.883867, 4
1348410.904329, 4
1348410.924791, 4
1348410.945250, 4
1348410.965711, 4
1348410.986170, 4
1348411.006631, 4
1348411.027299, 4
1348411.047758, 4
1348411.068217, 4
1348411.088676, 4
1348411.109134, 4
1348411.129593, 4
1348411.150052, 4
1348411.170511, 4
1348411.190969, 4
1348411.211428, 4
1348411.231887, 4
1348411.252353, 4
1348411.272817, 4
1348411.293313, 4
1348411.313781, 4
1348411.334246, 4
1348411.354710, 4
1348411.375181, 4
1348411.395676, 4
1348411.416174, 4
1348411.436686, 4
1348411.457158, 4
1348411.477622, 4
1348411.498252, 4
1348411.518714, 4
1348411.539176, 4
1348411.559641, 4
1348411.580106, 4
1348411.600569, 4
1348411.621033, 4
1348411.641495, 4
1348411.661960, 4
1348411.682423, 4
1348411.702884, 4
1348411.723345, 4
1348411.743805, 4
1348411.764277, 4
1348411.784747, 4
1348411.805208, 4
1348411.825668, 4
1348411.846130, 4
1348411.866594, 4
1348411.887055, 4
1348411.907516, 4
1348411.927977, 4
1348411.948438, 4
1348411.969047, 4
1348411.989509, 4
1348412.009973, 4
1348412.030455, 4
1348412.050925, 4
1348412.071388, 4
1348412.091853, 4
1348412.112316, 4
1348412.132775, 4
1348412.153235, 4
1348412.173695, 4
1348412.221113, 4
1348412.241575, 4
1348412.262036, 4
1348412.282499, 4
1348412.302964, 4
1348412.323459, 4
1348412.343927, 4
1348412.364512, 4
1348412.384977, 4
1348412.405441, 4
1348412.425903, 4
1348412.446371, 4
1348412.466831, 4
1348412.487292, 4
1348412.507757, 4
1348412.528221, 4
1348412.548682, 4
1348412.569142, 4
1348412.589602, 4
1348412.610067, 4
1348412.630528, 4
1348412.650993, 4
1348412.671485, 4
1348412.691978, 4
1348412.712489, 4
1348412.732965, 4
1348412.753428, 4
1348412.774132, 4
1348412.794594, 4
1348412.815058, 4
1348412.835555, 4
1348412.856010, 4
1348412.876498, 4
1348412.896981, 4
1348412.917478, 4
1348412.937978, 4
1348412.958475, 4
1348412.978973, 4
1348412.999474, 4
1348413.019953, 4
1348413.040422, 4
1348413.060888, 4
1348413.081350, 4
1348413.101812, 4
1348413.122545, 4
1348413.143006, 4
1348413.163466, 4
1348413.183929, 4
1348413.204390, 4
1348413.224850, 4
1348413.245310, 4
1348413.265770, 4
1348413.286231, 4
1348413.306691, 4
1348413.327154, 4
1348413.347661, 4
1348413.368161, 4
1348413.388630, 4
1348413.409094, 4
1348413.429556, 4
1348413.450017, 4
1348413.470478, 4
1348413.490937, 4
1348413.511399, 4
1348413.532166, 4
1348413.552626, 4
1348413.573088, 4
1348413.593551, 4
1348413.614012, 4
1348413.634474, 4
1348413.654935, 4
1348413.675396, 4
1348413.695858, 4
1348413.716360, 4
1348413.736856, 4
1348413.757339, 4
1348413.777837, 4
1348413.798320, 4
1348413.818830, 4
1348413.839316, 4
1348413.859785, 4
1348413.880249, 4
1348413.900710, 4
1348413.921171, 4
1348413.941765, 4
1348413.962230, 4
1348413.982690, 4
1348414.003150, 4
1348414.023609, 4
1348414.044075, 4
1348414.064538, 4
1348414.084998, 4
1348414.105458, 4
1348414.125917, 4
1348414.146376, 4
1348414.166838, 4
1348414.187297, 4
1348414.207756, 4
1348414.228218, 4
1348414.248677, 4
1348414.269137, 4
1348414.289609, 4
1348414.310069, 4
1348414.330528, 4
1348414.350990, 4
1348414.371448, 4
1348414.391908, 4
1348414.412598, 4
1348414.433056, 4
1348414.453516, 4
1348414.473975, 4
1348414.494433, 4
1348414.514892, 4
1348414.535351, 4
1348414.555809, 4
1348414.576274, 4
1348414.596736, 4
1348414.617195, 4
1348414.637654, 4
1348414.658116, 4
1348414.678574, 4
1348414.699033, 4
1348414.719494, 4
1348414.739953, 4
1348414.760423, 4
1348414.780886, 4
1348414.801346, 4
1348414.821809, 4
1348414.842277, 4
1348414.862736, 4
1348414.883418, 4
1348414.903878, 4
1348414.924349, 4
1348414.944811, 4
1348414.965270, 4
1348414.985729, 4
1348415.006190, 4
1348415.026651, 4
1348415.047110, 4
1348415.067569, 4
1348415.088004, 4
1348415.108464, 4
1348415.128923, 4
1348415.149383, 4
1348415.169845, 4
1348415.190304, 4
1348415.210762, 4
1348415.231225, 4
1348415.251684, 4
1348415.272143, 4
1348415.292603, 4
1348415.313062, 4
1348415.333523, 4
1348415.354252, 4
1348415.374713, 4
1348415.395206, 4
1348415.415709, 4
1348415.436186, 4
1348415.456663, 4
1348415.477127, 4
1348415.497589, 4
1348415.518048, 4
1348415.538515, 4
1348415.558975, 4
1348415.579434, 4
1348415.599893, 4
1348415.620360, 4
1348415.640823, 4
1348415.661282, 4
1348415.681740, 4
1348415.702200, 4
1348415.722660, 4
1348415.743119, 4
1348415.763854, 4
1348415.784319, 4
1348415.804778, 4
1348415.825237, 4
1348415.845703, 4
1348415.866163, 4
1348415.886623, 4
1348415.907082, 4
1348415.927541, 4
1348415.948005, 4
1348415.968464, 4
1348415.988923, 4
1348416.009386, 4
1348416.029844, 4
1348416.050306, 4
1348416.070767, 4
1348416.091226, 4
1348416.111685, 4
1348416.132145, 4
1348416.152607, 4
1348416.173068, 4
1348416.193528, 4
1348416.213986, 4
1348416.234666, 4
1348416.255124, 4
1348416.275587, 4
1348416.296005, 4
1348416.316465, 4
1348416.336924, 4
1348416.357383, 4
1348416.377844, 4
1348416.398314, 4
1348416.418811, 4
1348416.439305, 4
1348416.459772, 4
1348416.480242, 4
1348416.500705, 4
1348416.521184, 4
1348416.541647, 4
1348416.562109, 4
1348416.582579, 4
1348416.603040, 4
1348416.623499, 4
1348416.643959, 4
1348416.664422, 4
1348416.684882, 4
1348416.705474, 4
1348416.725936, 4
1348416.746395, 4
1348416.766854, 4
1348416.787314, 4
1348416.807774, 4
1348416.828237, 4
1348416.848697, 4
1348416.869163, 4
1348416.889626, 4
1348416.910085, 4
1348416.930546, 4
1348416.951007, 4
1348416.971467, 4
1348416.991927, 4
1348417.012388, 4
1348417.032848, 4
1348417.053311, 4
1348417.073771, 4
1348417.094229, 4
1348417.114689, 4
1348417.135149, 4
1348417.155608, 4
1348417.176289, 4
1348417.225954, 4
1348417.246424, 4
1348417.266883, 4
1348417.287342, 4
1348417.307802, 4
1348417.328270, 4
1348417.348729, 4
1348417.369333, 4
1348417.389792, 4
1348417.410251, 4
1348417.430714, 4
1348417.451201, 4
1348417.471669, 4
1348417.492134, 4
1348417.512595, 4
1348417.533057, 4
1348417.553517, 4
1348417.573976, 4
1348417.594436, 4
1348417.614896, 4
1348417.635356, 4
1348417.655815, 4
1348417.676277, 4
1348417.696737, 4
1348417.717197, 4
1348417.737656, 4
1348417.758119, 4
1348417.778580, 4
1348417.799042, 4
1348417.819503, 4
1348417.840155, 4
1348417.860616, 4
1348417.881076, 4
1348417.901535, 4
1348417.921998, 4
1348417.942458, 4
1348417.962917, 4
1348417.983376, 4
1348418.003836, 4
1348418.024298, 4
1348418.044764, 4
1348418.065225, 4
1348418.085688, 4
1348418.106147, 4
1348418.126608, 4
1348418.147071, 4
1348418.167531, 4
1348418.187993, 4
1348418.208461, 4
1348418.228921, 4
1348418.249388, 4
1348418.269847, 4
1348418.290307, 4
1348418.310947, 4
1348418.331407, 4
1348418.351866, 4
1348418.372327, 4
1348418.392788, 4
1348418.413251, 4
1348418.433716, 4
1348418.454221, 4
1348418.474696, 4
1348418.495160, 4
1348418.515620, 4
1348418.536096, 4
1348418.556558, 4
1348418.577017, 4
1348418.597479, 4
1348418.617939, 4
1348418.638400, 4
1348418.658870, 4
1348418.679330, 4
1348418.699789, 4
1348418.720263, 4
1348418.740726, 4
1348418.761188, 4
1348418.781764, 4
1348418.802224, 4
1348418.822684, 4
1348418.843145, 4
1348418.863605, 4
1348418.884082, 4
1348418.904545, 4
1348418.925007, 4
1348418.945467, 4
1348418.965927, 4
1348418.986387, 4
1348419.006848, 4
1348419.027307, 4
1348419.047767, 4
1348419.068227, 4
1348419.088687, 4
1348419.109145, 4
1348419.129607, 4
1348419.150065, 4
1348419.170524, 4
1348419.190986, 4
1348419.211446, 4
1348419.231905, 4
1348419.252583, 4
1348419.273046, 4
1348419.293505, 4
1348419.313964, 4
1348419.334426, 4
1348419.354886, 4
1348419.375345, 4
1348419.395810, 4
1348419.416312, 4
1348419.436788, 4
1348419.457250, 4
1348419.477720, 4
1348419.498187, 4
1348419.518677, 4
1348419.539146, 4
1348419.559609, 4
1348419.580075, 4
1348419.600537, 4
1348419.621000, 4
1348419.641460, 4
1348419.662216, 4
1348419.682676, 4
1348419.703135, 4
1348419.723596, 4
1348419.744060, 4
1348419.764520, 4
1348419.784980, 4
1348419.805439, 4
1348419.825914, 4
1348419.846375, 4
1348419.866836, 4
1348419.887295, 4
1348419.907755, 4
1348419.928215, 4
1348419.948678, 4
1348419.969138, 4
1348419.989596, 4
1348420.010061, 4
1348420.030520, 4
1348420.050985, 4
1348420.071447, 4
1348420.091907, 4
1348420.112368, 4
1348420.133044, 4
1348420.153519, 4
1348420.173981, 4
1348420.194441, 4
1348420.214903, 4
1348420.235365, 4
1348420.255825, 4
1348420.276285, 4
1348420.296744, 4
1348420.317204, 4
1348420.337665, 4
1348420.358125, 4
1348420.378585, 4
1348420.399045, 4
1348420.419505, 4
1348420.439968, 4
1348420.460434, 4
1348420.480894, 4
1348420.501367, 4
1348420.521861, 4
1348420.542331, 4
1348420.562796, 4
1348420.583256, 4
1348420.603846, 4
1348420.624306, 4
1348420.644768, 4
1348420.665228, 4
1348420.685687, 4
1348420.706148, 4
1348420.726612, 4
1348420.747073, 4
1348420.767534, 4
1348420.787995, 4
1348420.808465, 4
1348420.828922, 4
1348420.849382, 4
1348420.869845, 4
1348420.890312, 4
1348420.910773, 4
1348420.931234, 4
1348420.951696, 4
1348420.972159, 4
1348420.992619, 4
1348421.013080, 4
1348421.033541, 4
1348421.054000, 4
1348421.074662, 4
1348421.095121, 4
1348421.115580, 4
1348421.136005, 4
1348421.156465, 4
1348421.176924, 4
1348421.197385, 4
1348421.217843, 4
1348421.238305, 4
1348421.258764, 4
1348421.279223, 4
1348421.299682, 4
1348421.320141, 4
1348421.340600, 4
1348421.361059, 4
1348421.381518, 4
1348421.401977, 4
1348421.422436, 4
1348421.442895, 4
1348421.463355, 4
1348421.483814, 4
1348421.504280, 4
1348421.524745, 4
1348421.545523, 4
1348421.565990, 4
1348421.586454, 4
1348421.606919, 4
1348421.627379, 4
1348421.647839, 4
1348421.668300, 4
1348421.688760, 4
1348421.709222, 4
1348421.729682, 4
1348421.750142, 4
1348421.770602, 4
1348421.791063, 4
1348421.811522, 4
1348421.831991, 4
1348421.852462, 4
1348421.872922, 4
1348421.893394, 4
1348421.913855, 4
1348421.934318, 4
1348421.954781, 4
1348421.975241, 4
1348421.995704, 4
1348422.016293, 4
1348422.036756, 4
1348422.057216, 4
1348422.077676, 4
1348422.098142, 4
1348422.118600, 4
1348422.139060, 4
1348422.159520, 4
1348422.179979, 4
1348422.230670, 4
1348422.251132, 4
1348422.271592, 4
1348422.292008, 4
1348422.312469, 4
1348422.332930, 4
1348422.353388, 4
1348422.374105, 4
1348422.394568, 4
1348422.415031, 4
1348422.435491, 4
1348422.455950, 4
1348422.476409, 4
1348422.496869, 4
1348422.517329, 4
1348422.537788, 4
1348422.558254, 4
1348422.578716, 4
1348422.599177, 4
1348422.619637, 4
1348422.640098, 4
1348422.660556, 4
1348422.681015, 4
1348422.701475, 4
1348422.721936, 4
1348422.742395, 4
1348422.762855, 4
1348422.783316, 4
1348422.803776, 4
1348422.824237, 4
1348422.844924, 4
1348422.865383, 4
1348422.885845, 4
1348422.906344, 4
1348422.926841, 4
1348422.947340, 4
1348422.967838, 4
1348422.988334, 4
1348423.008835, 4
1348423.029332, 4
1348423.049831, 4
1348423.070330, 4
1348423.090800, 4
1348423.111265, 4
1348423.131730, 4
1348423.152199, 4
1348423.172659, 4
1348423.193349, 4
1348423.213809, 4
1348423.234268, 4
1348423.254728, 4
1348423.275187, 4
1348423.295647, 4
1348423.316107, 4
1348423.336566, 4
1348423.357029, 4
1348423.377489, 4
1348423.397951, 4
1348423.418412, 4
1348423.438872, 4
1348423.459332, 4
1348423.479793, 4
1348423.500253, 4
1348423.520715, 4
1348423.541178, 4
1348423.561644, 4
1348423.582130, 4
1348423.602606, 4
1348423.623068, 4
1348423.643534, 4
1348423.664211, 4
1348423.684672, 4
1348423.705131, 4
1348423.725590, 4
1348423.746052, 4
1348423.766512, 4
1348423.786971, 4
1348423.807431, 4
1348423.827890, 4
1348423.848358, 4
1348423.868817, 4
1348423.889277, 4
1348423.909735, 4
1348423.930194, 4
1348423.950654, 4
1348423.971115, 4
1348423.991576, 4
1348424.012006, 4
1348424.032464, 4
1348424.052924, 4
1348424.073388, 4
1348424.093848, 4
1348424.114307, 4
1348424.135024, 4
1348424.155488, 4
1348424.175973, 4
1348424.196468, 4
1348424.216970, 4
1348424.237468, 4
1348424.257965, 4
1348424.278462, 4
1348424.298958, 4
1348424.319455, 4
1348424.339952, 4
1348424.360479, 4
1348424.380953, 4
1348424.401418, 4
1348424.421883, 4
1348424.442344, 4
1348424.462805, 4
1348424.483413, 4
1348424.503877, 4
1348424.524345, 4
1348424.544807, 4
1348424.565267, 4
1348424.585733, 4
1348424.606231, 4
1348424.626710, 4
1348424.647183, 4
1348424.667649, 4
1348424.688111, 4
1348424.708578, 4
1348424.729039, 4
1348424.749500, 4
1348424.769963, 4
1348424.790423, 4
1348424.810888, 4
1348424.831351, 4
1348424.851831, 4
1348424.872297, 4
1348424.893013, 4
1348424.913476, 4
1348424.933942, 4
1348424.954405, 4
1348424.974865, 4
1348424.995328, 4
1348425.015792, 4
1348425.036254, 4
1348425.056715, 4
1348425.077176, 4
1348425.097636, 4
1348425.118101, 4
1348425.138562, 4
1348425.159023, 4
1348425.179483, 4
1348425.199943, 4
1348425.220406, 4
1348425.240870, 4
1348425.261331, 4
1348425.281791, 4
1348425.302252, 4
1348425.322715, 4
1348425.343175, 4
1348425.363866, 4
1348425.384329, 4
1348425.404789, 4
1348425.425251, 4
1348425.445711, 4
1348425.466170, 4
1348425.486631, 4
1348425.507090, 4
1348425.527553, 4
1348425.548005, 4
1348425.568466, 4
1348425.588928, 4
1348425.609391, 4
1348425.629881, 4
1348425.650407, 4
1348425.670895, 4
1348425.691364, 4
1348425.711828, 4
1348425.732289, 4
1348425.752749, 4
1348425.773461, 4
1348425.793920, 4
1348425.814380, 4
1348425.834840, 4
1348425.855300, 4
1348425.875760, 4
1348425.896222, 4
1348425.916682, 4
1348425.937142, 4
1348425.957601, 4
1348425.978065, 4
1348425.998526, 4
1348426.018986, 4
1348426.039447, 4
1348426.059907, 4
1348426.080368, 4
1348426.100828, 4
1348426.121296, 4
1348426.141756, 4
1348426.162216, 4
1348426.182677, 4
1348426.203135, 4
1348426.223595, 4
1348426.244282, 4
1348426.264740, 4
1348426.285199, 4
1348426.305658, 4
1348426.326116, 4
1348426.346578, 4
1348426.367037, 4
1348426.387496, 4
1348426.407955, 4
1348426.428417, 4
1348426.448876, 4
1348426.469334, 4
1348426.489796, 4
1348426.510254, 4
1348426.530715, 4
1348426.551174, 4
1348426.571632, 4
1348426.592094, 4
1348426.612555, 4
1348426.633018, 4
1348426.653507, 4
1348426.673973, 4
1348426.694436, 4
1348426.715113, 4
1348426.735573, 4
1348426.756006, 4
1348426.776471, 4
1348426.796930, 4
1348426.817390, 4
1348426.837850, 4
1348426.858308, 4
1348426.878767, 4
1348426.899225, 4
1348426.919690, 4
1348426.940193, 4
1348426.960659, 4
1348426.981125, 4
1348427.001585, 4
1348427.022045, 4
1348427.042507, 4
1348427.062970, 4
1348427.083430, 4
1348427.103889, 4
1348427.124356, 4
1348427.144815, 4
1348427.165275, 4
1348427.185938, 4
1348427.235547, 4
1348427.256004, 4
1348427.276464, 4
1348427.296923, 4
1348427.317384, 4
1348427.337844, 4
1348427.358302, 4
1348427.378975, 4
1348427.399436, 4
1348427.419894, 4
1348427.440356, 4
1348427.460814, 4
1348427.481272, 4
1348427.501731, 4
1348427.522190, 4
1348427.542648, 4
1348427.563107, 4
1348427.583565, 4
1348427.604004, 4
1348427.624464, 4
1348427.644926, 4
1348427.665390, 4
1348427.685873, 4
1348427.706338, 4
1348427.726810, 4
1348427.747271, 4
1348427.767730, 4
1348427.788201, 4
1348427.808661, 4
1348427.829120, 4
1348427.849808, 4
1348427.870268, 4
1348427.890726, 4
1348427.911185, 4
1348427.931645, 4
1348427.952107, 4
1348427.972565, 4
1348427.993024, 4
1348428.013538, 4
1348428.034001, 4
1348428.054462, 4
1348428.074921, 4
1348428.095381, 4
1348428.115840, 4
1348428.136299, 4
1348428.156758, 4
1348428.177216, 4
1348428.197676, 4
1348428.218137, 4
1348428.238597, 4
1348428.259057, 4
1348428.279516, 4
1348428.299975, 4
1348428.320623, 4
1348428.341081, 4
1348428.361540, 4
1348428.382002, 4
1348428.402463, 4
1348428.422924, 4
1348428.443386, 4
1348428.463846, 4
1348428.484307, 4
1348428.504766, 4
1348428.525226, 4
1348428.545697, 4
1348428.566156, 4
1348428.586615, 4
1348428.607074, 4
1348428.627533, 4
1348428.647991, 4
1348428.668456, 4
1348428.688915, 4
1348428.709382, 4
1348428.729843, 4
1348428.750303, 4
1348428.770761, 4
1348428.791440, 4
1348428.811899, 4
1348428.832362, 4
1348428.852821, 4
1348428.873279, 4
1348428.893738, 4
1348428.914204, 4
1348428.934685, 4
1348428.955158, 4
1348428.975623, 4
1348428.996086, 4
1348429.016547, 4
1348429.037008, 4
1348429.057468, 4
1348429.077928, 4
1348429.098388, 4
1348429.118848, 4
1348429.139308, 4
1348429.159767, 4
1348429.180228, 4
1348429.200687, 4
1348429.221147, 4
1348429.241606, 4
1348429.262286, 4
1348429.282745, 4
1348429.303204, 4
1348429.323662, 4
1348429.344123, 4
1348429.364581, 4
1348429.385044, 4
1348429.405503, 4
1348429.425961, 4
1348429.446420, 4
1348429.466879, 4
1348429.487337, 4
1348429.507802, 4
1348429.528317, 4
1348429.548788, 4
1348429.569250, 4
1348429.589711, 4
1348429.610176, 4
1348429.630636, 4
1348429.651096, 4
1348429.671557, 4
1348429.692006, 4
1348429.712471, 4
1348429.733117, 4
1348429.753579, 4
1348429.774039, 4
1348429.794497, 4
1348429.814957, 4
1348429.835417, 4
1348429.855875, 4
1348429.876341, 4
1348429.896803, 4
1348429.917263, 4
1348429.937723, 4
1348429.958184, 4
1348429.978643, 4
1348429.999106, 4
1348430.019567, 4
1348430.040005, 4
1348430.060466, 4
1348430.080937, 4
1348430.101397, 4
1348430.121860, 4
1348430.142327, 4
1348430.162787, 4
1348430.183246, 4
1348430.203934, 4
1348430.224396, 4
1348430.244855, 4
1348430.265314, 4
1348430.285775, 4
1348430.306238, 4
1348430.326700, 4
1348430.347160, 4
1348430.367619, 4
1348430.388084, 4
1348430.408543, 4
1348430.429009, 4
1348430.449468, 4
1348430.469929, 4
1348430.490390, 4
1348430.510850, 4
1348430.531314, 4
1348430.551776, 4
1348430.572237, 4
1348430.592699, 4
1348430.613158, 4
1348430.633618, 4
1348430.654080, 4
1348430.674737, 4
1348430.695196, 4
1348430.715655, 4
1348430.736117, 4
1348430.756581, 4
1348430.777040, 4
1348430.797499, 4
1348430.817957, 4
1348430.838415, 4
1348430.858873, 4
1348430.879333, 4
1348430.899792, 4
1348430.920257, 4
1348430.940761, 4
1348430.961249, 4
1348430.981744, 4
1348431.002240, 4
1348431.022740, 4
1348431.043210, 4
1348431.063676, 4
1348431.084352, 4
1348431.104812, 4
1348431.125270, 4
1348431.145730, 4
1348431.166190, 4
1348431.186651, 4
1348431.207110, 4
1348431.227569, 4
1348431.248004, 4
1348431.268462, 4
1348431.288921, 4
1348431.309380, 4
1348431.329838, 4
1348431.350296, 4
1348431.370754, 4
1348431.391213, 4
1348431.411672, 4
1348431.432133, 4
1348431.452592, 4
1348431.473051, 4
1348431.493510, 4
1348431.513969, 4
1348431.534427, 4
1348431.555157, 4
1348431.575615, 4
1348431.596078, 4
1348431.616537, 4
1348431.636994, 4
1348431.657452, 4
1348431.677911, 4
1348431.698369, 4
1348431.718833, 4
1348431.739382, 4
1348431.759865, 4
1348431.780377, 4
1348431.800856, 4
1348431.821402, 4
1348431.841984, 4
1348431.862515, 4
1348431.883044, 4
1348431.903562, 4
1348431.924092, 4
1348431.944595, 4
1348431.965064, 4
1348431.985556, 4
1348432.006035, 4
1348432.026503, 4
1348432.046965, 4
1348432.067422, 4
1348432.087878, 4
1348432.108347, 4
1348432.128804, 4
1348432.149258, 4
1348432.169712, 4
1348432.190166, 4
1348432.210630, 4
1348432.231112, 4
1348432.251662, 4
1348432.272177, 4
1348432.292669, 4
1348432.313153, 4
1348432.333649, 4
1348432.354117, 4
1348432.374584, 4
1348432.395045, 4
1348432.415517, 4
1348432.435984, 4
1348432.456476, 4
1348432.476957, 4
1348432.497437, 4
1348432.517901, 4
1348432.538360, 4
1348432.558816, 4
1348432.579271, 4
1348432.599735, 4
1348432.620196, 4
1348432.640653, 4
1348432.661109, 4
1348432.681564, 4
1348432.702026, 4
1348432.722509, 4
1348432.742993, 4
1348432.763469, 4
1348432.783937, 4
1348432.804409, 4
1348432.824878, 4
1348432.845342, 4
1348432.865806, 4
1348432.886269, 4
1348432.906733, 4
1348432.927201, 4
1348432.947694, 4
1348432.968187, 4
1348432.988661, 4
1348433.009125, 4
1348433.029590, 4
1348433.050053, 4
1348433.070513, 4
1348433.090974, 4
1348433.111437, 4
1348433.131901, 4
1348433.152363, 4
1348433.172827, 4
1348433.193293, 4
1348433.213781, 4
1348433.234252, 4
1348433.254716, 4
1348433.275178, 4
1348433.295639, 4
1348433.316101, 4
1348433.336564, 4
1348433.357025, 4
1348433.377485, 4
1348433.397946, 4
1348433.418406, 4
